timestamp,normalized_raw,rate_raw,envelope_raw,mean_raw,variance_raw,energy_raw,normalized_lms,rate_lms,envelope_lms,mean_lms,variance_lms,energy_lms
1736290.0,0.06148,90.02794,0.32385,-0.08605,0.13205,0.00378,0.15603,22.40088,0.27306,-0.00718,0.09502,0.02435
1736295.0,-0.46163,-104.62209,0.33763,-0.0898,0.13211,0.2131,-0.07299,-45.80514,0.25305,-0.00784,0.09411,0.00533
1736300.0,0.42416,177.15753,0.34628,-0.08466,0.13338,0.17991,0.89344,193.28598,0.31709,0.00118,0.10113,0.79823
1736305.0,0.28833,-27.16544,0.34049,-0.08093,0.13341,0.08313,0.46107,-86.47283,0.33149,0.00578,0.10219,0.21259
1736310.0,-0.11798,-81.26244,0.31824,-0.0813,0.13209,0.01392,0.29639,-32.93702,0.32798,0.00868,0.102,0.08785
1736315.0,0.23234,70.06475,0.30965,-0.07817,0.13173,0.05398,0.35099,10.91991,0.33028,0.01211,0.10213,0.12319
1736320.0,-0.23968,-94.40395,0.30265,-0.07978,0.13067,0.05745,0.16891,-36.41602,0.31414,0.01367,0.10135,0.02853
1736325.0,0.55219,158.37379,0.32761,-0.07346,0.13328,0.30492,0.57655,81.52893,0.34038,0.0193,0.10344,0.33241
1736330.0,0.25879,-58.6797,0.32072,-0.07014,0.13302,0.06697,0.11866,-91.5778,0.31821,0.0203,0.1025,0.01408
1736335.0,-0.00313,-52.3849,0.28896,-0.06947,0.13174,1e-05,0.17277,10.82231,0.30367,0.02182,0.1017,0.02985
1736340.0,0.26333,53.29272,0.2864,-0.06614,0.13151,0.06934,0.1689,-0.77499,0.29019,0.02329,0.1009,0.02853
1736345.0,-0.07105,-66.87692,0.26487,-0.06619,0.13019,0.00505,0.14653,-4.47379,0.27582,0.02452,0.10004,0.02147
1736350.0,0.70343,154.89601,0.30872,-0.0585,0.13469,0.49481,0.5986,90.41411,0.3081,0.03026,0.10227,0.35832
1736355.0,0.39187,-62.31068,0.31704,-0.05399,0.13534,0.15357,0.17826,-84.06821,0.29512,0.03174,0.10146,0.03178
1736360.0,0.25679,-27.01605,0.31101,-0.05088,0.13493,0.06594,0.36652,37.6527,0.30226,0.03509,0.10154,0.13434
1736365.0,0.42254,33.14973,0.32217,-0.04615,0.13578,0.17854,0.26929,-19.4456,0.29896,0.03743,0.10107,0.07252
1736370.0,-0.0749,-99.42973,0.29744,-0.04644,0.13443,0.00561,0.09259,-35.31872,0.27833,0.03799,0.10008,0.00857
1736375.0,0.41345,97.67171,0.30904,-0.04184,0.13516,0.17094,0.26632,34.74485,0.27712,0.04027,0.09959,0.07093
1736380.0,-0.0838,-99.44993,0.28652,-0.04226,0.13382,0.00702,-0.33302,-119.86716,0.28271,0.03654,0.09996,0.1109
1736385.0,-0.1684,-16.92179,0.27471,-0.04352,0.13264,0.02836,-0.13166,40.27087,0.26761,0.03485,0.09924,0.01733
1736390.0,-0.02832,28.01729,0.25007,-0.04337,0.13131,0.0008,-0.2039,-14.44736,0.26124,0.03247,0.09881,0.04157
1736395.0,-0.62167,-118.6711,0.28723,-0.04915,0.13328,0.38648,-0.4715,-53.52105,0.28226,0.02743,0.10031,0.22232
1736400.0,-0.0004,124.25488,0.25854,-0.04866,0.13197,0.0,-0.12174,69.95384,0.26621,0.02594,0.09952,0.01482
1736405.0,-0.38104,-76.12918,0.27079,-0.05199,0.13173,0.1452,-0.56558,-88.76852,0.29615,0.02002,0.10196,0.31988
1736410.0,-0.28854,18.50167,0.27257,-0.05435,0.13096,0.08325,-0.19463,74.18861,0.286,0.01787,0.10139,0.03788
1736415.0,-0.13378,30.95127,0.25869,-0.05515,0.12972,0.0179,-0.25869,-12.8113,0.28327,0.01511,0.10113,0.06692
1736420.0,-0.57173,-87.58909,0.28999,-0.06031,0.13103,0.32687,-0.37688,-23.63871,0.29263,0.01119,0.10162,0.14204
1736425.0,0.04689,123.72343,0.26568,-0.05924,0.12984,0.0022,-0.07755,59.86615,0.27112,0.0103,0.10068,0.00601
1736430.0,-0.33851,-77.08056,0.27297,-0.06203,0.1293,0.11459,-0.14374,-13.23745,0.25838,0.00876,0.09991,0.02066
1736435.0,-0.03284,61.13363,0.24895,-0.06174,0.12802,0.00108,0.35494,99.73579,0.26804,0.01222,0.10008,0.12598
1736440.0,0.02334,11.2371,0.22639,-0.06089,0.12681,0.00054,0.11759,-47.47027,0.25299,0.01328,0.09919,0.01383
1736445.0,-0.43192,-91.0517,0.24695,-0.0646,0.12689,0.18655,-0.08421,-40.3598,0.23611,0.0123,0.09829,0.00709
1736450.0,0.10143,106.66827,0.23239,-0.06294,0.12589,0.01029,0.11233,39.30872,0.22374,0.0133,0.09741,0.01262
1736455.0,-0.50696,-121.67751,0.25985,-0.06738,0.12656,0.25701,-0.18962,-60.38972,0.22032,0.01127,0.09684,0.03595
1736460.0,0.25232,151.85648,0.2591,-0.06418,0.1263,0.06367,0.6592,169.76273,0.26421,0.01775,0.09998,0.43454
1736465.0,0.06123,-38.21746,0.23931,-0.06293,0.12519,0.00375,0.17288,-97.26301,0.25508,0.0193,0.09922,0.02989
1736470.0,-0.39875,-91.99619,0.25525,-0.06629,0.12505,0.159,-0.03607,-41.78943,0.23318,0.01875,0.09826,0.0013
1736475.0,-0.08453,62.84402,0.23818,-0.06647,0.1238,0.00714,-0.06003,-4.79373,0.21586,0.01796,0.09734,0.0036
1736480.0,-0.6011,-103.31476,0.27447,-0.07182,0.12536,0.36132,-0.3155,-51.09397,0.22583,0.01463,0.09745,0.09954
1736485.0,0.3159,183.40012,0.27862,-0.06794,0.12558,0.09979,0.64943,192.98759,0.26819,0.02097,0.10043,0.42176
1736490.0,0.33576,3.97317,0.28433,-0.0639,0.12592,0.11274,0.4208,-45.72587,0.28345,0.02497,0.10099,0.17708
1736495.0,-0.08216,-83.58546,0.26411,-0.06408,0.12467,0.00675,0.29837,-24.48772,0.28494,0.02771,0.10071,0.08902
1736500.0,0.19849,56.12985,0.25755,-0.06146,0.1241,0.0394,0.23703,-12.2667,0.28015,0.0298,0.10013,0.05618
1736505.0,-0.27767,-95.23051,0.25956,-0.06362,0.12331,0.0771,0.01926,-43.55463,0.25406,0.02969,0.09913,0.00037
1736510.0,0.60587,176.70622,0.29419,-0.05693,0.12647,0.36707,0.52058,100.26363,0.28071,0.0346,0.1005,0.271
1736515.0,0.37551,-46.07154,0.30232,-0.0526,0.12704,0.14101,0.13096,-77.92403,0.26574,0.03557,0.09959,0.01715
1736520.0,0.02423,-70.25629,0.27451,-0.05183,0.12583,0.00059,0.11059,-4.07277,0.25022,0.03632,0.09865,0.01223
1736525.0,0.29308,53.77052,0.27637,-0.04838,0.12574,0.08589,0.1114,0.16243,0.23634,0.03707,0.09772,0.01241
1736530.0,-0.26831,-112.27796,0.27557,-0.05058,0.12495,0.07199,-0.12329,-46.93851,0.22504,0.03546,0.09699,0.0152
1736535.0,0.54246,162.15456,0.30225,-0.04465,0.12715,0.29426,0.3648,97.61689,0.23901,0.03876,0.09709,0.13308
1736540.0,0.24472,-59.54777,0.2965,-0.04176,0.1267,0.05989,-0.12442,-97.84414,0.22755,0.03713,0.09638,0.01548
1736545.0,-0.09398,-67.73989,0.27625,-0.04228,0.12546,0.00883,-0.16037,-7.18827,0.22083,0.03515,0.0958,0.02572
1736550.0,0.18767,56.32894,0.26739,-0.03998,0.12472,0.03522,-0.13018,6.03677,0.21177,0.0335,0.0951,0.01695
1736555.0,-0.14524,-66.58238,0.25518,-0.04103,0.12358,0.0211,-0.12226,1.58383,0.20282,0.03194,0.09439,0.01495
1736560.0,0.58036,145.1214,0.28769,-0.03482,0.12613,0.33682,0.25177,74.8055,0.20771,0.03414,0.09392,0.06339
1736565.0,0.49633,-16.80626,0.30856,-0.02951,0.12764,0.24635,-0.00905,-52.16203,0.18785,0.03371,0.093,8e-05
1736570.0,0.20161,-58.94393,0.29786,-0.0272,0.12688,0.04065,0.0149,4.78946,0.17055,0.03352,0.09207,0.00022
1736575.0,0.45053,49.78294,0.31313,-0.02242,0.12785,0.20297,0.02608,2.23637,0.1561,0.03344,0.09115,0.00068
1736580.0,-0.20598,-131.30217,0.30242,-0.02426,0.1269,0.04243,-0.31598,-68.41201,0.17209,0.02995,0.09144,0.09984
1736585.0,0.52647,146.49063,0.32482,-0.01875,0.12861,0.27717,0.08001,79.19671,0.16288,0.03045,0.09055,0.0064
1736590.0,0.22702,-59.88882,0.31504,-0.01629,0.12791,0.05154,-0.38006,-92.01425,0.1846,0.02635,0.0913,0.14445
1736595.0,-0.11355,-68.11417,0.29489,-0.01726,0.12673,0.01289,-0.34458,7.09741,0.2006,0.02264,0.09173,0.11873
1736600.0,0.09605,41.91989,0.27501,-0.01613,0.12559,0.00923,-0.36599,-4.28218,0.21714,0.01875,0.09229,0.13395
1736605.0,-0.45067,-109.34516,0.29257,-0.02048,0.12618,0.20311,-0.59239,-45.27962,0.25466,0.01264,0.09503,0.35092
1736610.0,0.23644,137.4222,0.28696,-0.01791,0.12557,0.0559,-0.23655,71.16802,0.25285,0.01015,0.09469,0.05595
1736615.0,-0.10556,-68.3988,0.26882,-0.01878,0.12439,0.01114,-0.6909,-90.87091,0.29666,0.00314,0.09856,0.47734
1736620.0,-0.19007,-16.90384,0.26095,-0.0205,0.12343,0.03613,-0.44455,49.2707,0.31144,-0.00134,0.09954,0.19762
1736625.0,-0.11827,14.3611,0.24668,-0.02147,0.12229,0.01399,-0.59845,-30.77992,0.34015,-0.00731,0.10204,0.35814
1736630.0,-0.5689,-90.12677,0.2789,-0.02695,0.124,0.32365,-0.6816,-16.62982,0.37429,-0.01405,0.10547,0.46457
1736635.0,0.13338,140.45758,0.26435,-0.02535,0.12301,0.01779,-0.22601,91.11773,0.35946,-0.01617,0.10486,0.05108
1736640.0,-0.19737,-66.15036,0.25765,-0.02707,0.12207,0.03895,-0.68006,-90.81149,0.39152,-0.02281,0.10813,0.46249
1736645.0,-0.27122,-14.77046,0.25901,-0.02951,0.12144,0.07356,-0.47521,40.97062,0.39989,-0.02734,0.10905,0.22583
1736650.0,0.03161,60.56593,0.23627,-0.0289,0.12026,0.001,-0.40479,14.08398,0.40038,-0.03111,0.10936,0.16386
1736655.0,-0.43558,-93.43821,0.2562,-0.03296,0.12068,0.18973,-0.50686,-20.41387,0.41103,-0.03587,0.11048,0.25691
1736660.0,0.18082,123.27956,0.24866,-0.03082,0.11992,0.03269,-0.18345,64.68114,0.38827,-0.03734,0.10959,0.03366
1736665.0,-0.22898,-81.9593,0.24669,-0.03281,0.11911,0.05243,-0.58371,-80.05193,0.40782,-0.04281,0.11142,0.34072
1736670.0,-0.15124,15.54777,0.23715,-0.03399,0.11805,0.02287,-0.24065,68.61308,0.3911,-0.04479,0.11069,0.05791
1736675.0,-0.00789,28.67009,0.21422,-0.03373,0.11688,6e-05,-0.33998,-19.86533,0.38599,-0.04774,0.11044,0.11558
1736680.0,-0.47131,-92.68328,0.23993,-0.03811,0.11759,0.22213,-0.49112,-30.22887,0.3965,-0.05217,0.11126,0.2412
1736685.0,0.15108,124.47655,0.23104,-0.03621,0.11676,0.02282,-0.21047,56.13082,0.3779,-0.05376,0.1104,0.0443
1736690.0,-0.25576,-81.36672,0.23352,-0.03841,0.11607,0.06541,-0.30191,-18.28956,0.3703,-0.05624,0.10989,0.09115
1736695.0,0.19586,90.32371,0.22975,-0.03607,0.11544,0.03836,0.37922,136.22618,0.37119,-0.05188,0.11065,0.14381
1736700.0,0.08007,-23.15892,0.21478,-0.03491,0.11442,0.00641,-0.00667,-77.17843,0.33474,-0.05143,0.10957,4e-05
1736705.0,-0.31966,-79.94612,0.22527,-0.03775,0.11407,0.10218,-0.12049,-22.76395,0.31331,-0.05212,0.10852,0.01452
1736710.0,0.13957,91.84749,0.2167,-0.03598,0.11324,0.01948,-0.026,18.8982,0.28458,-0.05186,0.10744,0.00068
1736715.0,-0.341,-96.11377,0.22913,-0.03903,0.11302,0.11628,-0.21111,-37.02127,0.27724,-0.05345,0.10661,0.04457
1736720.0,0.2696,122.1184,0.23318,-0.03594,0.11282,0.07268,0.52126,146.47417,0.30164,-0.04771,0.10879,0.27171
1736725.0,0.14574,-24.77221,0.22443,-0.03413,0.11202,0.02124,0.0752,-89.21163,0.27899,-0.04648,0.10785,0.00566
1736730.0,-0.262,-81.54626,0.22819,-0.03641,0.11141,0.06864,-0.04804,-24.64771,0.2559,-0.04649,0.10677,0.00231
1736735.0,0.11777,75.95409,0.21715,-0.03486,0.11052,0.01387,0.00869,11.34592,0.23118,-0.04594,0.10573,8e-05
1736740.0,-0.43588,-110.73089,0.23902,-0.03887,0.111,0.18999,-0.25461,-52.66036,0.23352,-0.04803,0.1051,0.06483
1736745.0,0.40979,169.1335,0.2561,-0.03439,0.11186,0.16793,0.13523,77.96696,0.22369,-0.04619,0.10438,0.01829
1736750.0,0.19607,-42.74431,0.25009,-0.03208,0.11126,0.03844,-0.25582,-78.20914,0.2269,-0.04829,0.10376,0.06544
1736755.0,-0.0692,-53.05368,0.23201,-0.03245,0.11016,0.00479,-0.19556,12.05198,0.22377,-0.04976,0.10294,0.03824
1736760.0,0.2903,71.90057,0.23783,-0.02923,0.11008,0.08427,-0.12213,14.68561,0.21361,-0.05049,0.10196,0.01492
1736765.0,-0.20928,-99.91718,0.23498,-0.03103,0.1093,0.0438,-0.2974,-35.05336,0.22199,-0.05296,0.10154,0.08845
1736770.0,0.61316,164.48984,0.2728,-0.02458,0.11227,0.37597,0.18657,96.79453,0.21844,-0.05056,0.10109,0.03481
1736775.0,0.37612,-47.40931,0.28313,-0.02058,0.11272,0.14146,-0.16636,-70.58603,0.21324,-0.05172,0.10021,0.02767
1736780.0,0.08969,-57.28544,0.26379,-0.01947,0.11171,0.00804,-0.11512,10.24637,0.20342,-0.05235,0.09924,0.01325
1736785.0,0.35697,53.45667,0.2731,-0.01571,0.11199,0.12743,-0.12373,-1.72036,0.19545,-0.05307,0.0983,0.01531
1736790.0,-0.15225,-101.84521,0.26102,-0.01708,0.11105,0.02318,-0.25475,-26.20539,0.20138,-0.05508,0.09772,0.0649
1736795.0,0.58996,148.44185,0.29391,-0.01101,0.11355,0.34805,0.19622,90.19432,0.20087,-0.05257,0.09736,0.0385
1736800.0,0.27894,-62.20338,0.29242,-0.00811,0.11324,0.07781,-0.27624,-94.49136,0.2084,-0.05481,0.09688,0.07631
1736805.0,0.07612,-40.56348,0.27079,-0.00726,0.11218,0.00579,-0.18242,18.76409,0.20581,-0.05608,0.09607,0.03328
1736810.0,0.26955,38.68475,0.27066,-0.0045,0.1118,0.07266,-0.25725,-14.9658,0.21095,-0.05809,0.0955,0.06618
1736815.0,-0.45717,-145.3441,0.28931,-0.00902,0.1127,0.20901,-0.59584,-67.71817,0.24944,-0.06347,0.09738,0.35502
1736820.0,0.31919,155.27365,0.2923,-0.00574,0.11262,0.10189,-0.14982,89.20374,0.23948,-0.06434,0.09648,0.02245
1736825.0,-0.03853,-71.54409,0.26692,-0.00607,0.11151,0.00148,-0.65861,-101.75909,0.28139,-0.07028,0.09898,0.43377
1736830.0,-0.35754,-63.80252,0.27599,-0.00958,0.1116,0.12783,-0.62562,6.59868,0.31581,-0.07583,0.10101,0.3914
1736835.0,-0.11627,48.25347,0.26001,-0.01065,0.1106,0.01352,-0.60607,3.90928,0.34484,-0.08113,0.10276,0.36733
1736840.0,-0.5769,-92.1253,0.2917,-0.01631,0.11264,0.33281,-0.68204,-15.19268,0.37856,-0.08714,0.10527,0.46517
1736845.0,0.13991,143.36247,0.27652,-0.01475,0.11175,0.01958,-0.29737,76.93383,0.37044,-0.08925,0.10465,0.08843
1736850.0,-0.27338,-82.659,0.27621,-0.01734,0.11129,0.07474,-0.81872,-104.27065,0.41527,-0.09654,0.10882,0.6703
1736855.0,-0.26566,1.54375,0.27515,-0.01982,0.11078,0.07058,-0.46758,70.22749,0.4205,-0.10025,0.10908,0.21863
1736860.0,-0.03277,46.57889,0.25092,-0.01995,0.10967,0.00107,-0.46244,1.02934,0.42469,-0.10387,0.10927,0.21385
1736865.0,-0.50263,-93.97318,0.27609,-0.02478,0.11086,0.25264,-0.59597,-26.70614,0.44182,-0.10879,0.11055,0.35518
1736870.0,0.13336,127.19933,0.26182,-0.02319,0.11,0.01779,-0.29178,60.83667,0.42682,-0.11062,0.10978,0.08514
1736875.0,-0.27928,-82.5277,0.26356,-0.02576,0.10954,0.07799,-0.32413,-6.46887,0.41655,-0.11276,0.10912,0.10506
1736880.0,0.03159,62.17292,0.24036,-0.02518,0.10848,0.001,0.18585,101.9964,0.39348,-0.10977,0.10891,0.03454
1736885.0,0.08249,10.18085,0.22458,-0.02411,0.1075,0.00681,-0.07236,-51.6424,0.36137,-0.1094,0.10783,0.00524
1736890.0,-0.40054,-96.60582,0.24217,-0.02787,0.10782,0.16043,-0.2476,-35.04731,0.34999,-0.11078,0.10694,0.0613
1736895.0,0.15075,110.25658,0.23303,-0.02608,0.10705,0.02272,-0.01015,47.48908,0.31601,-0.10977,0.10597,0.0001
1736900.0,-0.26436,-83.02191,0.23616,-0.02847,0.10654,0.06989,-0.07276,-12.52239,0.29168,-0.1094,0.10492,0.00529
1736905.0,0.19717,92.30607,0.23226,-0.02621,0.10597,0.03888,0.51646,117.84499,0.31416,-0.10314,0.10771,0.26673
1736910.0,0.15484,-8.46633,0.22452,-0.0244,0.10523,0.02397,0.19134,-65.02535,0.30188,-0.1002,0.10749,0.03661
1736915.0,-0.33707,-98.38167,0.23578,-0.02753,0.10514,0.11362,-0.01336,-40.93999,0.27303,-0.09933,0.10649,0.00018
1736920.0,0.13299,94.01157,0.2255,-0.02592,0.10434,0.01769,0.12363,27.39862,0.25809,-0.0971,0.10591,0.01528
1736925.0,-0.35682,-97.96114,0.23863,-0.02923,0.10437,0.12732,-0.07401,-39.52775,0.23968,-0.09687,0.10485,0.00548
1736930.0,0.64651,200.66591,0.27942,-0.02247,0.1078,0.41798,1.0,214.80186,0.31571,-0.0859,0.1156,1.0
1736935.0,0.78257,27.21152,0.32973,-0.01442,0.11308,0.61241,0.84742,-30.51622,0.36888,-0.07657,0.12298,0.71812
1736940.0,0.29632,-97.24969,0.32639,-0.01131,0.11289,0.08781,0.60565,-48.35348,0.39256,-0.06975,0.12631,0.36681
1736945.0,0.6972,80.17681,0.36347,-0.00423,0.11668,0.48609,0.62497,3.86448,0.4158,-0.0628,0.12978,0.39059
1736950.0,0.21882,-95.67606,0.34901,-0.002,0.116,0.04788,0.44893,-35.20808,0.41911,-0.05768,0.13105,0.20154
1736955.0,1.0,156.2354,0.41411,0.00802,0.12468,1.0,0.91766,93.74445,0.46897,-0.04793,0.13906,0.84209
1736960.0,0.79881,-40.23749,0.45258,0.01593,0.12957,0.6381,0.52438,-78.65445,0.47451,-0.04221,0.14088,0.27498
1736965.0,0.33786,-92.18961,0.44111,0.01915,0.12929,0.11415,0.35722,-33.4335,0.46278,-0.03821,0.14104,0.1276
1736970.0,0.55845,44.11611,0.45284,0.02454,0.13084,0.31186,0.34225,-2.99302,0.45073,-0.03441,0.14104,0.11714
1736975.0,0.05206,-101.27748,0.41276,0.02482,0.12954,0.00271,0.16474,-35.50241,0.42213,-0.03242,0.14002,0.02714
1736980.0,0.86566,162.72139,0.45805,0.03322,0.13518,0.74938,0.70638,108.32752,0.45055,-0.02503,0.14397,0.49897
1736985.0,0.53555,-66.02242,0.4658,0.03825,0.1363,0.28682,0.18831,-103.61417,0.42433,-0.02289,0.14298,0.03546
1736990.0,0.24062,-58.98628,0.44328,0.04027,0.13534,0.0579,0.20055,2.44976,0.40195,-0.02066,0.14204,0.04022
1736995.0,0.39975,31.82487,0.43893,0.04387,0.13525,0.1598,0.12852,-14.406,0.37461,-0.01917,0.14083,0.01652
1737000.0,-0.09263,-98.47446,0.4043,0.0425,0.13408,0.00858,-0.02752,-31.20976,0.3399,-0.01925,0.13943,0.00076
1737005.0,0.52537,123.60001,0.41641,0.04733,0.13502,0.27602,0.3174,68.98572,0.33765,-0.01589,0.13914,0.10075
1737010.0,0.3005,-44.97423,0.40482,0.04986,0.1343,0.0903,-0.04451,-72.38261,0.30834,-0.01617,0.13776,0.00198
1737015.0,0.09966,-40.16885,0.3743,0.05036,0.13298,0.00993,0.06519,21.93898,0.28402,-0.01536,0.13645,0.00425
1737020.0,0.27331,34.73103,0.3642,0.05259,0.13214,0.0747,0.00728,-11.58074,0.25635,-0.01513,0.13509,5e-05
1737025.0,-0.20757,-96.17593,0.34854,0.04999,0.13148,0.04308,-0.17956,-37.36921,0.24867,-0.01678,0.134,0.03224
1737030.0,0.35279,112.07205,0.34896,0.05302,0.13107,0.12446,0.10978,57.86951,0.23478,-0.01551,0.13282,0.01205
1737035.0,-0.06663,-83.88445,0.32073,0.05182,0.1299,0.00444,0.02784,-16.38835,0.21409,-0.01508,0.13151,0.00078
1737040.0,-0.08706,-4.08546,0.29736,0.05043,0.12879,0.00758,0.18891,32.21375,0.21157,-0.01304,0.1306,0.03569
1737045.0,-0.03444,10.52332,0.27107,0.04958,0.12757,0.00119,-0.07185,-52.15155,0.1976,-0.01362,0.12933,0.00516
1737050.0,-0.41221,-75.55392,0.28518,0.04496,0.12838,0.16992,-0.17772,-21.17474,0.19561,-0.01527,0.1283,0.03158
1737055.0,0.17196,116.83393,0.27386,0.04623,0.12726,0.02957,0.11203,57.94912,0.18725,-0.01399,0.12718,0.01255
1737060.0,-0.29921,-94.23501,0.2764,0.04278,0.12715,0.08953,-0.08684,-39.77382,0.17721,-0.01472,0.12596,0.00754
1737065.0,-0.08112,43.6194,0.25687,0.04154,0.12603,0.00658,0.26275,69.91814,0.18576,-0.01195,0.12545,0.06904
1737070.0,-0.02838,10.5473,0.23402,0.04084,0.12482,0.00081,-0.00667,-53.88295,0.16785,-0.01189,0.1242,4e-05
1737075.0,-0.54904,-104.13256,0.26552,0.03494,0.12698,0.30145,-0.26621,-51.90785,0.17769,-0.01444,0.12359,0.07087
1737080.0,-0.01888,106.03207,0.24086,0.0344,0.12574,0.00036,-0.08286,36.66882,0.16821,-0.01512,0.1224,0.00687
1737085.0,-0.25639,-47.50043,0.24241,0.0315,0.12531,0.06573,-0.04133,8.30583,0.15552,-0.01538,0.12118,0.00171
1737090.0,0.24275,99.82767,0.24245,0.03361,0.1245,0.05893,0.64072,136.41161,0.20404,-0.00882,0.12419,0.41053
1737095.0,0.18995,-10.56122,0.2372,0.03517,0.12349,0.03608,0.29978,-68.18877,0.21361,-0.00574,0.12388,0.08987
1737100.0,-0.28419,-94.82758,0.2419,0.03198,0.12326,0.08076,0.07906,-44.14495,0.20016,-0.00489,0.12271,0.00625
1737105.0,0.14734,86.30708,0.23244,0.03313,0.12215,0.02171,0.15109,14.40769,0.19525,-0.00333,0.12172,0.02283
1737110.0,-0.32248,-93.96576,0.24144,0.02958,0.12217,0.104,-0.0539,-40.99966,0.18112,-0.00383,0.12053,0.00291
1737115.0,0.39879,144.25421,0.25718,0.03327,0.12229,0.15903,0.85028,180.83701,0.24803,0.00471,0.12648,0.72298
1737120.0,0.32885,-13.98766,0.26435,0.03622,0.12192,0.10814,0.48459,-73.13877,0.27169,0.00951,0.12747,0.23482
1737125.0,-0.16177,-98.12352,0.25409,0.03424,0.12109,0.02617,0.19809,-57.29881,0.26433,0.01139,0.12654,0.03924
1737130.0,0.25709,83.77222,0.25439,0.03647,0.12036,0.0661,0.25579,11.53887,0.26347,0.01384,0.12586,0.06543
1737135.0,-0.22629,-96.67564,0.25158,0.03385,0.11983,0.05121,0.08098,-34.96221,0.24522,0.01451,0.12465,0.00656
1737140.0,0.55709,156.6757,0.28213,0.03908,0.12132,0.31035,1.0,183.80482,0.3207,0.02436,0.13292,1.0
1737145.0,0.39768,-31.88158,0.29369,0.04266,0.12137,0.15815,0.54197,-91.6052,0.34283,0.02954,0.13422,0.29374
1737150.0,-0.03087,-85.7102,0.2674,0.04193,0.12021,0.00095,0.36415,-35.5654,0.34496,0.03288,0.13397,0.1326
1737155.0,0.3023,66.63293,0.27089,0.04453,0.11967,0.09138,0.41573,10.31573,0.35204,0.03671,0.13407,0.17283
1737160.0,-0.2597,-112.39954,0.26977,0.04149,0.11938,0.06744,0.10335,-62.47452,0.32717,0.03738,0.13277,0.01068
1737165.0,0.59985,171.90906,0.30278,0.04707,0.12124,0.35981,1.0,179.32939,0.39445,0.047,0.14053,1.0
1737170.0,0.43454,-33.06137,0.31596,0.05095,0.1215,0.18882,0.55534,-88.9321,0.41054,0.05209,0.14165,0.3084
1737175.0,-3e-05,-86.91273,0.28436,0.05044,0.12031,0.0,0.37901,-35.26526,0.40739,0.05536,0.14128,0.14365
1737180.0,0.32954,65.91273,0.28888,0.05323,0.11987,0.1086,0.3806,0.31689,0.40471,0.05861,0.14091,0.14485
1737185.0,-0.1661,-99.12671,0.2766,0.05104,0.11914,0.02759,0.15201,-45.71846,0.37944,0.05954,0.13958,0.02311
1737190.0,0.68417,170.05292,0.31736,0.05737,0.12188,0.46809,0.54484,78.56636,0.39598,0.0644,0.1405,0.29685
1737195.0,0.50817,-35.19958,0.33644,0.06188,0.12265,0.25824,0.18864,-71.24038,0.37524,0.06564,0.13924,0.03558
1737200.0,0.06329,-88.97707,0.30912,0.06189,0.12143,0.00401,0.05019,-27.68979,0.34274,0.06548,0.13785,0.00252
1737205.0,0.38538,64.41898,0.31675,0.06512,0.12124,0.14852,0.08624,7.21171,0.31709,0.06569,0.13648,0.00744
1737210.0,-0.11894,-100.86501,0.29697,0.06328,0.12036,0.01415,-0.0699,-31.22934,0.29237,0.06434,0.13529,0.00489
1737215.0,0.51086,125.96077,0.31836,0.06776,0.12112,0.26098,0.21951,57.88144,0.28508,0.06589,0.13418,0.04818
1737220.0,0.13606,-74.95973,0.30013,0.06844,0.11995,0.01851,-0.31443,-106.78704,0.28802,0.06208,0.13425,0.09887
1737225.0,-0.27039,-81.28933,0.29715,0.06505,0.11988,0.07311,-0.39853,-16.82094,0.29907,0.05748,0.13499,0.15883
1737230.0,0.08811,71.69872,0.27625,0.06528,0.11868,0.00776,-0.27113,25.48126,0.29628,0.05419,0.1347,0.07351
1737235.0,-0.38545,-94.71236,0.28717,0.06078,0.11949,0.14857,-0.38801,-23.37641,0.30545,0.04977,0.13527,0.15055
1737240.0,0.41904,160.89839,0.30036,0.06436,0.11955,0.17559,0.07928,93.45855,0.28283,0.05007,0.13392,0.00629
1737245.0,0.19779,-44.25034,0.2901,0.06569,0.11853,0.03912,-0.29785,-75.42578,0.28433,0.04659,0.13377,0.08871
1737250.0,-0.21639,-82.81869,0.28273,0.06287,0.11813,0.04682,-0.38276,-16.97939,0.29418,0.04229,0.13424,0.14651
1737255.0,0.13696,70.6705,0.26815,0.06361,0.117,0.01876,-0.29777,16.99836,0.29454,0.03889,0.13403,0.08867
1737260.0,-0.34322,-96.03601,0.27566,0.05955,0.11745,0.1178,-0.45302,-31.04992,0.31038,0.03397,0.13506,0.20523
1737265.0,0.53073,174.78915,0.30117,0.06426,0.11845,0.28167,0.55899,202.40138,0.33524,0.03922,0.13641,0.31247
1737270.0,0.15188,-75.77039,0.28624,0.06513,0.11734,0.02307,-0.05442,-122.68095,0.30716,0.03829,0.13514,0.00296
1737275.0,-0.25856,-82.0874,0.28347,0.0619,0.1172,0.06685,-0.16543,-22.2022,0.29299,0.03625,0.13419,0.02737
1737280.0,0.17241,86.19459,0.27236,0.063,0.11614,0.02973,-0.03246,26.5924,0.26694,0.03556,0.13289,0.00105
1737285.0,-0.38551,-111.58379,0.28368,0.05852,0.11695,0.14862,-0.28791,-51.08945,0.26903,0.03233,0.13259,0.08289
1737290.0,0.20488,118.07728,0.2758,0.05998,0.11599,0.04198,0.46646,150.87471,0.28878,0.03667,0.13311,0.21759
1737295.0,0.15089,-10.79814,0.26331,0.06089,0.11492,0.02277,0.14636,-64.02119,0.27453,0.03777,0.1319,0.02142
1737300.0,-0.26031,-82.24023,0.26301,0.05768,0.11478,0.06776,0.01313,-26.64583,0.24839,0.03752,0.13059,0.00017
1737305.0,0.24459,100.98108,0.26117,0.05955,0.11397,0.05983,0.15552,28.47918,0.23911,0.0387,0.12942,0.02419
1737310.0,-0.24981,-98.8811,0.26003,0.05645,0.11377,0.06241,-0.05023,-41.15061,0.22022,0.03781,0.1282,0.00252
1737315.0,-0.03632,42.69789,0.23766,0.05553,0.11272,0.00132,0.32301,74.64738,0.2305,0.04066,0.12772,0.10433
1737320.0,0.00867,8.99825,0.21476,0.05506,0.11161,8e-05,0.04609,-55.38416,0.21206,0.04072,0.12644,0.00212
1737325.0,-0.46055,-93.84373,0.23934,0.0499,0.1131,0.21211,-0.14839,-38.89577,0.20569,0.03883,0.12552,0.02202
1737330.0,0.06778,105.66639,0.22218,0.05008,0.11197,0.00459,0.05406,40.48983,0.19053,0.03898,0.12427,0.00292
1737335.0,-0.33509,-80.57473,0.23347,0.04623,0.11231,0.11229,-0.15496,-41.80403,0.18697,0.03704,0.1234,0.02401
1737340.0,-0.25686,15.64552,0.23581,0.0432,0.11208,0.06598,0.13005,57.00284,0.18128,0.03797,0.12225,0.01691
1737345.0,-0.04103,43.16613,0.21634,0.04235,0.11103,0.00168,0.01654,-22.70264,0.1648,0.03775,0.12103,0.00027
1737350.0,-0.505,-92.79353,0.2452,0.03688,0.11286,0.25503,-0.1751,-38.32809,0.16583,0.03563,0.12026,0.03066
1737355.0,0.17639,136.27769,0.23832,0.03828,0.11192,0.03111,0.17397,69.81538,0.16665,0.03701,0.11925,0.03027
1737360.0,-0.09227,-53.73092,0.22372,0.03697,0.11097,0.00851,-0.28887,-92.56936,0.17887,0.03375,0.1191,0.08345
1737365.0,-0.25874,-33.29364,0.22722,0.03401,0.11072,0.06694,-0.20343,17.08946,0.18133,0.03138,0.11846,0.04138
1737370.0,-0.04151,43.44545,0.20865,0.03326,0.10967,0.00172,-0.23786,-6.88583,0.18698,0.02869,0.11798,0.05658
1737375.0,-0.50587,-92.8727,0.23837,0.02787,0.11142,0.25591,-0.35894,-24.21747,0.20418,0.02481,0.11828,0.12884
1737380.0,0.25107,151.38841,0.23964,0.0301,0.11079,0.06304,0.04088,79.96558,0.18785,0.02497,0.1171,0.00167
1737385.0,-0.09887,-69.98733,0.22556,0.02881,0.10985,0.00977,-0.47936,-104.04867,0.217,0.01993,0.11842,0.22978
1737390.0,-0.33764,-47.75474,0.23677,0.02515,0.11006,0.114,-0.40093,15.68534,0.23539,0.01572,0.11897,0.16075
1737395.0,-0.03736,60.05517,0.21683,0.02452,0.109,0.0014,-0.34077,12.03249,0.24593,0.01215,0.11903,0.11612
1737400.0,-0.50262,-93.05134,0.24541,0.01925,0.11064,0.25263,-0.44951,-21.74776,0.26629,0.00754,0.11992,0.20206
1737405.0,0.3298,166.48418,0.25385,0.02235,0.11047,0.10877,0.03461,96.82359,0.24312,0.00781,0.11873,0.0012
1737410.0,0.11793,-42.37484,0.24026,0.02331,0.10946,0.01391,-0.34068,-75.05839,0.25288,0.00432,0.11874,0.11606
1737415.0,-0.218,-67.18423,0.23803,0.0209,0.10894,0.04752,-0.30489,7.15871,0.25808,0.00123,0.11849,0.09296
1737420.0,0.21718,87.035,0.23594,0.02286,0.10822,0.04717,-0.10964,39.04941,0.24323,0.00012,0.11742,0.01202
1737425.0,-0.27683,-98.80133,0.24003,0.01986,0.10802,0.07663,-0.28555,-35.181,0.24746,-0.00273,0.11705,0.08154
1737430.0,0.60639,176.6434,0.27667,0.02573,0.11031,0.36771,0.21205,99.51995,0.24392,-0.00059,0.11633,0.04497
1737435.0,0.43717,-33.8441,0.29272,0.02984,0.11087,0.19112,-0.11047,-64.50369,0.23058,-0.00169,0.11528,0.0122
1737440.0,-0.00859,-89.15147,0.26431,0.02946,0.10977,7e-05,-0.21419,-20.74545,0.22894,-0.00381,0.11457,0.04588
1737445.0,0.25663,53.04271,0.26354,0.03173,0.10918,0.06586,-0.2153,-0.22057,0.22757,-0.00593,0.11387,0.04635
1737450.0,-0.02282,-55.88932,0.23947,0.03118,0.10812,0.00052,-0.11982,19.09459,0.2168,-0.00706,0.11285,0.01436
1737455.0,0.83369,171.30197,0.29889,0.03921,0.11335,0.69504,0.92068,208.10149,0.28719,0.00221,0.12016,0.84766
1737460.0,0.63804,-39.13001,0.3328,0.0452,0.11573,0.40709,0.4772,-88.69711,0.30619,0.00696,0.12117,0.22772
1737465.0,-0.05359,-138.32495,0.30488,0.04421,0.11467,0.00287,0.09145,-77.15016,0.28472,0.00781,0.12003,0.00836
1737470.0,0.36317,83.35116,0.31071,0.0474,0.11452,0.13189,0.20075,21.86068,0.27632,0.00974,0.11919,0.0403
1737475.0,-0.07796,-88.22607,0.28744,0.04615,0.11353,0.00608,0.10479,-19.19144,0.25917,0.01069,0.11809,0.01098
1737480.0,0.48937,113.4655,0.30763,0.05058,0.11432,0.23948,0.83182,145.40414,0.31643,0.0189,0.12352,0.69192
1737485.0,0.40341,-17.19229,0.31721,0.05411,0.1144,0.16274,0.42477,-81.40977,0.32726,0.02296,0.1239,0.18043
1737490.0,-0.04351,-89.3835,0.28984,0.05313,0.11335,0.00189,0.25984,-32.98609,0.32052,0.02533,0.12321,0.06751
1737495.0,0.44605,97.91318,0.30546,0.05706,0.11373,0.19896,0.42192,32.41657,0.33066,0.02929,0.12352,0.17802
1737500.0,-0.15439,-120.08961,0.29035,0.05494,0.11303,0.02384,0.15449,-53.48628,0.31304,0.03054,0.12244,0.02387
1737505.0,0.19923,70.72505,0.28124,0.05639,0.1121,0.03969,0.61468,92.03755,0.34321,0.03639,0.12456,0.37783
1737510.0,0.14383,-11.08019,0.2675,0.05726,0.11105,0.02069,0.22853,-77.23004,0.33174,0.03831,0.12367,0.05222
1737515.0,-0.42483,-113.73165,0.28323,0.05244,0.11222,0.18048,-0.06253,-58.21062,0.30482,0.0373,0.12254,0.00391
1737520.0,0.10713,106.39235,0.26562,0.05299,0.11113,0.01148,0.13366,39.23803,0.2877,0.03826,0.1214,0.01787
1737525.0,-0.30931,-83.289,0.26999,0.04937,0.1113,0.09567,-0.00184,-27.09963,0.25912,0.03786,0.1202,0.0
1737530.0,0.13653,89.16808,0.25664,0.05024,0.11027,0.01864,0.54843,110.05376,0.28805,0.04297,0.12156,0.30078
1737535.0,0.16251,5.19524,0.24723,0.05136,0.10929,0.02641,0.28406,-52.87442,0.28765,0.04538,0.12091,0.08069
1737540.0,-0.33489,-99.4791,0.256,0.0475,0.10966,0.11215,0.05832,-45.14882,0.26472,0.04551,0.1197,0.0034
1737545.0,0.26315,119.60752,0.25671,0.04965,0.10901,0.06925,0.27037,42.41123,0.26528,0.04776,0.119,0.0731
1737550.0,-0.17116,-86.86178,0.24816,0.04745,0.1084,0.0293,0.11857,-30.35957,0.25061,0.04846,0.11786,0.01406
1737555.0,0.26066,86.36468,0.24941,0.04958,0.10776,0.06794,0.74278,124.841,0.29983,0.05541,0.12141,0.55172
1737560.0,0.27309,2.48553,0.25178,0.05181,0.10718,0.07458,0.41185,-66.18499,0.31103,0.05897,0.12144,0.16962
1737565.0,-0.2378,-102.17776,0.25038,0.04892,0.10693,0.05655,0.17015,-48.34153,0.29694,0.06008,0.12034,0.02895
1737570.0,0.35072,117.70337,0.26041,0.05193,0.10675,0.123,0.41242,48.45383,0.30849,0.06361,0.12036,0.17009
1737575.0,-0.09459,-89.06087,0.24383,0.05047,0.10589,0.00895,0.28657,-25.16838,0.3063,0.06584,0.11964,0.08212
1737580.0,0.10548,40.01331,0.22999,0.05102,0.10486,0.01113,0.62896,68.47673,0.33856,0.07147,0.12155,0.39559
1737585.0,0.3585,50.60346,0.24284,0.05409,0.10474,0.12852,0.48397,-28.99815,0.3531,0.07559,0.122,0.23422
1737590.0,-0.16335,-104.36924,0.2349,0.05192,0.10416,0.02668,0.23196,-50.40166,0.34099,0.07716,0.12102,0.05381
1737595.0,0.49269,131.2085,0.26067,0.05633,0.10502,0.24275,0.53943,61.49432,0.36083,0.08178,0.12191,0.29099
1737600.0,0.03026,-92.48676,0.23763,0.05607,0.10398,0.00092,0.39743,-28.40006,0.36449,0.08494,0.12167,0.15795
1737605.0,0.14159,22.26696,0.22803,0.05692,0.10301,0.02005,0.65305,51.12439,0.39335,0.09062,0.12361,0.42648
1737610.0,0.24076,19.83313,0.2293,0.05876,0.10231,0.05797,0.3998,-50.65058,0.39399,0.09371,0.12331,0.15984
1737615.0,-0.27026,-102.20313,0.2334,0.05547,0.10235,0.07304,0.15421,-49.11824,0.37002,0.09431,0.12212,0.02378
1737620.0,0.32342,118.73417,0.2424,0.05815,0.10203,0.1046,0.39532,48.22135,0.37255,0.09732,0.12178,0.15627
1737625.0,-0.12213,-89.10906,0.23037,0.05635,0.10133,0.01492,0.22299,-34.46442,0.35759,0.09858,0.12072,0.04973
1737630.0,-0.06929,10.56742,0.21426,0.05509,0.10047,0.0048,0.42291,39.98362,0.36412,0.10182,0.12054,0.17885
1737635.0,0.12801,39.46008,0.20564,0.05582,0.09951,0.01639,0.26619,-31.34472,0.35433,0.10347,0.1196,0.07086
1737640.0,-0.37197,-99.99527,0.22227,0.05154,0.10031,0.13836,0.03314,-46.61016,0.32221,0.10276,0.11846,0.0011
1737645.0,0.23427,121.24782,0.22347,0.05337,0.09964,0.05488,0.24284,41.94054,0.31427,0.10417,0.11746,0.05897
1737650.0,-0.12725,-72.30488,0.21385,0.05156,0.09896,0.01619,0.15927,-16.71336,0.29877,0.10472,0.11632,0.02537
1737655.0,0.07686,40.82228,0.20015,0.05182,0.09798,0.00591,0.51304,70.75423,0.3202,0.1088,0.11679,0.26321
1737660.0,0.18359,21.34628,0.19849,0.05313,0.09717,0.0337,0.27126,-48.35712,0.31531,0.11042,0.11588,0.07358
1737665.0,-0.39891,-116.49998,0.21854,0.04861,0.0982,0.15913,-0.08183,-70.61733,0.29196,0.1085,0.11508,0.0067
1737670.0,0.2117,122.12272,0.21785,0.05024,0.09748,0.04482,0.13978,44.322,0.27674,0.10881,0.11394,0.01954
1737675.0,-0.29887,-102.11421,0.22595,0.04675,0.0977,0.08932,-0.03755,-35.46709,0.25282,0.10735,0.11301,0.00141
1737680.0,-0.22621,14.53177,0.22598,0.04402,0.09745,0.05117,0.18984,45.47979,0.24652,0.10818,0.11195,0.03604
1737685.0,-0.08576,28.08973,0.21196,0.04273,0.09664,0.00736,-0.06183,-50.3353,0.22805,0.10648,0.11111,0.00382
1737690.0,-0.63963,-110.77353,0.25473,0.0359,0.10024,0.40913,-0.33567,-54.76737,0.23882,0.10205,0.11192,0.11267
1737695.0,-0.15143,97.63908,0.2444,0.03403,0.09958,0.02293,-0.23395,20.34293,0.23833,0.09869,0.11191,0.05473
1737700.0,-0.54686,-79.08456,0.27464,0.02822,0.10189,0.29905,-0.82564,-118.33649,0.29706,0.08945,0.11916,0.68168
1737705.0,-0.36994,35.38321,0.28417,0.02424,0.10243,0.13686,-0.39263,86.60056,0.30662,0.08463,0.12025,0.15416
1737710.0,-0.2118,31.62806,0.27693,0.02188,0.10195,0.04486,-0.49153,-19.77891,0.32511,0.07887,0.1223,0.2416
1737715.0,-0.67581,-92.8028,0.31682,0.0149,0.1057,0.45672,-0.5988,-21.45395,0.35248,0.07209,0.12558,0.35856
1737720.0,-0.02929,129.30409,0.28807,0.01446,0.10466,0.00086,-0.27317,65.12646,0.34455,0.06864,0.12549,0.07462
1737725.0,-0.5129,-96.72188,0.31055,0.00919,0.10634,0.26307,-0.44762,-34.8913,0.35485,0.06348,0.12685,0.20037
1737730.0,-0.41335,19.91099,0.32083,0.00496,0.10703,0.17086,-0.12689,64.14651,0.33206,0.06157,0.12593,0.0161
1737735.0,-0.24836,32.99847,0.31358,0.00243,0.10659,0.06168,-0.25305,-25.23202,0.32416,0.05843,0.12564,0.06403
1737740.0,-0.70774,-91.87679,0.353,-0.00467,0.11046,0.5009,-0.42917,-35.22403,0.33466,0.05355,0.12672,0.18419
1737745.0,-0.05441,130.6666,0.32314,-0.00517,0.10938,0.00296,-0.16406,53.02162,0.3176,0.05137,0.12591,0.02692
1737750.0,-0.38273,-65.66386,0.3291,-0.00895,0.10969,0.14648,-0.64365,-95.91756,0.3502,0.04442,0.12939,0.41428
1737755.0,-0.37135,2.27575,0.33332,-0.01257,0.10988,0.1379,-0.3295,62.82978,0.34813,0.04068,0.12947,0.10857
1737760.0,-0.20885,32.49943,0.32088,-0.01453,0.10915,0.04362,-0.4322,-20.53931,0.35654,0.03596,0.13036,0.18679
1737765.0,-0.67202,-92.6333,0.35599,-0.02111,0.1123,0.45161,-0.58739,-31.03774,0.37962,0.02972,0.13287,0.34502
1737770.0,0.05664,145.73227,0.32606,-0.02033,0.11124,0.00321,-0.1834,80.79778,0.36,0.02759,0.13198,0.03363
1737775.0,-0.3591,-83.14898,0.32936,-0.02372,0.11125,0.12895,-0.69017,-101.35476,0.39302,0.02041,0.13571,0.47634
1737780.0,-0.27265,17.28913,0.32369,-0.02621,0.11074,0.07434,-0.29346,79.34212,0.38306,0.01728,0.13532,0.08612
1737785.0,0.03327,61.18505,0.29465,-0.02561,0.10967,0.00111,-0.29326,0.03951,0.37408,0.01417,0.13491,0.086
1737790.0,-0.45618,-97.88976,0.3108,-0.02992,0.11039,0.2081,-0.4175,-24.84753,0.37842,0.00985,0.13539,0.17431
1737795.0,0.25169,141.57446,0.30489,-0.0271,0.11006,0.06335,-0.02922,77.65603,0.3435,0.00946,0.13405,0.00085
1737800.0,0.04347,-41.6456,0.27875,-0.0264,0.10901,0.00189,-0.37238,-68.63125,0.34639,0.00564,0.13414,0.13866
1737805.0,-0.06595,-21.88301,0.25747,-0.02679,0.10794,0.00435,-0.20223,34.02977,0.33197,0.00357,0.13322,0.0409
1737810.0,0.14204,41.59873,0.24593,-0.02511,0.10714,0.02018,-0.24102,-7.75884,0.32288,0.00112,0.13248,0.05809
1737815.0,-0.36034,-100.47746,0.25737,-0.02846,0.10717,0.12985,-0.37005,-25.80629,0.3276,-0.00259,0.1325,0.13694
1737820.0,0.33877,139.82175,0.26551,-0.02479,0.10742,0.11476,0.01515,77.04118,0.29635,-0.00241,0.13118,0.00023
1737825.0,-0.03245,-74.24354,0.2422,-0.02486,0.10634,0.00105,-0.48254,-99.53844,0.31497,-0.00722,0.13213,0.23284
1737830.0,-0.13391,-20.29156,0.23137,-0.02595,0.1054,0.01793,-0.25416,45.67646,0.30889,-0.00969,0.1314,0.0646
1737835.0,0.08201,43.18417,0.21644,-0.02487,0.10446,0.00673,-0.28613,-6.39468,0.30661,-0.01245,0.13084,0.08187
1737840.0,-0.33836,-84.07467,0.22863,-0.02801,0.10438,0.11449,-0.37886,-18.54539,0.31384,-0.01611,0.13085,0.14353
1737845.0,0.51339,170.35077,0.25711,-0.02259,0.10621,0.26357,0.11515,98.80157,0.29397,-0.0148,0.12971,0.01326
1737850.0,0.27566,-47.54577,0.25896,-0.01961,0.10602,0.07599,-0.24295,-71.61972,0.28887,-0.01708,0.12892,0.05902
1737855.0,0.1401,-27.11319,0.24707,-0.01801,0.1052,0.01963,-0.03908,40.7734,0.26389,-0.0173,0.12764,0.00153
1737860.0,0.3261,37.2015,0.25498,-0.01457,0.10531,0.10634,-0.09372,-10.92772,0.24687,-0.01807,0.12642,0.00878
1737865.0,-0.27632,-120.48418,0.25711,-0.01719,0.10493,0.07635,-0.35763,-52.7814,0.25795,-0.02146,0.12628,0.1279
1737870.0,0.41608,138.48,0.27301,-0.01286,0.10572,0.17313,0.02997,77.519,0.23515,-0.02095,0.12505,0.0009
1737875.0,0.03382,-76.45195,0.24909,-0.01239,0.10469,0.00114,-0.46982,-99.95812,0.25862,-0.02544,0.12577,0.22073
1737880.0,0.07744,8.72327,0.23193,-0.01149,0.10372,0.006,-0.08909,76.14575,0.24166,-0.02607,0.12455,0.00794
1737885.0,0.27018,38.5474,0.23575,-0.00868,0.10346,0.073,-0.18238,-18.65691,0.23574,-0.02764,0.12355,0.03326
1737890.0,-0.17412,-88.86037,0.22959,-0.01033,0.10269,0.03032,-0.24033,-11.59141,0.2362,-0.02976,0.12275,0.05776
1737895.0,0.43119,121.06223,0.24975,-0.00591,0.10358,0.18592,0.10578,69.22256,0.22315,-0.02841,0.12171,0.01119
1737900.0,-0.10833,-107.90409,0.23561,-0.00694,0.10264,0.01174,-0.55376,-131.90714,0.25621,-0.03366,0.12319,0.30665
1737905.0,-0.58943,-96.21834,0.27099,-0.01276,0.10494,0.34742,-0.69144,-27.53716,0.29974,-0.04024,0.1262,0.47809
1737910.0,-0.16933,84.01959,0.26082,-0.01433,0.10413,0.02867,-0.5217,33.94822,0.32193,-0.04505,0.12721,0.27217
1737915.0,-0.64353,-94.84079,0.29909,-0.02062,0.10697,0.41413,-0.6168,-19.01959,0.35142,-0.05077,0.12914,0.38044
1737920.0,0.01529,131.76335,0.27071,-0.02026,0.10592,0.00023,-0.27181,68.99747,0.34346,-0.05298,0.12833,0.07388
1737925.0,-0.24703,-52.4639,0.26834,-0.02253,0.10536,0.06103,-0.70712,-87.0612,0.37983,-0.05952,0.13124,0.50002
1737930.0,-0.48076,-46.74551,0.28959,-0.02711,0.10636,0.23113,-0.59842,21.73978,0.40168,-0.06491,0.13278,0.35811
1737935.0,-0.22472,51.2081,0.2831,-0.02909,0.10568,0.0505,-0.58751,2.18253,0.42027,-0.07014,0.13412,0.34517
1737940.0,-0.69256,-93.56847,0.32405,-0.03572,0.10894,0.47964,-0.71822,-26.14206,0.45006,-0.07662,0.1369,0.51584
1737945.0,0.12952,164.41631,0.30459,-0.03407,0.10812,0.01677,-0.25199,93.24643,0.43025,-0.07837,0.13583,0.0635
1737950.0,-0.22179,-70.26227,0.29631,-0.03595,0.10738,0.04919,-0.7637,-102.3428,0.4636,-0.08523,0.13908,0.58324
1737955.0,-0.37993,-31.62628,0.30467,-0.03939,0.10747,0.14434,-0.56986,38.76833,0.47422,-0.09007,0.13999,0.32474
1737960.0,-0.13293,49.39905,0.2875,-0.04032,0.10648,0.01767,-0.55929,2.11385,0.48273,-0.09476,0.14075,0.3128
1737965.0,-0.61067,-95.5477,0.31982,-0.04603,0.1086,0.37292,-0.69068,-26.27826,0.50353,-0.10072,0.14282,0.47704
1737970.0,0.20561,163.25563,0.3084,-0.04351,0.10814,0.04228,-0.22363,93.41045,0.47554,-0.10195,0.14154,0.05001
1737975.0,-0.07601,-56.32463,0.28516,-0.04384,0.10707,0.00578,-0.61549,-78.37268,0.48953,-0.10709,0.14271,0.37883
1737980.0,-0.32712,-50.22107,0.28935,-0.04667,0.10678,0.10701,-0.51098,20.90261,0.49168,-0.11113,0.14288,0.2611
1737985.0,0.07106,79.63562,0.26752,-0.04549,0.10585,0.00505,-0.39725,22.74609,0.48223,-0.11399,0.14225,0.15781
1737990.0,-0.42932,-100.07504,0.2837,-0.04933,0.10624,0.18431,-0.54426,-29.40294,0.48844,-0.11829,0.14265,0.29622
1737995.0,0.36971,159.80539,0.2923,-0.04514,0.1069,0.13669,-0.04442,99.96788,0.44404,-0.11755,0.14127,0.00197
1738000.0,0.14786,-44.36947,0.27786,-0.04321,0.10619,0.02186,-0.42377,-75.86855,0.44201,-0.12061,0.14078,0.17958
1738005.0,-0.12803,-55.1778,0.26288,-0.04406,0.1052,0.01639,-0.33804,17.1445,0.43161,-0.12279,0.13983,0.11427
1738010.0,0.09357,44.31949,0.24595,-0.04268,0.10433,0.00876,-0.34854,-2.09973,0.4233,-0.12505,0.13894,0.12148
1738015.0,-0.17665,-54.04378,0.23902,-0.04402,0.10347,0.0312,-0.22475,24.75739,0.40345,-0.12604,0.13764,0.05051
1738020.0,0.51853,139.03468,0.26697,-0.03839,0.10553,0.26887,0.16639,78.22982,0.37974,-0.12312,0.13711,0.02769
1738025.0,0.20157,-63.39057,0.26043,-0.036,0.10504,0.04063,-0.31215,-95.7094,0.37299,-0.12501,0.13609,0.09744
1738030.0,-0.0813,-56.57556,0.24252,-0.03645,0.10401,0.00661,-0.23739,14.95291,0.35943,-0.12613,0.13485,0.05635
1738035.0,0.21331,58.9219,0.23959,-0.03395,0.10358,0.0455,-0.18137,11.20464,0.34162,-0.12669,0.13353,0.03289
1738040.0,-0.30571,-103.80327,0.24621,-0.03667,0.10327,0.09346,-0.30465,-24.65741,0.33792,-0.12847,0.1325,0.09281
1738045.0,0.7174,204.62302,0.29333,-0.02913,0.10781,0.51467,0.35805,132.5397,0.33994,-0.1236,0.1335,0.1282
1738050.0,0.37747,-67.98773,0.30174,-0.02506,0.10835,0.14248,-0.09612,-90.83292,0.31555,-0.12333,0.13217,0.00924
1738055.0,0.1522,-45.05411,0.28679,-0.02329,0.10758,0.02316,0.07822,34.8668,0.29182,-0.12131,0.13125,0.00612
1738060.0,0.42102,53.76452,0.30021,-0.01885,0.10844,0.17726,0.1002,4.3963,0.27266,-0.11909,0.13042,0.01004
1738065.0,-0.2015,-124.50423,0.29034,-0.02067,0.10768,0.0406,-0.17671,-55.38055,0.26306,-0.11967,0.12914,0.03122
1738070.0,0.81131,202.56253,0.34244,-0.01235,0.11339,0.65822,0.51916,139.17358,0.28867,-0.11328,0.13185,0.26953
1738075.0,0.53739,-54.78417,0.36193,-0.00686,0.11522,0.28879,0.12295,-79.24223,0.2721,-0.11092,0.13108,0.01512
1738080.0,0.13563,-80.35147,0.3393,-0.00543,0.11426,0.0184,0.11938,-0.71503,0.25683,-0.10862,0.13029,0.01425
1738085.0,0.40526,53.92529,0.3459,-0.00132,0.11477,0.16423,0.09044,-5.78641,0.24019,-0.10663,0.12938,0.00818
1738090.0,-0.14014,-109.07948,0.32532,-0.00271,0.11381,0.01964,-0.06386,-30.86062,0.22256,-0.1062,0.1281,0.00408
1738095.0,0.55238,138.50458,0.34803,0.00284,0.1157,0.30513,0.31239,75.24915,0.23154,-0.10201,0.12854,0.09759
1738100.0,0.22598,-65.2802,0.33582,0.00507,0.11503,0.05107,-0.13992,-90.46148,0.22238,-0.10239,0.12727,0.01958
1738105.0,-0.06535,-58.26547,0.30877,0.00437,0.11392,0.00427,-0.08402,11.17912,0.20854,-0.10221,0.126,0.00706
1738110.0,0.22583,58.23479,0.30048,0.00658,0.11327,0.051,-0.09104,-1.40243,0.19679,-0.1021,0.12474,0.00829
1738115.0,-0.30215,-105.59535,0.30065,0.00349,0.11307,0.09129,-0.22593,-26.97929,0.19971,-0.10334,0.12364,0.05105
1738120.0,0.56659,173.74709,0.32724,0.00912,0.11504,0.32102,0.32357,109.90108,0.21209,-0.09907,0.12419,0.1047
1738125.0,0.23732,-65.8525,0.31825,0.01141,0.1144,0.05632,-0.17679,-100.07314,0.20856,-0.09984,0.12301,0.03126
1738130.0,0.0223,-43.00525,0.28865,0.01152,0.11326,0.0005,-0.0392,27.51893,0.19163,-0.09924,0.12181,0.00154
1738135.0,0.30392,56.32427,0.29018,0.01444,0.11297,0.09237,-0.00486,6.86881,0.17295,-0.09829,0.12068,2e-05
1738140.0,-0.31356,-123.49696,0.29252,0.01116,0.11289,0.09832,-0.22676,-44.37999,0.17833,-0.09958,0.11964,0.05142
1738145.0,0.47871,158.45425,0.31114,0.01583,0.11391,0.22916,0.20072,85.49547,0.18057,-0.09657,0.11932,0.04029
1738150.0,-0.07948,-111.6372,0.28797,0.01488,0.11286,0.00632,-0.5197,-144.08443,0.21448,-0.10081,0.11989,0.27009
1738155.0,-0.34006,-52.1163,0.29318,0.01133,0.11296,0.11564,-0.37537,28.86528,0.23057,-0.10355,0.11943,0.14091
1738160.0,-0.09754,48.50351,0.27362,0.01024,0.11195,0.00951,-0.38111,-1.14636,0.24562,-0.10633,0.11899,0.14524
1738165.0,-0.59342,-99.17474,0.3056,0.00421,0.1144,0.35214,-0.53,-29.77869,0.27406,-0.11056,0.11956,0.2809
1738170.0,0.23176,165.03616,0.29821,0.00648,0.11376,0.05371,-0.06699,92.6021,0.25335,-0.11013,0.11838,0.00449
1738175.0,0.01688,-42.97732,0.27008,0.00659,0.11263,0.00028,-0.40124,-66.85001,0.26814,-0.11304,0.11803,0.16099
1738180.0,-0.17479,-38.33411,0.26055,0.00477,0.11182,0.03055,-0.23633,32.98233,0.26496,-0.11427,0.117,0.05585
1738185.0,0.05092,45.14229,0.23959,0.00523,0.11073,0.00259,-0.30194,-13.12258,0.26866,-0.11615,0.11617,0.09117
1738190.0,-0.46187,-102.55734,0.26182,0.00056,0.11176,0.21332,-0.41205,-22.02167,0.283,-0.11911,0.11587,0.16978
1738195.0,0.2719,146.75278,0.26282,0.00328,0.11136,0.07393,0.00908,84.22641,0.25561,-0.11783,0.11487,8e-05
1738200.0,0.05247,-43.88425,0.24179,0.00377,0.11027,0.00275,-0.37929,-77.67543,0.26798,-0.12044,0.11439,0.14386
1738205.0,-0.22274,-55.04179,0.23988,0.0015,0.10967,0.04961,-0.29306,17.24692,0.27048,-0.12217,0.11354,0.08588
1738210.0,0.0885,62.24762,0.22475,0.00237,0.10865,0.00783,-0.22701,13.21068,0.26614,-0.12321,0.11251,0.05153
1738215.0,-0.5089,-119.48084,0.25316,-0.00274,0.11012,0.25898,-0.4223,-39.05833,0.28175,-0.12621,0.11226,0.17833
1738220.0,0.39115,180.0108,0.26696,0.0012,0.11054,0.153,0.15827,116.11375,0.2694,-0.12336,0.11193,0.02505
1738225.0,0.15851,-46.52856,0.25612,0.00277,0.10968,0.02513,-0.24611,-80.87606,0.26707,-0.12459,0.11096,0.06057
1738230.0,-0.12879,-57.46003,0.24338,0.00146,0.10875,0.01659,-0.17318,14.5858,0.25768,-0.12507,0.10987,0.02999
1738235.0,0.17297,60.35176,0.23634,0.00317,0.10795,0.02992,-0.11915,10.80656,0.24383,-0.12502,0.10878,0.0142
1738240.0,-0.35542,-105.67866,0.24825,-0.00041,0.10814,0.12633,-0.24769,-25.70946,0.24422,-0.12624,0.10784,0.06135
1738245.0,0.45007,161.09839,0.26843,0.00409,0.10904,0.20256,0.19108,87.75546,0.2389,-0.12307,0.10774,0.03651
1738250.0,0.13044,-63.92546,0.25463,0.00535,0.10811,0.01701,-0.2955,-97.31759,0.24456,-0.12479,0.10696,0.08732
1738255.0,-0.23461,-73.01057,0.25263,0.00295,0.10759,0.05504,-0.24814,9.47264,0.24492,-0.12603,0.10604,0.06157
1738260.0,0.07919,62.76086,0.23529,0.00372,0.10657,0.00627,-0.18516,12.5953,0.23895,-0.12662,0.10501,0.03429
1738265.0,-0.44037,-103.91178,0.25579,-0.00072,0.10744,0.19392,-0.35277,-33.52087,0.25033,-0.12888,0.10446,0.12445
1738270.0,0.37628,163.3293,0.26784,0.00305,0.10776,0.14159,0.14602,99.75694,0.2399,-0.12613,0.10416,0.02132
1738275.0,0.14409,-46.43801,0.25547,0.00446,0.10688,0.02076,-0.21074,-71.35047,0.23698,-0.12698,0.10319,0.04441
1738280.0,-0.14319,-57.45596,0.24424,0.00298,0.10602,0.0205,-0.1399,14.16679,0.22727,-0.12711,0.10216,0.01957
1738285.0,0.1614,60.91747,0.23596,0.00456,0.10521,0.02605,-0.1346,1.06034,0.21801,-0.12718,0.10114,0.01812
1738290.0,-0.36846,-105.97163,0.24921,0.00083,0.10552,0.13576,-0.26068,-25.21676,0.22227,-0.12852,0.1003,0.06796
1738295.0,0.52231,178.15453,0.27652,0.00605,0.10713,0.27281,0.26168,104.47205,0.22621,-0.12461,0.10079,0.06847
1738300.0,0.27347,-49.76761,0.27621,0.00872,0.10676,0.07479,-0.15483,-83.30119,0.21908,-0.12492,0.09979,0.02397
1738305.0,-0.10923,-76.54153,0.25951,0.00754,0.10583,0.01193,-0.16821,-2.67643,0.21399,-0.12535,0.09881,0.0283
1738310.0,0.19191,60.22913,0.25275,0.00939,0.1051,0.03683,-0.11254,11.13532,0.20384,-0.12522,0.09782,0.01266
1738315.0,-0.34305,-106.9924,0.26178,0.00586,0.10527,0.11768,-0.24092,-25.6771,0.20755,-0.12638,0.09698,0.05804
1738320.0,0.46618,161.84688,0.28222,0.01047,0.10629,0.21733,0.20212,88.60857,0.20701,-0.12309,0.09707,0.04085
1738325.0,0.14206,-64.82415,0.26821,0.01178,0.1054,0.02018,-0.28728,-97.87977,0.21504,-0.12473,0.09636,0.08253
1738330.0,-0.22761,-73.93439,0.26415,0.00939,0.10491,0.05181,-0.28574,0.30701,0.22211,-0.12634,0.09565,0.08165
1738335.0,0.08688,62.8984,0.24642,0.01016,0.10392,0.00755,-0.21649,13.85027,0.22154,-0.12725,0.09477,0.04687
1738340.0,-0.43809,-104.99428,0.26559,0.00568,0.10485,0.19192,-0.33311,-23.32329,0.2327,-0.1293,0.09424,0.11096
1738345.0,0.30279,148.17476,0.26931,0.00865,0.10466,0.09168,0.04288,75.19797,0.21372,-0.12758,0.09359,0.00184
1738350.0,0.07647,-45.26323,0.25002,0.00933,0.10366,0.00585,-0.35027,-78.62952,0.22737,-0.12981,0.09314,0.12269
1738355.0,-0.20611,-56.5165,0.24563,0.00718,0.10308,0.04248,-0.26172,17.70827,0.23081,-0.13113,0.09238,0.0685
1738360.0,0.10695,62.61174,0.23176,0.00817,0.10215,0.01144,-0.19387,13.57062,0.22712,-0.13176,0.09149,0.03759
1738365.0,-0.42134,-105.6571,0.25072,0.00388,0.10293,0.17753,-0.35933,-33.09171,0.24034,-0.13403,0.09108,0.12912
1738370.0,0.48115,180.49789,0.27376,0.00865,0.10414,0.2315,0.17991,107.847,0.23429,-0.13089,0.09114,0.03237
1738375.0,0.15413,-65.40422,0.2618,0.01011,0.1033,0.02376,-0.26018,-88.01711,0.23688,-0.13219,0.09039,0.06769
1738380.0,-0.21855,-74.53477,0.25748,0.00782,0.10278,0.04776,-0.25968,0.09975,0.23916,-0.13346,0.08965,0.06743
1738385.0,0.17739,79.18705,0.24947,0.00951,0.10204,0.03147,-0.15896,20.14497,0.23114,-0.13372,0.08876,0.02527
1738390.0,-0.36001,-107.47961,0.26052,0.00582,0.10235,0.12961,-0.28055,-24.31865,0.23608,-0.13518,0.08808,0.07871
1738395.0,0.53774,179.54872,0.28824,0.01114,0.1041,0.28916,0.29944,115.99718,0.24242,-0.13084,0.08905,0.08966
1738400.0,0.28462,-50.62352,0.28788,0.01387,0.1038,0.08101,-0.12187,-84.26037,0.23036,-0.13075,0.08816,0.01485
1738405.0,-0.1846,-93.84254,0.27755,0.01189,0.10314,0.03408,-0.21541,-18.70939,0.22887,-0.13159,0.08735,0.0464
1738410.0,0.04593,46.1041,0.25439,0.01223,0.10212,0.00211,-0.23056,-3.02895,0.22904,-0.13258,0.08657,0.05316
1738415.0,-0.55997,-121.17847,0.28495,0.00651,0.10431,0.31356,-0.42374,-38.63655,0.24851,-0.1355,0.08654,0.17956
1738420.0,0.28032,168.05801,0.28448,0.00925,0.104,0.07858,0.09424,103.59567,0.23308,-0.1332,0.08619,0.00888
1738425.0,-0.02643,-61.35095,0.25868,0.00889,0.10298,0.0007,-0.38452,-95.75187,0.24822,-0.13571,0.08595,0.14786
1738430.0,-0.38127,-70.96688,0.27094,0.00499,0.10344,0.14536,-0.36896,3.11157,0.2603,-0.13804,0.08562,0.13613
1738435.0,0.03439,83.13042,0.24728,0.00528,0.10241,0.00118,-0.20676,32.44052,0.25494,-0.13873,0.08481,0.04275
1738440.0,-0.5711,-121.09803,0.27966,-0.00048,0.10464,0.32616,-0.40177,-39.0024,0.26963,-0.14136,0.08464,0.16142
1738445.0,0.27301,168.82333,0.279,0.00225,0.10433,0.07454,0.06875,94.10484,0.24954,-0.13926,0.08423,0.00473
1738450.0,0.04846,-44.90986,0.25595,0.00271,0.10331,0.00235,-0.27973,-69.69579,0.25256,-0.14067,0.08358,0.07825
1738455.0,-0.23333,-56.35787,0.25368,0.00035,0.10282,0.05444,-0.14695,26.55532,0.242,-0.14073,0.08274,0.02159
1738460.0,0.16766,80.1964,0.24508,0.00203,0.10207,0.02811,-0.05516,18.35726,0.22331,-0.13987,0.08199,0.00304
1738465.0,-0.37194,-107.91879,0.25777,-0.00171,0.10242,0.13834,-0.23399,-35.76516,0.22438,-0.14081,0.08125,0.05475
1738470.0,0.53423,181.23294,0.28541,0.00365,0.10421,0.2854,0.30004,106.80704,0.23195,-0.13641,0.08235,0.09003
1738475.0,0.19906,-67.03377,0.27678,0.0056,0.10354,0.03962,-0.15403,-90.81539,0.22416,-0.13658,0.08153,0.02373
1738480.0,-0.18174,-76.15935,0.26727,0.00373,0.10285,0.03303,-0.16212,-1.61761,0.21795,-0.13684,0.08072,0.02628
1738485.0,0.29595,95.53832,0.27014,0.00665,0.10266,0.08759,0.01193,34.81089,0.19735,-0.13535,0.08013,0.00014
1738490.0,-0.25935,-111.06036,0.26906,0.00399,0.10232,0.06726,-0.12666,-27.71818,0.19028,-0.13526,0.07933,0.01604
1738495.0,0.71797,195.46323,0.31395,0.01113,0.1063,0.51548,1.0,225.33133,0.27125,-0.12391,0.09117,1.0
1738500.0,0.52506,-38.58136,0.33506,0.01627,0.10782,0.27569,0.53421,-93.15787,0.29755,-0.11733,0.0945,0.28538
1738505.0,0.025,-100.01256,0.30406,0.01636,0.10675,0.00062,0.37007,-32.8288,0.3048,-0.11245,0.09588,0.13695
1738510.0,0.48009,91.01816,0.32166,0.02099,0.10779,0.23048,0.43684,13.35503,0.31801,-0.10696,0.09788,0.19083
1738515.0,-0.098,-115.61762,0.29929,0.0198,0.10685,0.0096,0.24992,-37.38377,0.3112,-0.10339,0.09815,0.06246
1738520.0,0.86253,192.1059,0.35562,0.02823,0.11274,0.74396,1.0,150.01541,0.38008,-0.09236,0.1091,1.0
1738525.0,0.65185,-42.13597,0.38524,0.03447,0.11542,0.42491,0.57404,-85.19291,0.39947,-0.08569,0.11236,0.32952
1738530.0,0.21708,-86.95444,0.36842,0.03629,0.1146,0.04712,0.45191,-24.42438,0.40472,-0.08032,0.11407,0.20423
1738535.0,0.73247,103.07944,0.40483,0.04325,0.1182,0.53652,0.58305,26.22775,0.42255,-0.07368,0.11724,0.33995
1738540.0,0.12331,-121.83384,0.37668,0.04406,0.11708,0.0152,0.40836,-34.93855,0.42113,-0.06886,0.11835,0.16676
1738545.0,1.0,175.33893,0.43901,0.05361,0.12487,1.0,1.0,118.32807,0.47902,-0.05818,0.12836,1.0
1738550.0,0.77808,-44.38494,0.47292,0.06086,0.12876,0.6054,0.65262,-69.47644,0.49638,-0.05107,0.13203,0.42591
1738555.0,0.1911,-117.39455,0.44473,0.06216,0.12764,0.03652,0.45476,-39.57136,0.49222,-0.04601,0.13322,0.20681
1738560.0,0.5998,81.7389,0.46024,0.06754,0.1292,0.35976,0.50171,9.38923,0.49317,-0.04053,0.13483,0.25171
1738565.0,-0.04686,-129.33078,0.4189,0.06639,0.12803,0.0022,0.26659,-47.02421,0.47051,-0.03746,0.1344,0.07107
1738570.0,0.69865,149.10184,0.44688,0.07272,0.13067,0.48812,0.85674,118.0315,0.50913,-0.02852,0.1409,0.73401
1738575.0,0.58474,-22.78177,0.46066,0.07784,0.13193,0.34193,0.57419,-56.51001,0.51564,-0.02249,0.14305,0.3297
1738580.0,0.17118,-82.71358,0.43172,0.07877,0.1307,0.0293,0.48716,-17.40719,0.51279,-0.0174,0.14416,0.23732
1738585.0,0.5811,81.98405,0.44665,0.08379,0.13187,0.33767,0.49678,1.92521,0.51119,-0.01225,0.14531,0.24679
1738590.0,0.01096,-114.02791,0.40308,0.08307,0.1306,0.00012,0.31175,-37.00635,0.49125,-0.00901,0.14489,0.09719
1738595.0,0.90594,178.99606,0.45337,0.09129,0.13593,0.82072,0.96988,131.62566,0.53911,0.00078,0.15283,0.94067
1738600.0,0.68916,-43.35473,0.47695,0.09727,0.13807,0.47495,0.58758,-76.45985,0.54396,0.00664,0.15468,0.34525
1738605.0,0.26102,-85.62779,0.45536,0.09891,0.13696,0.06813,0.46475,-24.56585,0.53604,0.01122,0.15519,0.21599
1738610.0,0.58173,64.14023,0.46799,0.10374,0.13787,0.3384,0.45277,-2.39639,0.52771,0.01564,0.15555,0.205
1738615.0,0.0078,-114.78576,0.42197,0.10278,0.13658,6e-05,0.30084,-30.38552,0.50502,0.01849,0.15479,0.09051
1738620.0,0.90292,179.02391,0.47007,0.11078,0.14149,0.81526,0.95911,131.65286,0.55043,0.0279,0.16191,0.91989
1738625.0,0.68373,-43.83731,0.49143,0.11651,0.14329,0.46749,0.606,-70.62115,0.55599,0.03368,0.16357,0.36724
1738630.0,0.25286,-86.17458,0.46758,0.11787,0.14204,0.06394,0.50973,-19.25405,0.55136,0.03844,0.16415,0.25983
1738635.0,0.65117,79.66264,0.48594,0.12321,0.14341,0.42402,0.54307,6.66722,0.55053,0.04349,0.16501,0.29492
1738640.0,-0.16905,-164.04422,0.45425,0.12028,0.14281,0.02858,0.18774,-71.06482,0.51425,0.04493,0.16356,0.03525
1738645.0,0.66682,167.17441,0.4755,0.12575,0.14431,0.44465,0.45723,53.89735,0.50855,0.04905,0.16359,0.20906
1738650.0,0.47087,-39.18972,0.47504,0.1292,0.14404,0.22172,0.18723,-54.00025,0.47642,0.05043,0.16214,0.03505
1738655.0,0.13878,-66.41854,0.44141,0.1293,0.1426,0.01926,0.21908,6.3698,0.45068,0.05212,0.1608,0.04799
1738660.0,0.62726,97.69655,0.46,0.13428,0.1436,0.39346,0.36724,29.63278,0.44234,0.05527,0.16017,0.13487
1738665.0,-0.03693,-132.83919,0.41769,0.13256,0.14245,0.00136,0.13504,-46.44083,0.41161,0.05607,0.15863,0.01823
1738670.0,0.78477,164.34122,0.4544,0.13909,0.1452,0.61587,0.44122,61.23624,0.41457,0.05992,0.15849,0.19467
1738675.0,0.41653,-73.6492,0.45061,0.14186,0.1445,0.17349,0.0964,-68.96435,0.38275,0.06028,0.15692,0.00929
1738680.0,0.00906,-81.49373,0.40646,0.14053,0.14323,8e-05,0.08381,-2.51742,0.35286,0.06052,0.15536,0.00702
1738685.0,0.35372,68.93304,0.40118,0.14266,0.14224,0.12512,0.10788,4.81491,0.32836,0.06099,0.15383,0.01164
1738690.0,-0.2838,-127.50515,0.38945,0.1384,0.1426,0.08054,-0.09751,-41.07851,0.30528,0.05941,0.15253,0.00951
1738695.0,0.72298,201.356,0.4228,0.14424,0.14452,0.5227,0.37229,93.95951,0.31198,0.06254,0.15197,0.1386
1738700.0,0.4383,-56.93477,0.42435,0.14719,0.14393,0.19211,0.0552,-63.41858,0.2863,0.06246,0.15045,0.00305
1738705.0,0.18399,-50.86268,0.40031,0.14755,0.1425,0.03385,0.12144,13.24788,0.26981,0.06305,0.14898,0.01475
1738710.0,0.50911,65.02494,0.41119,0.15117,0.14236,0.2592,0.1727,10.25209,0.2601,0.06415,0.14761,0.02982
1738715.0,-0.06944,-115.71082,0.37702,0.14896,0.14141,0.00482,0.07606,-19.32745,0.2417,0.06427,0.14613,0.00578
1738720.0,0.75682,165.25174,0.415,0.15504,0.14362,0.57278,0.3888,62.54911,0.25641,0.06751,0.1457,0.15117
1738725.0,0.38714,-73.93559,0.41221,0.15736,0.14271,0.14988,0.015,-74.76177,0.23227,0.06699,0.14427,0.00022
1738730.0,0.1361,-50.20917,0.3846,0.15715,0.14129,0.01852,0.08501,14.0026,0.21754,0.06717,0.14283,0.00723
1738735.0,0.30742,34.2644,0.37688,0.15865,0.1401,0.09451,0.03271,-10.45929,0.19906,0.06682,0.14142,0.00107
1738740.0,-0.25207,-111.89797,0.3644,0.15455,0.14035,0.06354,-0.11322,-29.18578,0.19047,0.06502,0.14032,0.01282
1738745.0,0.35727,121.86885,0.36369,0.15657,0.13935,0.12764,0.05991,34.62534,0.17742,0.06497,0.13892,0.00359
1738750.0,0.18769,-33.91616,0.34609,0.15688,0.13796,0.03523,-0.17201,-46.38437,0.17688,0.0626,0.13808,0.02959
1738755.0,-0.20142,-77.82308,0.33162,0.1533,0.13784,0.04057,-0.15666,3.07042,0.17485,0.06041,0.13717,0.02454
1738760.0,0.0066,41.60546,0.29912,0.15183,0.13667,4e-05,-0.21439,-11.5469,0.17881,0.05766,0.13654,0.04597
1738765.0,-0.60096,-121.5118,0.3293,0.14431,0.14086,0.36115,-0.38688,-34.49757,0.19962,0.05322,0.13711,0.14968
1738770.0,0.20667,161.52444,0.31704,0.14493,0.13949,0.04271,-0.04353,68.67143,0.18401,0.05225,0.13583,0.00189
1738775.0,0.05351,-30.63148,0.29069,0.14402,0.13818,0.00286,-0.23185,-37.66484,0.18879,0.04941,0.13526,0.05375
1738780.0,-0.00371,-11.44433,0.26199,0.14254,0.13701,1e-05,-0.02612,41.14637,0.17252,0.04865,0.13397,0.00068
1738785.0,0.18366,37.47424,0.25416,0.14295,0.13566,0.03373,-0.09731,-14.23775,0.165,0.04719,0.13284,0.00947
1738790.0,-0.44448,-125.627,0.27319,0.13707,0.13768,0.19756,-0.2822,-36.97961,0.17672,0.0439,0.13257,0.07964
1738795.0,0.18893,126.68102,0.26476,0.13759,0.13633,0.03569,-0.05635,45.17085,0.16469,0.0429,0.13134,0.00318
1738800.0,-0.04219,-46.22451,0.24251,0.1358,0.13529,0.00178,-0.32893,-54.51502,0.18111,0.03918,0.13138,0.10819
1738805.0,-0.32792,-57.14485,0.25105,0.13116,0.13604,0.10753,-0.30499,4.78638,0.1935,0.03574,0.13123,0.09302
1738810.0,-0.10444,44.69548,0.23639,0.1288,0.13522,0.01091,-0.34502,-8.00612,0.20865,0.03193,0.13134,0.11904
1738815.0,-0.62238,-103.58876,0.27499,0.12129,0.1394,0.38736,-0.41621,-14.23802,0.22941,0.02745,0.132,0.17323
1738820.0,0.11246,146.96802,0.25873,0.1212,0.13801,0.01265,-0.15205,52.83222,0.22167,0.02565,0.13099,0.02312
1738825.0,-0.50884,-124.25888,0.28374,0.1149,0.14052,0.25892,-0.68314,-106.2164,0.26782,0.01857,0.13461,0.46667
1738830.0,-0.58353,-14.93732,0.31372,0.10792,0.14389,0.3405,-0.51092,34.44216,0.29213,0.01327,0.13601,0.26104
1738835.0,-0.40999,34.7079,0.32335,0.10274,0.14508,0.16809,-0.54852,-7.51928,0.31777,0.00765,0.13774,0.30088
1738840.0,-0.89407,-96.81667,0.38042,0.09277,0.15337,0.79936,-0.62775,-15.84555,0.34877,0.0013,0.14032,0.39407
1738845.0,-0.20573,137.66878,0.36295,0.08979,0.15271,0.04232,-0.39161,47.22842,0.35305,-0.00263,0.14043,0.15336
1738850.0,-0.71141,-101.13724,0.3978,0.08177,0.15748,0.50611,-0.809,-83.47887,0.39864,-0.01069,0.1454,0.65448
1738855.0,-0.6816,5.96302,0.42618,0.07414,0.16161,0.46457,-0.53366,55.0681,0.41215,-0.01592,0.14662,0.28479
1738860.0,-0.49423,37.47386,0.43298,0.06846,0.16316,0.24426,-0.5661,-6.48888,0.42754,-0.02143,0.14813,0.32047
1738865.0,-0.9675,-94.65412,0.48643,0.0581,0.17205,0.93605,-0.64084,-14.94725,0.44887,-0.02762,0.1504,0.41068
1738870.0,-0.10634,172.23096,0.44842,0.05645,0.17059,0.01131,-0.25926,76.31686,0.42991,-0.02994,0.14943,0.06721
1738875.0,-0.54099,-86.92867,0.45768,0.05048,0.17239,0.29267,-0.28003,-4.15471,0.41492,-0.03244,0.14854,0.07842
1738880.0,-0.28631,50.93439,0.44054,0.04711,0.17177,0.08198,0.03879,63.76382,0.37731,-0.03172,0.14711,0.0015
1738885.0,-0.21944,13.37563,0.41843,0.04444,0.17075,0.04815,-0.1409,-35.93829,0.35367,-0.03282,0.14575,0.01985
1738890.0,-0.72173,-100.45879,0.44876,0.03678,0.1748,0.52089,-0.26085,-23.98955,0.34439,-0.0351,0.14481,0.06804
1738895.0,0.11652,167.64937,0.41554,0.03758,0.17311,0.01358,0.08117,68.40363,0.31806,-0.03393,0.14349,0.00659
1738900.0,-0.34178,-91.65897,0.40816,0.03379,0.17279,0.11681,-0.00848,-17.92953,0.28711,-0.03368,0.14206,7e-05
1738905.0,0.1345,95.25555,0.3808,0.03479,0.17116,0.01809,0.41264,84.22494,0.29966,-0.02922,0.14259,0.17028
1738910.0,0.15682,4.46438,0.3584,0.03601,0.1696,0.02459,0.19185,-44.1596,0.28888,-0.02701,0.14165,0.03681
1738915.0,-0.30647,-92.65751,0.35321,0.03259,0.16905,0.09392,0.08946,-20.47673,0.26894,-0.02584,0.14036,0.008
1738920.0,0.2472,110.73341,0.3426,0.03474,0.16781,0.06111,0.23008,28.12285,0.26505,-0.02328,0.1396,0.05294
1738925.0,-0.30687,-110.81506,0.33903,0.03132,0.16728,0.09417,0.06865,-32.28489,0.24541,-0.02236,0.13829,0.00471
1738930.0,0.32805,126.98443,0.33793,0.03429,0.16647,0.10762,0.62296,110.86183,0.28317,-0.01591,0.14099,0.38808
1738935.0,0.41,16.39137,0.34514,0.03804,0.16619,0.1681,0.46471,-31.64949,0.30132,-0.0111,0.14184,0.21596
1738940.0,-0.16297,-114.59388,0.32692,0.03603,0.16492,0.02656,0.24396,-44.15055,0.29559,-0.00855,0.14106,0.05952
1738945.0,0.29516,91.62559,0.32375,0.03862,0.16393,0.08712,0.27944,7.09578,0.29397,-0.00567,0.14046,0.07809
1738950.0,-0.34679,-128.39082,0.32605,0.03477,0.16375,0.12026,0.05601,-44.68705,0.27017,-0.00506,0.1391,0.00314
1738955.0,0.61677,192.71239,0.35512,0.04059,0.16543,0.38041,0.83005,154.8082,0.32616,0.0033,0.14454,0.68898
1738960.0,0.50512,-22.32939,0.37012,0.04524,0.16589,0.25515,0.5053,-64.95026,0.34407,0.00832,0.14556,0.25532
1738965.0,0.16233,-68.55821,0.34934,0.04641,0.16437,0.02635,0.44192,-12.67504,0.35386,0.01265,0.14595,0.19529
1738970.0,0.58502,84.5368,0.37291,0.05179,0.16557,0.34224,0.45396,2.40739,0.36387,0.01706,0.1464,0.20608
1738975.0,0.07053,-102.8973,0.34267,0.05198,0.16391,0.00497,0.31833,-27.12631,0.35931,0.02008,0.14583,0.10133
1738980.0,0.90813,167.51959,0.39922,0.06054,0.16946,0.8247,0.94324,124.98387,0.41771,0.02931,0.15272,0.88971
1738985.0,0.68143,-45.33962,0.42744,0.06675,0.17154,0.46435,0.54813,-79.02207,0.43075,0.0345,0.15383,0.30045
1738990.0,0.15414,-105.45834,0.40011,0.06762,0.1699,0.02376,0.36768,-36.09115,0.42444,0.03783,0.15338,0.13519
1738995.0,0.4141,51.99231,0.40151,0.07109,0.16938,0.17148,0.30821,-11.89289,0.41282,0.04053,0.15256,0.095
1739000.0,-0.004,-83.61975,0.36176,0.07034,0.16774,2e-05,0.24059,-13.52398,0.3956,0.04253,0.15143,0.05789
1739005.0,0.84165,169.12926,0.40975,0.07805,0.17189,0.70837,0.87319,126.51863,0.44336,0.05084,0.15668,0.76246
1739010.0,0.61975,-44.37856,0.43075,0.08347,0.17305,0.3841,0.48261,-78.11495,0.44728,0.05516,0.15694,0.23291
1739015.0,0.17731,-88.48862,0.4054,0.08441,0.17141,0.03144,0.3944,-17.64161,0.44199,0.05855,0.1565,0.15556
1739020.0,0.4334,51.2175,0.4082,0.0879,0.17089,0.18783,0.32969,-12.94202,0.43076,0.06126,0.15565,0.1087
1739025.0,-0.1526,-117.19904,0.38264,0.08549,0.16974,0.02329,0.11448,-43.04263,0.39914,0.06179,0.15413,0.01311
1739030.0,0.5465,139.819,0.39903,0.0901,0.17013,0.29866,0.32224,41.55231,0.39145,0.0644,0.15325,0.10384
1739035.0,0.27322,-54.65665,0.38645,0.09193,0.16876,0.07465,-0.0004,-64.52921,0.35234,0.06375,0.15176,0.0
1739040.0,-0.0523,-65.10388,0.35303,0.09049,0.16727,0.00274,0.0177,3.62011,0.31888,0.06329,0.15026,0.00031
1739045.0,0.22835,56.13082,0.34056,0.09187,0.16579,0.05214,-0.00696,-4.93169,0.28769,0.06259,0.14881,5e-05
1739050.0,-0.41918,-129.50642,0.34843,0.08676,0.16669,0.17571,-0.176,-33.80819,0.27652,0.0602,0.14788,0.03098
1739055.0,0.47327,178.49001,0.36091,0.09062,0.16649,0.22398,0.20696,76.59217,0.26956,0.06167,0.14661,0.04283
1739060.0,-0.11984,-118.62242,0.3368,0.08852,0.16526,0.01436,-0.32487,-106.36528,0.27509,0.0578,0.14661,0.10554
1739065.0,-0.567,-89.43068,0.35982,0.08196,0.16781,0.32149,-0.38173,-11.37346,0.28576,0.05341,0.14703,0.14572
1739070.0,-0.22938,67.52348,0.34678,0.07885,0.16709,0.05262,-0.36241,3.86468,0.29342,0.04925,0.14726,0.13134
1739075.0,-0.82792,-119.70859,0.39489,0.06978,0.17347,0.68546,-0.49225,-25.9677,0.3133,0.04383,0.14866,0.24231
1739080.0,-0.05141,155.3028,0.36054,0.06857,0.17188,0.00264,-0.21633,55.18335,0.30361,0.04123,0.14784,0.0468
1739085.0,-0.34146,-58.0105,0.35864,0.06447,0.17181,0.1166,-0.5356,-63.8527,0.32681,0.03546,0.14962,0.28686
1739090.0,-0.5179,-35.28852,0.37456,0.05865,0.17342,0.26822,-0.40163,26.79312,0.33429,0.03109,0.15,0.16131
1739095.0,-0.18296,66.98916,0.3554,0.05623,0.17226,0.03347,-0.3452,11.28665,0.33538,0.02733,0.14988,0.11916
1739100.0,-0.45813,-55.03489,0.36568,0.05109,0.17313,0.20989,-0.25352,18.33596,0.32719,0.02452,0.14916,0.06427
1739105.0,0.36356,164.33923,0.36546,0.05421,0.17235,0.13218,0.05428,61.55912,0.2999,0.02482,0.14767,0.00295
1739110.0,0.02886,-66.94012,0.3318,0.05396,0.17064,0.00083,-0.26069,-62.99277,0.29598,0.02197,0.147,0.06796
1739115.0,-0.18754,-43.28151,0.31738,0.05154,0.1695,0.03517,-0.1221,27.7176,0.27859,0.02052,0.14573,0.01491
1739120.0,0.0305,43.60885,0.28869,0.05133,0.16781,0.00093,-0.15061,-5.70279,0.26579,0.01881,0.14456,0.02268
1739125.0,-0.59723,-125.54578,0.31954,0.04485,0.17025,0.35668,-0.33466,-36.80862,0.27268,0.01528,0.14434,0.11199
1739130.0,0.07734,134.91441,0.29532,0.04517,0.16856,0.00598,-0.12778,41.37498,0.25819,0.01385,0.1431,0.01633
1739135.0,-0.30868,-77.20425,0.29666,0.04163,0.1681,0.09528,-0.47841,-70.12533,0.28021,0.00893,0.14404,0.22887
1739140.0,-0.40565,-19.39484,0.30756,0.03716,0.16838,0.16455,-0.29216,37.24844,0.28141,0.00591,0.14349,0.08536
1739145.0,-0.40938,-0.74489,0.31774,0.0327,0.16865,0.16759,-0.50121,-41.80973,0.30339,0.00084,0.14457,0.25121
1739150.0,-0.90685,-99.49454,0.37665,0.0233,0.17562,0.82238,-0.59023,-17.80378,0.33207,-0.00507,0.14655,0.34837
1739155.0,-0.03025,175.31905,0.34201,0.02276,0.17389,0.00092,-0.20847,76.35201,0.31971,-0.0071,0.14549,0.04346
1739160.0,-0.65099,-124.1473,0.37291,0.01603,0.1766,0.42379,-0.71654,-101.6135,0.3594,-0.0142,0.14897,0.51343
1739165.0,-0.62618,4.96271,0.39824,0.0096,0.17888,0.3921,-0.47922,47.46476,0.37138,-0.01885,0.1496,0.22965
1739170.0,-0.52087,21.06219,0.4105,0.0043,0.17985,0.2713,-0.57697,-19.55081,0.39194,-0.02443,0.15116,0.33289
1739175.0,-1.0,-95.82665,0.46945,-0.00574,0.18793,1.0,-0.62229,-9.06327,0.41497,-0.03041,0.15315,0.38724
1739180.0,-0.19456,161.08778,0.44196,-0.00763,0.1864,0.03785,-0.32282,59.89263,0.40576,-0.03333,0.15246,0.10421
1739185.0,-0.62839,-86.76563,0.4606,-0.01384,0.18832,0.39487,-0.73853,-83.14055,0.43903,-0.04038,0.15581,0.54542
1739190.0,-0.60295,5.08721,0.47484,-0.01973,0.18983,0.36355,-0.49567,48.57032,0.4447,-0.04494,0.15628,0.24569
1739195.0,-0.5797,4.65149,0.48532,-0.02533,0.19101,0.33605,-0.64524,-29.91267,0.46475,-0.05094,0.15825,0.41633
1739200.0,-1.0,-84.06085,0.53679,-0.03508,0.19841,1.0,-0.68059,-7.07021,0.48634,-0.05723,0.16055,0.4632
1739205.0,-0.14676,170.6479,0.49779,-0.03619,0.19655,0.02154,-0.31529,73.06042,0.46923,-0.05982,0.1596,0.09941
1739210.0,-0.56108,-82.86408,0.50412,-0.04144,0.19728,0.31481,-0.32949,-2.8406,0.45526,-0.06251,0.15871,0.10856
1739215.0,-0.38126,35.96441,0.49183,-0.04484,0.19644,0.14536,-0.04937,56.0244,0.41467,-0.06238,0.15713,0.00244
1739220.0,-0.22052,32.14827,0.4647,-0.0466,0.19478,0.04863,-0.16703,-23.53349,0.3899,-0.06343,0.15567,0.0279
1739225.0,-0.78328,-112.55206,0.49656,-0.05396,0.19815,0.61352,-0.37603,-41.79833,0.38852,-0.06655,0.15507,0.1414
1739230.0,-0.10665,135.32605,0.45757,-0.05449,0.1962,0.01137,-0.15418,44.36884,0.36508,-0.06743,0.15359,0.02377
1739235.0,-0.52435,-83.5397,0.46425,-0.05919,0.1964,0.27494,-0.18492,-6.14695,0.34707,-0.0686,0.15219,0.03419
1739240.0,-0.3462,35.62958,0.45244,-0.06206,0.19524,0.11985,0.08105,53.19437,0.32047,-0.06711,0.15089,0.00657
1739245.0,-0.26562,16.11534,0.43376,-0.06409,0.1937,0.07055,-0.14004,-44.21926,0.30242,-0.06784,0.14943,0.01961
1739250.0,-0.74425,-95.72573,0.46481,-0.0709,0.19629,0.55391,-0.29547,-31.08486,0.30173,-0.07011,0.14844,0.0873
1739255.0,-0.14711,119.42878,0.43304,-0.07166,0.19439,0.02164,-0.10401,38.29097,0.28196,-0.07045,0.14697,0.01082
1739260.0,-0.55946,-82.47065,0.44568,-0.07654,0.19478,0.31299,-0.17322,-13.84128,0.27108,-0.07148,0.14561,0.03
1739265.0,-0.21754,68.38385,0.42287,-0.07795,0.19302,0.04732,0.17192,69.02731,0.26117,-0.06905,0.14473,0.02956
1739270.0,-0.30656,-17.80324,0.41123,-0.08023,0.1916,0.09398,-0.13826,-62.03564,0.24887,-0.06974,0.14333,0.01912
1739275.0,-0.78003,-94.69551,0.44811,-0.08723,0.19449,0.60845,-0.26017,-24.38164,0.25,-0.07164,0.14225,0.06769
1739280.0,-0.33353,89.30096,0.43666,-0.08969,0.19314,0.11124,-0.21818,8.39789,0.24682,-0.07311,0.14104,0.0476
1739285.0,-0.80347,-93.98879,0.47334,-0.09683,0.1962,0.64557,-0.33107,-22.57805,0.25525,-0.07569,0.14028,0.10961
1739290.0,-0.27393,105.90823,0.4534,-0.0986,0.19455,0.07504,0.17948,102.1097,0.24767,-0.07314,0.13952,0.03221
1739295.0,-0.19654,15.47741,0.42771,-0.09958,0.19269,0.03863,-0.01838,-39.57296,0.22474,-0.07259,0.13815,0.00034
1739300.0,-0.68085,-96.86018,0.45303,-0.10539,0.19408,0.46355,-0.18669,-33.66023,0.22094,-0.07373,0.1369,0.03485
1739305.0,-0.08369,119.43098,0.41609,-0.10518,0.19214,0.007,-0.07256,22.82603,0.2061,-0.07372,0.13553,0.00526
1739310.0,-0.65914,-115.08884,0.4404,-0.11072,0.19323,0.43446,-0.2578,-37.04893,0.21127,-0.07556,0.13451,0.06646
1739315.0,-0.37983,55.86032,0.43434,-0.11341,0.19201,0.14427,0.07636,66.83166,0.19778,-0.07404,0.13339,0.00583
1739320.0,-0.36806,2.35483,0.42771,-0.11595,0.19072,0.13547,-0.16699,-48.66933,0.1947,-0.07497,0.13214,0.02789
1739325.0,-0.83283,-92.95435,0.46822,-0.12312,0.19385,0.69361,-0.31897,-30.39729,0.20713,-0.07741,0.1314,0.10174
1739330.0,-0.29485,107.59631,0.45089,-0.12484,0.1922,0.08694,-0.21247,21.30112,0.20766,-0.07876,0.13026,0.04514
1739335.0,-0.92565,-126.15931,0.49836,-0.13285,0.19656,0.85682,-0.4389,-45.28636,0.23078,-0.08236,0.13023,0.19263
1739340.0,-0.13775,157.57901,0.4623,-0.1329,0.1946,0.01898,0.22374,132.52763,0.23008,-0.0793,0.12985,0.05006
1739345.0,-0.14976,-2.40275,0.43105,-0.13307,0.19266,0.02243,-0.03528,-51.80322,0.2106,-0.07886,0.12857,0.00124
1739350.0,-0.63715,-97.4775,0.45166,-0.13811,0.19322,0.40596,-0.16736,-26.41549,0.20628,-0.07974,0.12736,0.02801
1739355.0,-0.03764,119.90332,0.41026,-0.1371,0.19139,0.00142,0.01426,36.32254,0.18707,-0.0788,0.12617,0.0002
1739360.0,-0.53702,-99.87763,0.42293,-0.1411,0.19104,0.28839,-0.12318,-27.48672,0.18068,-0.07925,0.12493,0.01517
1739365.0,0.21191,149.78592,0.40183,-0.13757,0.19035,0.0449,0.50681,125.99801,0.2133,-0.07339,0.12705,0.25686
1739370.0,0.16302,-9.77796,0.37795,-0.13457,0.18933,0.02657,0.21628,-58.10583,0.2136,-0.07049,0.1266,0.04678
1739375.0,-0.27908,-88.41928,0.36806,-0.13601,0.18764,0.07789,0.11311,-20.63497,0.20355,-0.06865,0.12566,0.01279
1739380.0,0.20366,96.54907,0.35162,-0.13261,0.1869,0.04148,0.20693,18.76419,0.20388,-0.0659,0.12515,0.04282
1739385.0,-0.32294,-105.32146,0.34875,-0.13452,0.18539,0.10429,0.01335,-38.71694,0.18483,-0.06511,0.12396,0.00018
1739390.0,0.64386,193.3606,0.37826,-0.12673,0.18947,0.41456,0.80026,157.3822,0.24637,-0.05645,0.13006,0.64041
1739395.0,0.46778,-35.21609,0.38722,-0.12079,0.19104,0.21882,0.45282,-69.48639,0.26702,-0.05136,0.1313,0.20505
1739400.0,0.07069,-79.41763,0.35556,-0.11887,0.18949,0.005,0.37932,-14.7001,0.27825,-0.04705,0.13181,0.14389
1739405.0,0.51554,88.96942,0.37156,-0.11253,0.19154,0.26578,0.40863,5.86075,0.29129,-0.0425,0.13253,0.16698
1739410.0,-0.04756,-112.62003,0.33916,-0.11188,0.18966,0.00226,0.22471,-36.783,0.28463,-0.03982,0.1319,0.0505
1739415.0,0.65007,139.52592,0.37025,-0.10426,0.19346,0.42259,0.85077,125.21069,0.34124,-0.03092,0.13835,0.7238
1739420.0,0.55142,-19.72991,0.38837,-0.0977,0.19574,0.30406,0.55214,-59.72452,0.36233,-0.02509,0.1403,0.30486
1739425.0,0.14264,-81.75514,0.3638,-0.0953,0.19435,0.02035,0.43127,-24.17373,0.36923,-0.02052,0.14094,0.186
1739430.0,0.6591,103.29219,0.39333,-0.08776,0.19798,0.43442,0.50996,15.7379,0.3833,-0.01522,0.14229,0.26006
1739435.0,0.07719,-116.3827,0.36171,-0.08611,0.19627,0.00596,0.31212,-39.5684,0.37618,-0.01195,0.14192,0.09742
1739440.0,0.68074,120.7095,0.39362,-0.07844,0.20007,0.4634,0.87028,111.63117,0.42559,-0.00312,0.14813,0.75738
1739445.0,0.73703,11.25805,0.42796,-0.07028,0.20458,0.54321,0.6128,-51.49514,0.44431,0.00304,0.15036,0.37553
1739450.0,0.1444,-118.52666,0.3996,-0.06814,0.20299,0.02085,0.36759,-49.04172,0.43664,0.00668,0.15016,0.13513
1739455.0,0.41877,54.87555,0.40152,-0.06327,0.20328,0.17537,0.31267,-10.98539,0.42424,0.00974,0.14958,0.09776
1739460.0,-0.14039,-111.83226,0.37541,-0.06404,0.20131,0.01971,0.1334,-35.85249,0.39516,0.01098,0.14823,0.0178
1739465.0,0.48647,125.37157,0.38651,-0.05853,0.20227,0.23665,0.64166,101.65155,0.41981,0.01728,0.15065,0.41173
1739470.0,0.40167,-16.96004,0.38803,-0.05393,0.20232,0.16134,0.32569,-63.19359,0.4104,0.02037,0.15007,0.10608
1739475.0,-0.07669,-95.67138,0.35689,-0.05416,0.2003,0.00588,0.20127,-24.88559,0.38949,0.02218,0.14889,0.04051
1739480.0,0.38234,91.80595,0.35944,-0.04979,0.20017,0.14619,0.24366,8.47821,0.3749,0.02439,0.14789,0.05937
1739485.0,-0.09466,-95.39958,0.33296,-0.05024,0.19818,0.00896,0.1276,-23.21069,0.35017,0.02542,0.14651,0.01628
1739490.0,0.52767,124.46471,0.35243,-0.04446,0.19948,0.27843,0.67058,108.59557,0.38221,0.03188,0.14913,0.44968
1739495.0,0.43717,-18.09889,0.36091,-0.03965,0.19975,0.19112,0.38363,-57.38978,0.38236,0.03539,0.14885,0.14717
1739500.0,-0.12797,-113.0291,0.33761,-0.04053,0.19783,0.01638,0.19334,-38.05777,0.36345,0.03697,0.1476,0.03738
1739505.0,0.33663,92.9199,0.33751,-0.03676,0.19725,0.11332,0.23514,8.35878,0.35062,0.03895,0.14651,0.05529
1739510.0,-0.21833,-110.99179,0.3256,-0.03857,0.1956,0.04767,0.06039,-34.94888,0.3216,0.03917,0.14505,0.00365
1739515.0,0.25641,94.94813,0.31868,-0.03562,0.1945,0.06575,0.52932,93.78471,0.34237,0.04407,0.14596,0.28018
1739520.0,0.11376,-28.52964,0.29818,-0.03413,0.19277,0.01294,0.1635,-73.16264,0.32448,0.04526,0.14464,0.02673
1739525.0,-0.33706,-90.1644,0.30207,-0.03716,0.19174,0.11361,0.01897,-28.90664,0.29393,0.045,0.1432,0.00036
1739530.0,0.31304,130.01985,0.30317,-0.03366,0.19103,0.09799,0.19463,35.13169,0.284,0.0465,0.14198,0.03788
1739535.0,-0.32174,-126.95492,0.30503,-0.03654,0.18993,0.10351,-0.03498,-45.922,0.2591,0.04568,0.14063,0.00122
1739540.0,0.40832,146.01064,0.31535,-0.03209,0.18997,0.16672,0.58396,123.78886,0.29159,0.05107,0.14206,0.34101
1739545.0,0.32975,-15.71289,0.31679,-0.02847,0.18935,0.10874,0.2685,-63.09246,0.28928,0.05324,0.14111,0.07209
1739550.0,-0.22708,-111.36624,0.30782,-0.03046,0.18785,0.05156,0.05321,-43.05735,0.26567,0.05324,0.13969,0.00283
1739555.0,0.41212,127.8391,0.31825,-0.02603,0.18789,0.16984,0.25908,41.17389,0.26501,0.0553,0.13871,0.06712
1739560.0,-0.15436,-113.2958,0.30186,-0.02732,0.18617,0.02383,0.07889,-36.03876,0.2464,0.05553,0.13733,0.00622
1739565.0,0.23371,77.61391,0.29505,-0.02471,0.18498,0.05462,0.45339,74.9001,0.2671,0.05951,0.13751,0.20556
1739570.0,0.09218,-28.30548,0.27476,-0.02354,0.18326,0.0085,0.12683,-65.31165,0.25307,0.06019,0.13618,0.01609
1739575.0,-0.44052,-106.54057,0.29134,-0.02771,0.18313,0.19406,-0.0399,-33.34589,0.23176,0.05919,0.13491,0.00159
1739580.0,0.0606,100.2246,0.26826,-0.02682,0.18138,0.00367,0.02473,12.92537,0.21105,0.05884,0.13358,0.00061
1739585.0,-0.46882,-105.8836,0.28832,-0.03124,0.18148,0.21979,-0.13105,-31.1563,0.20305,0.05694,0.13259,0.01717
1739590.0,0.11764,117.29166,0.27125,-0.02975,0.17988,0.01384,0.38324,102.85869,0.22107,0.06021,0.13231,0.14687
1739595.0,0.15194,6.86055,0.25932,-0.02794,0.17841,0.02309,0.17978,-40.69256,0.21694,0.0614,0.13113,0.03232
1739600.0,-0.30649,-91.68752,0.26404,-0.03072,0.17738,0.09394,0.0648,-22.99593,0.20173,0.06143,0.12982,0.0042
1739605.0,0.18166,97.63111,0.2558,-0.0286,0.17605,0.033,0.11769,10.5786,0.19332,0.062,0.12855,0.01385
1739610.0,-0.36188,-108.70886,0.26641,-0.03193,0.17538,0.13096,-0.08392,-40.32232,0.18238,0.06054,0.12747,0.00704
1739615.0,0.21452,115.28121,0.26122,-0.02947,0.17422,0.04602,0.4606,108.90432,0.21021,0.06454,0.12777,0.21215
1739620.0,0.1569,-11.52452,0.25079,-0.0276,0.17282,0.02462,0.15441,-61.23853,0.20463,0.06544,0.12657,0.02384
1739625.0,-0.46644,-124.66778,0.27235,-0.03199,0.17298,0.21756,-0.11045,-52.97244,0.19521,0.06368,0.12561,0.0122
1739630.0,0.12222,117.73142,0.25734,-0.03045,0.17148,0.01494,0.01955,26.00072,0.17764,0.06324,0.12437,0.00038
1739635.0,-0.41585,-107.6139,0.27319,-0.0343,0.17122,0.17293,-0.10267,-24.44456,0.17015,0.06158,0.1234,0.01054
1739640.0,-0.15908,51.35321,0.26178,-0.03555,0.16966,0.02531,0.21067,62.66938,0.1742,0.06307,0.12238,0.04438
1739645.0,-0.09362,13.09211,0.24496,-0.03613,0.168,0.00877,-0.0455,-51.23473,0.16133,0.06198,0.12127,0.00207
1739650.0,-0.60838,-102.95109,0.28131,-0.04186,0.16953,0.37013,-0.19578,-30.05692,0.16477,0.05941,0.12071,0.03833
1739655.0,0.08012,137.69995,0.26119,-0.04064,0.16798,0.00642,0.00251,39.65944,0.14855,0.05884,0.11953,1e-05
1739660.0,-0.37152,-90.32798,0.27222,-0.04394,0.16737,0.13803,-0.09429,-19.36082,0.14312,0.05731,0.11857,0.00889
1739665.0,-0.03587,67.13074,0.24859,-0.04386,0.1657,0.00129,0.24278,67.4132,0.15309,0.05916,0.11772,0.05894
1739670.0,0.01737,10.64776,0.22546,-0.04325,0.16408,0.0003,0.01757,-45.04042,0.13954,0.05874,0.11656,0.00031
1739675.0,-0.42773,-89.0207,0.24569,-0.0471,0.16389,0.18295,-0.08118,-19.75076,0.1337,0.05735,0.11559,0.00659
1739680.0,0.16132,117.81048,0.23725,-0.04501,0.16267,0.02602,0.04627,25.48935,0.12496,0.05723,0.11443,0.00214
1739685.0,-0.29958,-92.18098,0.24349,-0.04756,0.16168,0.08975,-0.09066,-27.38524,0.12153,0.05576,0.1135,0.00822
1739690.0,0.02959,65.83394,0.2221,-0.04679,0.16012,0.00088,0.28171,74.47477,0.13755,0.05802,0.11287,0.07936
1739695.0,-0.08815,-23.54785,0.2087,-0.0472,0.15854,0.00777,-0.03106,-62.55437,0.1269,0.05712,0.11182,0.00096
1739700.0,-0.68688,-119.74618,0.25652,-0.0536,0.16096,0.47181,-0.24267,-42.322,0.13847,0.05413,0.11158,0.05889
1739705.0,0.01488,140.35371,0.23236,-0.05291,0.1594,0.00022,-0.03844,40.84501,0.12847,0.0532,0.11055,0.00148
1739710.0,-0.4302,-89.01769,0.25214,-0.05668,0.1592,0.18508,-0.13129,-18.57033,0.12875,0.05136,0.10978,0.01724
1739715.0,-0.2498,36.0806,0.25191,-0.05862,0.15797,0.0624,0.12861,51.98158,0.12874,0.05213,0.10874,0.01654
1739720.0,-0.17113,15.73395,0.24383,-0.05974,0.15652,0.02929,-0.08505,-42.73332,0.12437,0.05076,0.10783,0.00723
1739725.0,-0.76086,-117.94497,0.29553,-0.06675,0.15977,0.5789,-0.32611,-48.21161,0.14454,0.04699,0.10815,0.10635
1739730.0,-0.04789,142.59294,0.27077,-0.06656,0.15818,0.00229,-0.11193,42.83538,0.14128,0.0454,0.10731,0.01253
1739735.0,-0.56821,-104.06297,0.30051,-0.07158,0.15906,0.32286,-0.60738,-99.08826,0.18789,0.03887,0.11042,0.36891
1739740.0,-0.61858,-10.07518,0.33232,-0.07705,0.1604,0.38264,-0.43634,34.20674,0.21274,0.03412,0.11153,0.19039
1739745.0,-0.41491,40.73415,0.34058,-0.08043,0.15992,0.17215,-0.52846,-18.42383,0.24431,0.02849,0.11351,0.27927
1739750.0,-0.89457,-95.93211,0.39598,-0.08857,0.16482,0.80026,-0.6256,-19.42691,0.28244,0.02195,0.11657,0.39137
1739755.0,-0.16297,146.32063,0.37268,-0.08931,0.16322,0.02656,-0.3409,56.93869,0.28829,0.01832,0.1167,0.11621
1739760.0,-0.42106,-51.61748,0.37751,-0.09263,0.16267,0.17729,-0.66776,-65.3722,0.32623,0.01146,0.12014,0.44591
1739765.0,-0.56801,-29.39006,0.39656,-0.09739,0.16326,0.32263,-0.54658,24.23719,0.34827,0.00588,0.12199,0.29875
1739770.0,-0.28414,56.77355,0.38532,-0.09925,0.16197,0.08073,-0.56507,-3.69785,0.36995,0.00017,0.12397,0.3193
1739775.0,-0.77697,-98.56638,0.42449,-0.10603,0.16485,0.60368,-0.65586,-18.15906,0.39854,-0.00639,0.12695,0.43015
1739780.0,0.02864,161.12158,0.3849,-0.10468,0.16338,0.00082,-0.34053,63.06569,0.39274,-0.00973,0.12677,0.11596
1739785.0,-0.16591,-38.90924,0.363,-0.1053,0.16178,0.02753,-0.64153,-60.19908,0.41762,-0.01605,0.12942,0.41156
1739790.0,-0.42231,-51.28054,0.36893,-0.10847,0.16115,0.17835,-0.54436,19.43365,0.43029,-0.02133,0.13086,0.29633
1739795.0,-0.06899,70.66376,0.33894,-0.10807,0.15955,0.00476,-0.4657,15.73209,0.43383,-0.02577,0.13148,0.21688
1739800.0,-0.58508,-103.21826,0.36355,-0.11284,0.16019,0.34232,-0.56501,-19.862,0.44695,-0.03117,0.13302,0.31924
1739805.0,0.36905,190.8269,0.3641,-0.10802,0.16086,0.1362,-0.17279,78.44464,0.41953,-0.03258,0.13189,0.02986
1739810.0,0.13794,-46.22143,0.34149,-0.10556,0.15984,0.01903,-0.45501,-56.44436,0.42308,-0.03681,0.13232,0.20703
1739815.0,-0.31807,-91.20188,0.33915,-0.10769,0.15869,0.10117,-0.49494,-7.98613,0.43027,-0.04139,0.13305,0.24496
1739820.0,0.19176,101.96555,0.32441,-0.10469,0.15798,0.03677,-0.33573,31.84211,0.42081,-0.04433,0.13257,0.11271
1739825.0,-0.35374,-109.1004,0.32734,-0.10718,0.15701,0.12513,-0.44749,-22.35183,0.42348,-0.04836,0.13284,0.20025
1739830.0,0.66086,202.92023,0.36069,-0.0995,0.16122,0.43674,0.42051,173.59935,0.42318,-0.04367,0.13366,0.17683
1739835.0,0.56412,-19.34874,0.38103,-0.09287,0.16392,0.31823,0.15829,-52.44446,0.39669,-0.04165,0.13272,0.02505
1739840.0,0.05999,-100.82503,0.34893,-0.09134,0.16251,0.0036,0.05225,-21.2069,0.36225,-0.04072,0.13148,0.00273
1739845.0,0.44534,77.06927,0.35857,-0.08597,0.16371,0.19833,0.05717,0.98396,0.33174,-0.03974,0.13026,0.00327
1739850.0,-0.04684,-98.43568,0.3274,-0.08558,0.16209,0.00219,-0.03808,-19.05069,0.30238,-0.03972,0.12896,0.00145
1739855.0,0.51727,112.82224,0.34639,-0.07955,0.16403,0.26757,0.52345,112.30624,0.32448,-0.03409,0.13078,0.274
1739860.0,0.51814,0.1738,0.36356,-0.07357,0.16589,0.26847,0.27298,-50.09405,0.31933,-0.03102,0.1304,0.07452
1739865.0,-0.06727,-117.08134,0.33393,-0.07351,0.16423,0.00452,0.0579,-43.01566,0.29319,-0.03013,0.12917,0.00335
1739870.0,0.49893,113.23945,0.35043,-0.06779,0.1658,0.24893,0.18115,24.65029,0.28199,-0.02802,0.12831,0.03282
1739875.0,-0.0016,-100.10587,0.31555,-0.06713,0.16419,0.0,0.10689,-14.85311,0.26448,-0.02667,0.12721,0.01142
1739880.0,0.47374,95.06741,0.33137,-0.06172,0.16541,0.22443,0.59298,97.218,0.29733,-0.02047,0.1297,0.35162
1739885.0,0.56189,17.62998,0.35442,-0.05548,0.16757,0.31572,0.39325,-39.94614,0.30692,-0.01633,0.13008,0.15464
1739890.0,0.05282,-101.81351,0.32426,-0.0544,0.16601,0.00279,0.22333,-33.98359,0.29856,-0.01394,0.12934,0.04988
1739895.0,0.68972,127.37894,0.36081,-0.04696,0.16978,0.47571,0.42324,39.9815,0.31103,-0.00956,0.12992,0.17913
1739900.0,-0.00235,-138.41273,0.32496,-0.04651,0.1681,1e-05,0.1649,-51.66661,0.29641,-0.00782,0.12892,0.02719
1739905.0,0.47248,94.96532,0.33971,-0.04132,0.16906,0.22324,0.60836,88.69144,0.32761,-0.00166,0.13135,0.3701
1739910.0,0.47529,0.56219,0.35327,-0.03615,0.16998,0.2259,0.34467,-52.73835,0.32931,0.0018,0.13122,0.1188
1739915.0,-0.11128,-117.31406,0.32907,-0.03691,0.16834,0.01238,0.15359,-38.21619,0.31174,0.00332,0.13013,0.02359
1739920.0,0.45938,114.13165,0.3421,-0.03194,0.16907,0.21103,0.2639,22.06265,0.30696,0.00593,0.12949,0.06964
1739925.0,-0.04218,-100.31091,0.31211,-0.03205,0.16738,0.00178,0.14124,-24.53152,0.29039,0.00728,0.12838,0.01995
1739930.0,0.52112,112.65968,0.33301,-0.02651,0.1687,0.27157,0.64716,101.18419,0.32606,0.01368,0.13111,0.41882
1739935.0,0.51748,-0.72792,0.35146,-0.02107,0.16992,0.26779,0.37721,-53.99022,0.33118,0.01732,0.13109,0.14229
1739940.0,-0.07635,-118.76714,0.32395,-0.02163,0.16825,0.00583,0.14473,-46.49757,0.31253,0.01859,0.12994,0.02095
1739945.0,0.49053,113.3771,0.34061,-0.0165,0.16914,0.24062,0.25474,22.00376,0.30675,0.02095,0.12919,0.06489
1739950.0,-0.01694,-101.49525,0.30824,-0.01651,0.16744,0.00029,0.09534,-31.881,0.28561,0.0217,0.12795,0.00909
1739955.0,0.628,128.98959,0.34022,-0.01006,0.16984,0.39439,0.66643,114.21857,0.3237,0.02814,0.13074,0.44413
1739960.0,0.35794,-54.01181,0.34199,-0.00638,0.16947,0.12812,0.21104,-91.07753,0.31243,0.02997,0.12977,0.04454
1739965.0,-0.13679,-98.94712,0.32147,-0.00769,0.16794,0.01871,0.0552,-31.16784,0.28671,0.03022,0.12847,0.00305
1739970.0,0.60584,148.52544,0.34991,-0.00155,0.16995,0.36704,0.29497,47.95288,0.28753,0.03287,0.12788,0.08701
1739975.0,-0.00133,-121.4334,0.31505,-0.00155,0.16825,0.0,0.10504,-37.98519,0.26928,0.03359,0.12665,0.01103
1739980.0,0.89599,179.46445,0.37314,0.00742,0.17447,0.8028,0.85687,150.36607,0.32804,0.04183,0.13202,0.73423
1739985.0,0.67929,-43.33992,0.40376,0.01414,0.17715,0.46144,0.40285,-90.80396,0.33552,0.04544,0.13198,0.16229
1739990.0,0.23121,-89.61681,0.3865,0.01631,0.17584,0.05346,0.28476,-23.61932,0.33045,0.04783,0.13122,0.08109
1739995.0,0.679,89.55803,0.41575,0.02294,0.17838,0.46104,0.35243,13.53497,0.33265,0.05088,0.13082,0.12421
1740000.0,0.06004,-123.79071,0.38018,0.02331,0.17661,0.00361,0.15386,-39.71432,0.31477,0.05191,0.12962,0.02367
1740005.0,1.0,187.99126,0.44216,0.03308,0.18419,1.0,0.92481,154.19073,0.37577,0.06063,0.13579,0.85528
1740010.0,0.69119,-61.76224,0.46707,0.03966,0.1866,0.47774,0.43582,-97.79962,0.38178,0.06439,0.13581,0.18994
1740015.0,0.25102,-88.03317,0.44546,0.04177,0.18517,0.06301,0.34797,-17.56926,0.3784,0.06722,0.13524,0.12108
1740020.0,0.59696,69.18778,0.46061,0.04733,0.18634,0.35636,0.34602,-0.39026,0.37516,0.07001,0.13465,0.11973
1740025.0,0.00156,-119.08044,0.41471,0.04687,0.1845,0.0,0.10932,-47.34015,0.34857,0.0704,0.13332,0.01195
1740030.0,0.86735,173.15814,0.45997,0.05507,0.18925,0.7523,0.42556,63.24823,0.35627,0.07395,0.13322,0.1811
1740035.0,0.57002,-59.46535,0.47098,0.06022,0.18995,0.32493,0.0606,-72.99133,0.32671,0.07382,0.13189,0.00367
1740040.0,-0.02469,-118.9433,0.42635,0.05937,0.18813,0.00061,-0.10975,-34.06951,0.30501,0.07199,0.1309,0.01204
1740045.0,0.2678,58.49932,0.41049,0.06146,0.18667,0.07172,-0.12372,-2.794,0.28688,0.07003,0.12997,0.01531
1740050.0,-0.37721,-129.00369,0.40717,0.05707,0.18669,0.14229,-0.33497,-42.25017,0.29169,0.06598,0.13028,0.1122
1740055.0,0.53055,181.55318,0.4195,0.06181,0.18702,0.28148,0.10303,87.59935,0.27282,0.06635,0.12899,0.01062
1740060.0,0.10348,-85.41422,0.3879,0.06222,0.18517,0.01071,-0.3494,-90.48608,0.28048,0.06219,0.12939,0.12208
1740065.0,-0.35997,-92.69082,0.38511,0.058,0.18506,0.12958,-0.41376,-12.87129,0.29381,0.05743,0.13032,0.17119
1740070.0,-0.11302,49.39078,0.3579,0.05629,0.1835,0.01277,-0.45478,-8.20498,0.30991,0.05231,0.13159,0.20683
1740075.0,-0.63549,-104.49384,0.38566,0.04937,0.18635,0.40385,-0.53168,-15.37879,0.33208,0.04647,0.13361,0.28268
1740080.0,0.30296,187.68913,0.37739,0.05191,0.18512,0.09178,-0.06968,92.4,0.30584,0.04531,0.13241,0.00485
1740085.0,0.06561,-47.46962,0.34621,0.05204,0.18327,0.0043,-0.38025,-62.11518,0.31328,0.04105,0.13286,0.14459
1740090.0,-0.31146,-75.41455,0.34274,0.04841,0.18273,0.09701,-0.37843,0.3642,0.3198,0.03686,0.13326,0.14321
1740095.0,-0.06856,48.5807,0.31532,0.04724,0.18104,0.0047,-0.38522,-1.35888,0.32634,0.03264,0.13367,0.1484
1740100.0,-0.5138,-89.04839,0.33517,0.04163,0.18231,0.26399,-0.44343,-11.64057,0.33805,0.02788,0.13455,0.19663
1740105.0,0.24857,152.47368,0.32651,0.0437,0.18091,0.06178,-0.14748,59.18982,0.31899,0.02612,0.13351,0.02175
1740110.0,-0.06564,-62.84031,0.30042,0.04261,0.17922,0.00431,-0.51002,-72.50799,0.33809,0.02076,0.13499,0.26012
1740115.0,-0.18007,-22.8872,0.28838,0.04038,0.17791,0.03243,-0.3082,40.36356,0.3351,0.01747,0.1347,0.09499
1740120.0,0.21549,79.1121,0.2811,0.04213,0.17643,0.04644,-0.23468,14.7047,0.32506,0.01495,0.13398,0.05507
1740125.0,-0.34438,-111.9734,0.28742,0.03827,0.17613,0.1186,-0.36927,-26.91844,0.32948,0.01111,0.13409,0.13636
1740130.0,0.40149,149.17407,0.29883,0.0419,0.17567,0.1612,-0.07918,58.01797,0.30445,0.01021,0.13282,0.00627
1740135.0,-0.17916,-116.13039,0.28686,0.03969,0.17439,0.0321,-0.59648,-103.45934,0.33365,0.00414,0.1351,0.35578
1740140.0,-0.28149,-20.46672,0.28633,0.03647,0.17366,0.07924,-0.38332,42.63165,0.33862,0.00026,0.13522,0.14693
1740145.0,-0.12315,31.66952,0.27001,0.03488,0.17217,0.01516,-0.48457,-20.25037,0.35322,-0.00458,0.13618,0.23481
1740150.0,-0.39759,-54.8894,0.28277,0.03055,0.17228,0.15808,-0.40574,15.76675,0.35847,-0.0086,0.13639,0.16462
1740155.0,0.27321,134.1601,0.28181,0.03298,0.17113,0.07464,-0.13405,54.33764,0.33603,-0.00985,0.13518,0.01797
1740160.0,-0.29415,-113.47228,0.28305,0.02971,0.17047,0.08653,-0.24096,-21.38312,0.32652,-0.01216,0.13435,0.05806
1740165.0,-0.13363,32.10435,0.2681,0.02808,0.16903,0.01786,0.04725,57.64234,0.29859,-0.01157,0.13304,0.00223
1740170.0,-0.07366,11.99361,0.24866,0.02706,0.16744,0.00543,-0.1616,-41.76947,0.28489,-0.01307,0.13193,0.02611
1740175.0,-0.68704,-122.6757,0.2925,0.01992,0.17076,0.47203,-0.36386,-40.45226,0.29279,-0.01658,0.13182,0.13239
1740180.0,0.01767,140.94215,0.26502,0.01989,0.16906,0.00031,-0.13207,46.35799,0.27672,-0.01773,0.13063,0.01744
1740185.0,-0.43868,-91.2687,0.28238,0.01531,0.16943,0.19244,-0.21363,-16.31219,0.27041,-0.01969,0.1297,0.04564
1740190.0,-0.01035,85.66486,0.25518,0.01505,0.16774,0.00011,0.22181,87.08788,0.26555,-0.01727,0.12898,0.0492
1740195.0,0.03754,9.57867,0.23341,0.01528,0.16607,0.00141,-0.00585,-45.53124,0.23958,-0.01716,0.12769,3e-05
1740200.0,-0.50481,-108.46958,0.26055,0.01008,0.16706,0.25483,-0.16317,-31.4636,0.23194,-0.01862,0.12662,0.02662
1740205.0,0.09898,120.75757,0.2444,0.01097,0.16546,0.0098,-0.05119,22.39493,0.21386,-0.01895,0.12537,0.00262
1740210.0,-0.45017,-109.83,0.26497,0.00635,0.16589,0.20265,-0.20353,-30.46719,0.21283,-0.02079,0.12445,0.04142
1740215.0,0.23229,136.49171,0.26171,0.00861,0.16473,0.05396,0.41804,124.31369,0.23335,-0.0164,0.12509,0.17476
1740220.0,0.17081,-12.29664,0.25262,0.01024,0.16334,0.02918,0.10655,-62.29755,0.22067,-0.01517,0.12399,0.01135
1740225.0,-0.30311,-94.78416,0.25767,0.0071,0.16267,0.09188,-0.07529,-36.36921,0.20613,-0.01577,0.12278,0.00567
1740230.0,0.19658,99.93858,0.25156,0.009,0.1614,0.03864,0.00206,15.47006,0.18573,-0.0156,0.12156,0.0
1740235.0,-0.36436,-112.18725,0.26284,0.00526,0.16115,0.13276,-0.1567,-31.75229,0.18282,-0.01701,0.12054,0.02456
1740240.0,0.72999,218.87027,0.30955,0.01251,0.16469,0.53289,0.73475,178.2907,0.23802,-0.00949,0.12487,0.53986
1740245.0,0.53001,-39.99688,0.3316,0.01769,0.16567,0.28091,0.32542,-81.86526,0.24676,-0.00614,0.12472,0.1059
1740250.0,0.01517,-102.96859,0.29996,0.01766,0.16401,0.00023,0.15559,-33.9664,0.23764,-0.00452,0.12373,0.02421
1740255.0,0.73248,143.4624,0.34321,0.02481,0.16738,0.53653,0.43078,55.03827,0.25695,-0.00017,0.12435,0.18557
1740260.0,0.11037,-124.42114,0.31992,0.02566,0.16577,0.01218,0.22359,-41.43826,0.25362,0.00207,0.1236,0.04999
1740265.0,0.98547,175.01933,0.38648,0.03526,0.17315,0.97115,0.50438,56.1576,0.27869,0.00709,0.12483,0.2544
1740270.0,0.75508,-46.07895,0.42334,0.04246,0.17649,0.57014,0.19181,-62.51479,0.27001,0.00894,0.12392,0.03679
1740275.0,0.29626,-91.76316,0.41063,0.045,0.17536,0.08777,0.17127,-4.10729,0.26013,0.01056,0.12294,0.02933
1740280.0,0.56074,52.89642,0.42564,0.05016,0.17621,0.31443,0.1691,-0.43428,0.25103,0.01215,0.12196,0.02859
1740285.0,0.0375,-104.64837,0.38683,0.05003,0.17445,0.00141,0.05109,-23.60148,0.23103,0.01254,0.12075,0.00261
1740290.0,0.75143,142.78535,0.42329,0.05704,0.17753,0.56464,0.29971,49.72431,0.2379,0.01541,0.12035,0.08983
1740295.0,0.37498,-75.28972,0.41846,0.06022,0.17674,0.14061,-0.07996,-75.93492,0.22211,0.01445,0.11924,0.00639
1740300.0,0.12329,-50.33818,0.38894,0.06085,0.17502,0.0152,0.01623,19.23777,0.20152,0.01447,0.11805,0.00026
1740305.0,0.48989,73.32147,0.39903,0.06514,0.17507,0.24,0.05579,7.91182,0.18695,0.01488,0.11688,0.00311
1740310.0,-0.2821,-154.39833,0.38734,0.06167,0.1745,0.07958,-0.23828,-58.81324,0.19208,0.01235,0.11634,0.05678
1740315.0,0.46686,149.79129,0.39529,0.06572,0.17436,0.21796,0.07961,63.57772,0.18083,0.01303,0.11522,0.00634
1740320.0,0.11939,-69.49405,0.3677,0.06626,0.17265,0.01425,-0.31417,-78.75643,0.19417,0.00975,0.11512,0.09871
1740325.0,-0.106,-45.07816,0.34153,0.06454,0.17121,0.01124,-0.22925,16.98474,0.19768,0.00736,0.11453,0.05256
1740330.0,0.11642,44.48469,0.31902,0.06506,0.16953,0.01355,-0.28772,-11.69482,0.20668,0.00441,0.11424,0.08279
1740335.0,-0.44772,-112.82766,0.33189,0.05993,0.17041,0.20045,-0.41874,-26.20233,0.22789,0.00018,0.11485,0.17534
1740340.0,0.40562,170.66797,0.33926,0.06339,0.16988,0.16453,-0.05395,72.95725,0.21049,-0.00036,0.11373,0.00291
1740345.0,0.06397,-68.3306,0.31173,0.06339,0.16818,0.00409,-0.43289,-75.78873,0.23273,-0.00469,0.11443,0.1874
1740350.0,-0.24081,-60.95548,0.30464,0.06035,0.1674,0.05799,-0.39637,7.30485,0.2491,-0.0086,0.11478,0.15711
1740355.0,-0.088,30.56108,0.28298,0.05887,0.16595,0.00774,-0.46077,-12.87933,0.27026,-0.01312,0.11564,0.21231
1740360.0,-0.71595,-125.58894,0.32627,0.05112,0.17017,0.51258,-0.63454,-34.75379,0.30669,-0.01934,0.11827,0.40263
1740365.0,0.08413,160.01605,0.30206,0.05145,0.16848,0.00708,-0.30648,65.61086,0.30667,-0.02221,0.11789,0.09393
1740370.0,-0.30748,-78.32184,0.3026,0.04786,0.16806,0.09454,-0.71971,-82.64529,0.34797,-0.02918,0.12148,0.51798
1740375.0,-0.31625,-1.75552,0.30397,0.04422,0.16768,0.10002,-0.46056,51.82947,0.35923,-0.0335,0.12209,0.21212
1740380.0,0.01659,66.56945,0.27523,0.04394,0.16601,0.00028,-0.38961,14.18939,0.36227,-0.03706,0.12211,0.1518
1740385.0,-0.53792,-110.90352,0.3015,0.03812,0.16766,0.28936,-0.50609,-23.29531,0.37665,-0.04175,0.12305,0.25613
1740390.0,0.16052,139.68912,0.2874,0.03935,0.16613,0.02577,-0.25204,50.81055,0.36419,-0.04385,0.12225,0.06352
1740395.0,-0.32457,-97.01893,0.29112,0.03571,0.16577,0.10535,-0.28214,-6.02071,0.35599,-0.04624,0.12159,0.0796
1740400.0,-0.0748,49.95404,0.26949,0.0346,0.16423,0.0056,0.08373,73.17338,0.32876,-0.04494,0.12054,0.00701
1740405.0,0.06273,27.50613,0.24881,0.03488,0.1626,0.00393,-0.067,-30.14565,0.30258,-0.04516,0.11934,0.00449
1740410.0,-0.49747,-112.03902,0.27368,0.02956,0.16375,0.24747,-0.25551,-37.70068,0.29788,-0.04726,0.11858,0.06528
1740415.0,0.19886,139.26585,0.2662,0.03125,0.16239,0.03955,0.01027,53.15499,0.26912,-0.04668,0.11742,0.00011
1740420.0,-0.4618,-132.13269,0.28576,0.02632,0.16315,0.21326,-0.21218,-44.48921,0.26342,-0.04834,0.11652,0.04502
1740425.0,0.14608,121.57716,0.27179,0.02752,0.16166,0.02134,0.36294,115.02263,0.27337,-0.04423,0.11701,0.13172
1740430.0,0.34603,39.98934,0.27921,0.03071,0.16104,0.11974,0.24505,-23.5779,0.27054,-0.04133,0.11666,0.06005
1740435.0,-0.24603,-118.41308,0.2759,0.02794,0.16018,0.06053,0.05976,-37.05725,0.24946,-0.04032,0.11559,0.00357
1740440.0,0.33902,117.01093,0.28221,0.03105,0.15953,0.11494,0.19028,26.10441,0.24354,-0.03802,0.11496,0.03621
1740445.0,-0.16728,-101.26067,0.27072,0.02907,0.15832,0.02798,0.03621,-30.81473,0.22281,-0.03727,0.11386,0.00131
1740450.0,0.75238,183.93173,0.31888,0.0363,0.16186,0.56607,0.80094,152.94707,0.28062,-0.02889,0.11961,0.64151
1740455.0,0.62882,-24.71131,0.34988,0.04222,0.16368,0.39541,0.48127,-63.93454,0.30069,-0.02379,0.12097,0.23162
1740460.0,0.08914,-107.93645,0.3238,0.04269,0.16207,0.00795,0.29409,-37.43718,0.30003,-0.02061,0.12075,0.08649
1740465.0,0.55174,92.52042,0.3466,0.04778,0.16299,0.30442,0.33414,8.01145,0.30344,-0.01706,0.12077,0.11165
1740470.0,-0.06655,-123.65884,0.31859,0.04664,0.16148,0.00443,0.13643,-39.543,0.28674,-0.01553,0.11979,0.01861
1740475.0,0.84247,181.80449,0.37098,0.0546,0.16608,0.70975,0.51135,74.98445,0.3092,-0.01026,0.12132,0.26148
1740480.0,0.44913,-78.66807,0.37879,0.05854,0.16594,0.20172,0.06768,-88.73465,0.28505,-0.00948,0.12016,0.00458
1740485.0,0.01189,-87.44701,0.3421,0.05808,0.1643,0.00014,-0.0126,-16.05474,0.2578,-0.00951,0.11896,0.00016
1740490.0,0.3102,59.66116,0.33891,0.0606,0.16328,0.09622,-0.02963,-3.40653,0.23499,-0.00971,0.11778,0.00088
1740495.0,-0.28483,-119.00465,0.3335,0.05714,0.16282,0.08113,-0.15097,-24.26886,0.22658,-0.01113,0.11679,0.02279
1740500.0,0.56269,169.50348,0.35642,0.0622,0.1637,0.31662,0.19194,68.58215,0.22312,-0.0091,0.11603,0.03684
1740505.0,0.11175,-90.18886,0.33196,0.06269,0.16208,0.01249,-0.31992,-102.37233,0.2328,-0.0122,0.11582,0.10235
1740510.0,-0.29055,-80.45976,0.32781,0.05916,0.16169,0.08442,-0.35798,-7.61196,0.24532,-0.01566,0.11583,0.12815
1740515.0,0.04092,66.2951,0.29913,0.05898,0.16007,0.00167,-0.29887,11.8223,0.25067,-0.01849,0.11546,0.08932
1740520.0,-0.61271,-130.72646,0.33048,0.05226,0.16289,0.37541,-0.49233,-38.6918,0.27484,-0.02323,0.1165,0.24239
1740525.0,0.1863,159.80118,0.31607,0.0536,0.16144,0.03471,-0.17422,63.62186,0.26478,-0.02474,0.11556,0.03035
1740530.0,-0.2242,-82.0988,0.30688,0.05083,0.16058,0.05026,-0.60783,-86.72126,0.29908,-0.03057,0.11774,0.36946
1740535.0,-0.24441,-4.04204,0.30063,0.04787,0.15983,0.05973,-0.31871,57.82281,0.30105,-0.03345,0.11738,0.10158
1740540.0,-0.08927,31.02816,0.27949,0.0465,0.15842,0.00797,-0.39001,-14.25927,0.30994,-0.03702,0.11745,0.15211
1740545.0,-0.55638,-93.42343,0.30718,0.04047,0.1604,0.30956,-0.444,-10.79794,0.32335,-0.04109,0.1179,0.19714
1740550.0,0.15272,141.82033,0.29174,0.0416,0.15892,0.02332,-0.19264,50.27131,0.31028,-0.04261,0.11694,0.03711
1740555.0,-0.42734,-116.01125,0.3053,0.03691,0.15948,0.18262,-0.33166,-27.80254,0.31242,-0.0455,0.11659,0.11
1740560.0,-0.25116,35.23563,0.29988,0.03403,0.1587,0.06308,-0.01834,62.66247,0.28301,-0.04522,0.11543,0.00034
1740565.0,-0.26716,-3.19943,0.29661,0.03101,0.158,0.07137,-0.326,-61.53036,0.28731,-0.04803,0.11505,0.10627
1740570.0,-0.80153,-106.87523,0.3471,0.02269,0.16322,0.64245,-0.48834,-32.46952,0.30741,-0.05244,0.1158,0.23848
1740575.0,-0.14937,130.43277,0.32733,0.02097,0.16187,0.02231,-0.29458,38.75344,0.30613,-0.05486,0.11522,0.08678
1740580.0,-0.60933,-91.99227,0.35553,0.01466,0.16415,0.37128,-0.35716,-12.51701,0.31123,-0.05788,0.11496,0.12756
1740585.0,0.11015,143.89587,0.33099,0.01562,0.1626,0.01213,0.2705,125.53259,0.30716,-0.0546,0.11487,0.07317
1740590.0,0.31724,41.41833,0.32962,0.01864,0.16186,0.10064,0.16334,-21.43282,0.29278,-0.05242,0.11419,0.02668
1740595.0,-0.1939,-102.22926,0.31605,0.01651,0.16069,0.0376,0.05082,-22.50296,0.26858,-0.05138,0.11315,0.00258
1740600.0,0.30725,100.2314,0.31517,0.01942,0.15991,0.0944,0.16051,21.93711,0.25777,-0.04927,0.11246,0.02576
1740605.0,-0.2034,-102.13025,0.30399,0.01719,0.1588,0.04137,0.048,-22.50202,0.2368,-0.04829,0.11143,0.0023
1740610.0,0.82161,205.00264,0.35575,0.02523,0.16355,0.67505,0.89045,168.48941,0.30216,-0.03891,0.11895,0.79289
1740615.0,0.60251,-43.82173,0.38043,0.03101,0.16518,0.36301,0.49478,-79.13221,0.32142,-0.03357,0.12055,0.24481
1740620.0,0.05787,-108.92724,0.34817,0.03128,0.16354,0.00335,0.34441,-30.07568,0.32372,-0.02979,0.12075,0.11862
1740625.0,0.44411,77.24828,0.35777,0.0354,0.16357,0.19723,0.31753,-5.37493,0.3231,-0.02632,0.12072,0.10083
1740630.0,-0.34606,-158.03346,0.35659,0.03159,0.16336,0.11976,-0.00824,-65.15337,0.29162,-0.02613,0.11952,7e-05
1740635.0,0.52079,173.36971,0.37301,0.03648,0.16407,0.27122,0.32615,66.87816,0.29507,-0.02261,0.11954,0.10638
1740640.0,0.33274,-37.61097,0.36899,0.03944,0.16329,0.11071,0.02804,-59.62394,0.26837,-0.02211,0.11837,0.00079
1740645.0,0.07732,-51.08411,0.33982,0.03982,0.16167,0.00598,0.08272,10.93627,0.2498,-0.02106,0.11729,0.00684
1740650.0,0.37398,59.33213,0.34324,0.04316,0.16115,0.13986,0.05732,-5.07938,0.23055,-0.02027,0.11618,0.00329
1740655.0,-0.23646,-122.08765,0.33256,0.04037,0.16031,0.05591,-0.07327,-26.11741,0.21482,-0.0208,0.11504,0.00537
1740660.0,0.707,188.6929,0.37,0.04703,0.16306,0.49985,0.33341,81.3351,0.22668,-0.01726,0.11512,0.11116
1740665.0,0.49714,-41.97167,0.38272,0.05153,0.16341,0.24715,-0.0052,-67.72184,0.20453,-0.01714,0.11397,3e-05
1740670.0,0.2219,-55.04821,0.36664,0.05324,0.16206,0.04924,0.05284,11.60777,0.18936,-0.01644,0.11288,0.00279
1740675.0,0.23914,3.44667,0.35389,0.0551,0.16078,0.05719,-0.12583,-35.73337,0.18301,-0.01753,0.11187,0.01583
1740680.0,-0.44721,-137.26892,0.36322,0.05007,0.16165,0.19999,-0.34064,-42.96272,0.19877,-0.02077,0.11177,0.11604
1740685.0,0.34475,158.39226,0.36137,0.05302,0.16088,0.11886,-0.03382,61.36367,0.18228,-0.0209,0.11066,0.00114
1740690.0,-0.17806,-104.56369,0.34304,0.05071,0.1598,0.03171,-0.51551,-96.33792,0.2156,-0.02584,0.11195,0.26575
1740695.0,-0.38074,-40.53514,0.34681,0.0464,0.16002,0.14496,-0.36224,30.65459,0.23027,-0.02921,0.11194,0.13122
1740700.0,-0.29756,16.63649,0.34189,0.04296,0.15958,0.08854,-0.4949,-26.53189,0.25673,-0.03386,0.11295,0.24493
1740705.0,-1.0,-140.48842,0.4077,0.03253,0.16865,1.0,-0.73358,-47.73625,0.30442,-0.04086,0.11661,0.53814
1740710.0,-0.32856,134.28822,0.39978,0.02892,0.16824,0.10795,-0.51158,44.40019,0.32513,-0.04557,0.11762,0.26171
1740715.0,-0.85725,-105.73899,0.44553,0.02005,0.17425,0.73488,-0.57834,-13.35096,0.35045,-0.0509,0.11923,0.33447
1740720.0,-0.37316,96.81841,0.43829,0.01612,0.17403,0.13925,-0.03649,108.36852,0.31906,-0.05075,0.11804,0.00133
1740725.0,-0.28843,16.94618,0.42331,0.01308,0.17319,0.08319,-0.24143,-40.98744,0.31129,-0.05266,0.11721,0.05829
1740730.0,-0.9077,-123.85306,0.47175,0.00387,0.17977,0.82391,-0.47984,-47.68197,0.32815,-0.05693,0.11783,0.23025
1740735.0,-0.24211,133.11781,0.44878,0.00141,0.17857,0.05862,-0.2443,47.10885,0.31976,-0.0588,0.11699,0.05968
1740740.0,-0.69195,-89.96859,0.4731,-0.00552,0.18149,0.47879,-0.31235,-13.61068,0.31902,-0.06134,0.11645,0.09756
1740745.0,0.21278,180.94606,0.44707,-0.00334,0.18015,0.04528,0.45216,152.90108,0.33234,-0.0562,0.11787,0.20445
1740750.0,-0.02525,-47.60624,0.40489,-0.00356,0.17835,0.00064,-0.00174,-90.77846,0.29928,-0.05566,0.11672,0.0
1740755.0,-0.41174,-77.29758,0.40557,-0.00764,0.1782,0.16953,-0.06993,-13.63866,0.27634,-0.0558,0.11556,0.00489
1740760.0,0.02829,88.0064,0.36784,-0.00728,0.17643,0.0008,-0.00918,12.14944,0.24962,-0.05534,0.11442,8e-05
1740765.0,-0.5384,-113.33851,0.3849,-0.01259,0.17743,0.28987,-0.16856,-31.87634,0.24152,-0.05647,0.11341,0.02841
1740770.0,0.43971,195.62173,0.39038,-0.00807,0.17766,0.19334,0.25732,85.17642,0.2431,-0.05333,0.11324,0.06621
1740775.0,0.17701,-52.53923,0.36904,-0.00622,0.17622,0.03133,-0.09837,-71.13849,0.22863,-0.05378,0.11212,0.00968
1740780.0,-0.2321,-81.82261,0.35535,-0.00848,0.17496,0.05387,-0.1171,-3.74438,0.21747,-0.05441,0.11104,0.01371
1740785.0,0.18955,84.3296,0.33877,-0.0065,0.17359,0.03593,-0.05097,13.2262,0.20082,-0.05438,0.10993,0.0026
1740790.0,-0.30868,-99.64632,0.33576,-0.00952,0.17275,0.09529,-0.14036,-17.87896,0.19478,-0.05524,0.10891,0.0197
1740795.0,0.55907,173.55081,0.35809,-0.00383,0.17419,0.31256,0.25704,79.48021,0.201,-0.05212,0.10877,0.06607
1740800.0,-0.0675,-125.3143,0.32903,-0.00447,0.17249,0.00456,-0.36223,-123.85332,0.21712,-0.05522,0.10863,0.13121
1740805.0,-0.18856,-24.21107,0.31498,-0.00631,0.1711,0.03555,-0.19382,33.68167,0.21479,-0.0566,0.10773,0.03757
1740810.0,0.054,48.51167,0.28889,-0.00571,0.16942,0.00292,-0.25033,-11.30237,0.21835,-0.05854,0.10702,0.06266
1740815.0,-0.69365,-149.53032,0.32936,-0.01259,0.17237,0.48115,-0.47593,-45.12044,0.24411,-0.06271,0.10766,0.22651
1740820.0,0.13065,164.85927,0.30949,-0.01116,0.17084,0.01707,-0.10598,73.98956,0.23029,-0.06315,0.1066,0.01123
1740825.0,-0.36235,-98.59897,0.31478,-0.01467,0.17034,0.1313,-0.62003,-102.81003,0.26927,-0.06872,0.10857,0.38444
1740830.0,-0.53842,-35.21383,0.33714,-0.01991,0.17133,0.28989,-0.4876,26.48745,0.2911,-0.07291,0.10921,0.23775
1740835.0,-0.34372,38.93969,0.3378,-0.02314,0.17064,0.11814,-0.49789,-2.05866,0.31178,-0.07716,0.10988,0.24789
1740840.0,-0.87254,-105.76512,0.39127,-0.03164,0.17601,0.76133,-0.60236,-20.89351,0.34084,-0.08241,0.11149,0.36283
1740845.0,-0.02496,169.51584,0.35464,-0.03157,0.17425,0.00062,-0.25489,69.49438,0.33224,-0.08413,0.11067,0.06497
1740850.0,-0.50012,-95.03143,0.36919,-0.03626,0.17466,0.25012,-0.31896,-12.81549,0.33091,-0.08648,0.1101,0.10174
1740855.0,-0.04362,91.30059,0.33663,-0.03633,0.17291,0.0019,0.20644,105.08121,0.31847,-0.08355,0.10984,0.04262
1740860.0,0.01147,11.01778,0.30412,-0.03585,0.17121,0.00013,-0.02275,-45.83901,0.2889,-0.08294,0.10878,0.00052
1740865.0,-0.46783,-95.85951,0.32049,-0.04017,0.17132,0.21886,-0.15143,-25.73523,0.27515,-0.08363,0.10774,0.02293
1740870.0,0.07439,108.44307,0.29588,-0.03903,0.16974,0.00553,-0.05024,20.23737,0.25266,-0.08329,0.10667,0.00252
1740875.0,-0.32367,-79.61078,0.29866,-0.04187,0.16883,0.10476,-0.0702,-3.99194,0.23441,-0.08316,0.1056,0.00493
1740880.0,0.82106,228.9445,0.3509,-0.03324,0.17444,0.67413,0.92016,198.07117,0.30299,-0.07313,0.11441,0.84669
1740885.0,0.51755,-60.7006,0.36756,-0.02774,0.17567,0.26786,0.41346,-101.33822,0.31403,-0.06826,0.11559,0.17095
1740890.0,-0.0185,-107.21056,0.33266,-0.02764,0.17392,0.00034,0.23604,-35.48551,0.30623,-0.06522,0.11534,0.05571
1740895.0,0.38676,81.05238,0.33807,-0.0235,0.17386,0.14958,0.26708,6.20883,0.30232,-0.0619,0.11527,0.07133
1740900.0,-0.22432,-122.21671,0.32669,-0.02551,0.17252,0.05032,0.07804,-37.80768,0.27989,-0.0605,0.11431,0.00609
1740905.0,0.73406,191.67636,0.36743,-0.01791,0.17645,0.53884,0.44541,73.47396,0.29644,-0.05544,0.11568,0.19839
1740910.0,0.43806,-59.19912,0.37449,-0.01335,0.17672,0.1919,0.02736,-83.61102,0.26953,-0.05461,0.11459,0.00075
1740915.0,0.08514,-70.58415,0.34556,-0.01237,0.17505,0.00725,0.06304,7.13567,0.24888,-0.05343,0.11358,0.00397
1740920.0,0.30163,43.29768,0.34117,-0.00923,0.17426,0.09098,0.01867,-8.87334,0.22586,-0.05271,0.11249,0.00035
1740925.0,-0.39157,-138.6407,0.34621,-0.01305,0.17395,0.15333,-0.21099,-45.93269,0.22438,-0.0543,0.11161,0.04452
1740930.0,0.40885,160.08398,0.35247,-0.00883,0.17396,0.16716,0.0948,61.15986,0.21142,-0.05281,0.11071,0.00899
1740935.0,-0.11929,-105.62847,0.32915,-0.00994,0.17234,0.01423,-0.44632,-108.2254,0.23491,-0.05674,0.11112,0.1992
1740940.0,0.0309,30.03968,0.29933,-0.00953,0.17063,0.00096,-0.02534,84.19582,0.21395,-0.05643,0.11002,0.00064
1740945.0,0.07606,9.0308,0.277,-0.00867,0.169,0.00578,-0.23273,-41.47784,0.21583,-0.05819,0.10923,0.05416
1740950.0,-0.50549,-116.31037,0.29985,-0.01364,0.16973,0.25552,-0.36813,-27.07967,0.23106,-0.06129,0.10908,0.13552
1740955.0,0.13157,127.41169,0.28302,-0.01219,0.16824,0.01731,-0.09761,54.10413,0.21772,-0.06165,0.108,0.00953
1740960.0,-0.45621,-117.55562,0.30034,-0.01663,0.16849,0.20813,-0.24737,-29.95147,0.22068,-0.06351,0.10726,0.06119
1740965.0,0.1764,126.5234,0.28795,-0.0147,0.16717,0.03112,0.36869,123.21234,0.23548,-0.05919,0.10801,0.13594
1740970.0,0.02846,-29.58817,0.262,-0.01427,0.16551,0.00081,-0.01514,-76.76656,0.21345,-0.05875,0.10695,0.00023
1740975.0,-0.63778,-133.24805,0.29958,-0.0205,0.16767,0.40676,-0.2411,-45.19178,0.21621,-0.06057,0.10621,0.05813
1740980.0,-0.16232,95.09135,0.28585,-0.02192,0.16619,0.02635,-0.15726,16.76828,0.21032,-0.06154,0.10524,0.02473
1740985.0,-0.80771,-129.07861,0.33804,-0.02978,0.17058,0.6524,-0.36761,-42.07139,0.22605,-0.0646,0.10511,0.13514
1740990.0,0.22264,206.06993,0.3265,-0.02725,0.1695,0.04957,0.09262,92.04706,0.2127,-0.06303,0.1043,0.00858
1740995.0,-0.01851,-48.22903,0.2957,-0.02717,0.1678,0.00034,-0.24864,-68.25163,0.2163,-0.06488,0.10359,0.06182
1741000.0,-0.1443,-25.15805,0.28056,-0.02834,0.16626,0.02082,-0.04651,40.42443,0.19932,-0.0647,0.10256,0.00216
1741005.0,0.19021,66.90098,0.27152,-0.02615,0.16507,0.03618,-0.05002,-0.7016,0.18439,-0.06455,0.10154,0.0025
1741010.0,-0.31584,-101.20958,0.27595,-0.02905,0.16424,0.09976,-0.13771,-17.53677,0.17972,-0.06528,0.10057,0.01896
1741015.0,0.57414,177.99551,0.30577,-0.02302,0.16616,0.32963,0.27184,81.9082,0.18893,-0.06191,0.10068,0.07389
1741020.0,0.29401,-56.02617,0.3046,-0.01985,0.16548,0.08644,-0.0895,-72.26611,0.17899,-0.06219,0.09968,0.00801
1741025.0,0.13337,-32.12689,0.28747,-0.01831,0.16406,0.01779,0.05582,29.06218,0.16667,-0.06101,0.09882,0.00312
1741030.0,0.34812,42.94961,0.29354,-0.01465,0.16373,0.12119,-0.02614,-16.39065,0.15262,-0.06066,0.09784,0.00068
1741035.0,-0.2669,-123.00423,0.29087,-0.01717,0.16272,0.07124,-0.14395,-23.56288,0.15175,-0.06149,0.09693,0.02072
1741040.0,0.5292,159.21983,0.31471,-0.01171,0.16402,0.28005,0.15977,60.74441,0.15255,-0.05928,0.09644,0.02553
1741045.0,-0.01665,-109.16949,0.2849,-0.01176,0.16238,0.00028,-0.39227,-110.40897,0.17653,-0.06261,0.09657,0.15388
1741050.0,0.03482,10.2938,0.25989,-0.01129,0.16078,0.00121,-0.07861,62.73222,0.16673,-0.06277,0.0956,0.00618
1741055.0,-0.09883,-26.72984,0.24379,-0.01217,0.15924,0.00977,-0.37526,-59.32939,0.18759,-0.06589,0.0956,0.14082
1741060.0,-0.66696,-113.62577,0.2861,-0.01872,0.16185,0.44484,-0.49482,-23.91137,0.21831,-0.07018,0.09645,0.24484
1741065.0,0.08486,150.36337,0.26598,-0.01768,0.16034,0.0072,-0.2186,55.24403,0.21834,-0.07167,0.0957,0.04778
1741070.0,-0.41331,-99.63412,0.28071,-0.02164,0.16027,0.17083,-0.28707,-13.69428,0.22521,-0.07382,0.0952,0.08241
1741075.0,0.04216,91.09409,0.25686,-0.021,0.15871,0.00178,0.24734,106.88274,0.22743,-0.07061,0.09526,0.06118
1741080.0,-0.00157,-8.74633,0.23133,-0.0208,0.15713,0.0,-0.05696,-60.86176,0.21038,-0.07047,0.09431,0.00324
1741085.0,-0.58076,-115.83611,0.26627,-0.0264,0.15863,0.33728,-0.25093,-38.79349,0.21443,-0.07228,0.09369,0.06297
1741090.0,-0.01588,112.97578,0.24123,-0.0263,0.15704,0.00025,-0.1354,23.10689,0.20653,-0.07291,0.09279,0.01833
1741095.0,-0.59349,-115.522,0.27646,-0.03197,0.15862,0.35223,-0.28035,-28.99126,0.21391,-0.07498,0.09228,0.0786
1741100.0,0.60504,239.70485,0.30932,-0.0256,0.16102,0.36607,0.7163,199.32988,0.26415,-0.06707,0.09749,0.51308
1741105.0,0.41048,-38.91115,0.31943,-0.02124,0.16127,0.1685,0.29263,-84.73383,0.267,-0.06347,0.09779,0.08563
1741110.0,-0.12445,-106.98637,0.29993,-0.02227,0.15976,0.01549,0.12767,-32.99212,0.25307,-0.06156,0.09717,0.0163
1741115.0,0.39187,103.26358,0.30913,-0.01813,0.15984,0.15356,0.24199,22.86529,0.25196,-0.05853,0.0971,0.05856
1741120.0,-0.23215,-124.80299,0.30143,-0.02027,0.15869,0.05389,0.05456,-37.48583,0.23222,-0.0574,0.09625,0.00298
1741125.0,0.74816,196.06044,0.3461,-0.01259,0.16289,0.55974,0.43532,76.15179,0.25253,-0.05247,0.09767,0.18951
1741130.0,0.44611,-60.40964,0.3561,-0.008,0.16333,0.19901,0.05308,-76.44786,0.23258,-0.05141,0.0968,0.00282
1741135.0,-0.00467,-90.15586,0.32096,-0.00797,0.16169,2e-05,0.02133,-6.35155,0.21146,-0.05069,0.09589,0.00045
1741140.0,0.31749,64.43327,0.32061,-0.00471,0.16112,0.1008,0.01068,-2.12856,0.19138,-0.05007,0.09497,0.00011
1741145.0,-0.30118,-123.73553,0.31867,-0.00768,0.16037,0.09071,-0.15261,-32.65931,0.1875,-0.0511,0.09412,0.02329
1741150.0,0.50656,161.54836,0.33746,-0.00253,0.16135,0.2566,0.1556,61.6432,0.18431,-0.04903,0.0936,0.02421
1741155.0,0.22921,-55.46906,0.32663,-0.00022,0.16027,0.05254,-0.15666,-62.45149,0.18155,-0.05011,0.09277,0.02454
1741160.0,0.07234,-31.37423,0.3012,0.00051,0.15872,0.00523,0.03884,39.09992,0.16728,-0.04922,0.09192,0.00151
1741165.0,0.20462,26.45554,0.29155,0.00255,0.15754,0.04187,-0.10998,-29.76391,0.16155,-0.04983,0.09104,0.01209
1741170.0,-0.31319,-103.56113,0.29371,-0.00061,0.15694,0.09809,-0.19215,-16.43402,0.16461,-0.05125,0.09033,0.03692
1741175.0,0.31541,125.7185,0.29588,0.00255,0.15635,0.09948,0.06613,51.65423,0.15476,-0.05007,0.08956,0.00437
1741180.0,-0.12404,-87.88839,0.2787,0.00129,0.15494,0.01538,-0.45467,-104.15853,0.18475,-0.05412,0.09027,0.20672
1741185.0,-0.06118,12.57135,0.25694,0.00066,0.15343,0.00374,-0.17044,56.8456,0.18332,-0.05528,0.0895,0.02905
1741190.0,0.08592,29.42015,0.23984,0.00152,0.15197,0.00738,-0.29603,-25.11907,0.19459,-0.05769,0.08917,0.08764
1741195.0,-0.60219,-137.62288,0.27608,-0.00452,0.15402,0.36264,-0.49396,-39.58596,0.22453,-0.06205,0.09015,0.244
1741200.0,0.33286,187.01128,0.28176,-0.00115,0.1536,0.1108,-0.07719,83.35406,0.20979,-0.06221,0.08925,0.00596
1741205.0,-0.29135,-124.84291,0.28271,-0.00405,0.15289,0.08489,-0.23008,-30.57708,0.21182,-0.06388,0.08863,0.05294
1741210.0,0.42846,143.96291,0.29729,0.00028,0.15319,0.18358,0.51103,148.22099,0.24174,-0.05813,0.09098,0.26115
1741215.0,0.34039,-17.61425,0.3016,0.00368,0.15279,0.11587,0.17464,-67.27722,0.23503,-0.05581,0.0906,0.0305
1741220.0,-0.286,-125.27863,0.30004,0.00078,0.15209,0.0818,-0.00629,-36.18604,0.21216,-0.05531,0.08972,4e-05
1741225.0,0.34249,125.69726,0.30428,0.0042,0.15171,0.1173,0.15231,31.72083,0.20617,-0.05324,0.08925,0.0232
1741230.0,-0.28478,-125.45324,0.30233,0.00131,0.15101,0.0811,-0.0265,-35.76196,0.18821,-0.05297,0.08836,0.0007
1741235.0,0.61828,180.61293,0.33393,0.00748,0.15323,0.38228,0.83081,171.46049,0.25247,-0.04413,0.09513,0.69024
1741240.0,0.41734,-40.1893,0.34227,0.01158,0.15335,0.17417,0.38919,-88.32269,0.26614,-0.0398,0.09602,0.15147
1741245.0,-0.12821,-109.10898,0.32086,0.01018,0.152,0.01644,0.21103,-35.63206,0.26063,-0.03729,0.09568,0.04453
1741250.0,0.30063,85.76651,0.31884,0.01308,0.15131,0.09038,0.20737,-0.73215,0.2553,-0.03484,0.09531,0.043
1741255.0,-0.3245,-125.02418,0.31941,0.00971,0.15091,0.1053,0.02056,-37.36273,0.23183,-0.03429,0.09439,0.00042
1741260.0,0.95066,255.03078,0.38253,0.01912,0.15808,0.90375,0.61584,119.0567,0.27023,-0.02779,0.09759,0.37926
1741265.0,0.62042,-66.04845,0.40632,0.02513,0.16005,0.38492,0.16737,-89.69523,0.25994,-0.02584,0.09698,0.02801
1741270.0,0.14187,-95.70973,0.37987,0.0263,0.15858,0.02013,0.12165,-9.14365,0.24611,-0.02436,0.09623,0.0148
1741275.0,0.54073,79.77292,0.39596,0.03144,0.15959,0.29239,0.20867,17.40507,0.24237,-0.02203,0.0958,0.04354
1741280.0,-0.20567,-149.2807,0.37693,0.02907,0.15854,0.0423,-0.04879,-51.49182,0.22301,-0.0223,0.09484,0.00238
1741285.0,0.78209,197.55222,0.41745,0.0366,0.16251,0.61166,0.38852,87.461,0.23956,-0.01819,0.09555,0.15095
1741290.0,0.3758,-81.25819,0.41328,0.03999,0.16202,0.14122,-0.06501,-90.70665,0.22211,-0.01866,0.09462,0.00423
1741295.0,-0.1708,-109.32069,0.38903,0.03788,0.16083,0.02917,-0.11412,-9.82164,0.21131,-0.01961,0.09376,0.01302
1741300.0,0.16973,68.106,0.3671,0.0392,0.15939,0.02881,-0.07073,8.67756,0.19725,-0.02012,0.09285,0.005
1741305.0,-0.53908,-141.76122,0.3843,0.03342,0.16108,0.29061,-0.29853,-45.55999,0.20738,-0.02291,0.09268,0.08912
1741310.0,0.21043,149.90265,0.36691,0.03519,0.15977,0.04428,-0.04041,51.62562,0.19068,-0.02308,0.09176,0.00163
1741315.0,-0.13466,-69.01759,0.34369,0.03349,0.15846,0.01813,-0.40662,-73.24197,0.21228,-0.02692,0.09228,0.16534
1741320.0,-0.25797,-24.66263,0.33512,0.03058,0.15771,0.06655,-0.1821,44.90281,0.20926,-0.02847,0.09159,0.03316
1741325.0,-0.09105,33.38293,0.31071,0.02936,0.15628,0.00829,-0.31006,-25.59185,0.21934,-0.03129,0.09145,0.09614
1741330.0,-0.6802,-117.82953,0.34766,0.02226,0.15965,0.46267,-0.44192,-26.37147,0.2416,-0.03539,0.09219,0.19529
1741335.0,0.17963,171.96552,0.33086,0.02384,0.15829,0.03227,-0.05564,77.25562,0.223,-0.03559,0.09127,0.0031
1741340.0,-0.62372,-160.66833,0.36014,0.01736,0.16082,0.38902,-0.31223,-51.31812,0.23192,-0.03836,0.09111,0.09749
1741345.0,-0.6004,4.66229,0.38417,0.01118,0.16295,0.36049,-0.10944,40.55774,0.21968,-0.03907,0.09025,0.01198
1741350.0,-0.39415,41.25092,0.38517,0.00713,0.16293,0.15535,-0.24443,-26.99807,0.22215,-0.04113,0.08976,0.05975
1741355.0,-0.94977,-111.12499,0.44163,-0.00244,0.17028,0.90207,-0.38266,-27.64456,0.2382,-0.04454,0.09001,0.14643
1741360.0,-0.24141,141.67337,0.42161,-0.00483,0.16914,0.05828,-0.1813,40.27152,0.23251,-0.04591,0.08929,0.03287
1741365.0,-0.81302,-114.32245,0.46075,-0.01291,0.17385,0.661,-0.32597,-28.93428,0.24186,-0.04871,0.08917,0.10626
1741370.0,-0.21047,120.50978,0.43572,-0.01488,0.17249,0.0443,0.29752,124.69794,0.24742,-0.04525,0.08945,0.08852
1741375.0,-0.22894,-3.69385,0.41504,-0.01703,0.17121,0.05241,0.02103,-55.29861,0.22478,-0.04458,0.0886,0.00044
1741380.0,-0.987,-151.61227,0.47224,-0.02673,0.17872,0.97417,-0.32665,-69.53493,0.23497,-0.0474,0.08849,0.1067
1741385.0,-0.27059,143.28159,0.45207,-0.02916,0.17752,0.07322,-0.13045,39.23872,0.22452,-0.04824,0.08767,0.01702
1741390.0,-0.7452,-94.92185,0.48139,-0.03632,0.18077,0.55533,-0.21086,-16.08168,0.22315,-0.04986,0.08706,0.04446
1741395.0,0.13231,175.50291,0.44648,-0.03464,0.17924,0.01751,0.56971,156.11377,0.25781,-0.04367,0.08995,0.32457
1741400.0,0.07863,-10.73607,0.40969,-0.03351,0.17757,0.00618,0.22158,-69.62618,0.25419,-0.04101,0.08974,0.0491
1741405.0,-0.34115,-83.95679,0.40284,-0.03658,0.17672,0.11639,0.0889,-26.53537,0.23766,-0.03971,0.08901,0.0079
1741410.0,0.21481,111.19295,0.38404,-0.03407,0.17558,0.04614,0.16998,16.21645,0.23089,-0.03762,0.08855,0.02889
1741415.0,-0.59224,-161.41116,0.40486,-0.03965,0.17687,0.35075,-0.11222,-56.43938,0.21902,-0.03836,0.08772,0.01259
1741420.0,0.55046,228.54095,0.41942,-0.03375,0.17852,0.30301,0.82678,187.79836,0.2798,-0.02971,0.09417,0.68356
1741425.0,0.35823,-38.44524,0.4133,-0.02983,0.17824,0.12833,0.37885,-89.58443,0.2897,-0.02563,0.09487,0.14353
1741430.0,-0.18631,-108.90911,0.3906,-0.03139,0.1767,0.03471,0.19915,-35.94085,0.28065,-0.02338,0.09442,0.03966
1741435.0,0.26056,89.37486,0.3776,-0.02847,0.17577,0.06789,0.23869,7.90798,0.27645,-0.02076,0.09414,0.05697
1741440.0,-0.27396,-106.90477,0.36723,-0.03093,0.1746,0.07505,0.11535,-24.66808,0.26034,-0.0194,0.09338,0.01331
1741445.0,0.64952,184.69658,0.39546,-0.02412,0.17739,0.42188,0.43077,63.08442,0.27738,-0.0149,0.09444,0.18556
1741450.0,0.35203,-59.49897,0.39112,-0.02036,0.177,0.12392,0.03696,-78.76277,0.25334,-0.01438,0.09352,0.00137
1741455.0,-0.00706,-71.81778,0.35271,-0.02023,0.17524,5e-05,0.11695,15.99822,0.2397,-0.01306,0.09275,0.01368
1741460.0,0.32697,66.80675,0.35014,-0.01676,0.17466,0.10691,0.13621,3.85285,0.22935,-0.01157,0.09204,0.01855
1741465.0,-0.31059,-127.51234,0.34618,-0.0197,0.17376,0.09647,-0.04733,-36.7089,0.21115,-0.01193,0.09114,0.00224
1741470.0,0.6181,185.73776,0.37338,-0.01332,0.17601,0.38205,0.32775,75.01561,0.22281,-0.00853,0.09135,0.10742
1741475.0,0.13525,-96.57012,0.34956,-0.01183,0.17447,0.01829,-0.1551,-96.56923,0.21604,-0.01,0.09065,0.02406
1741480.0,-0.01456,-29.96084,0.31606,-0.01186,0.17272,0.00021,0.04441,39.90118,0.19888,-0.00945,0.08977,0.00197
1741485.0,-0.05445,-7.97838,0.2899,-0.01229,0.17102,0.00296,-0.21026,-50.93375,0.20001,-0.01146,0.08927,0.04421
1741490.0,-0.65248,-119.60743,0.32616,-0.01869,0.17332,0.42574,-0.35658,-29.26293,0.21567,-0.01491,0.08955,0.12715
1741495.0,0.22173,174.84212,0.31572,-0.01628,0.17216,0.04916,0.02483,76.28248,0.19659,-0.01452,0.08867,0.00062
1741500.0,-0.31262,-106.86926,0.31541,-0.01925,0.17129,0.09773,-0.03435,-11.83791,0.18036,-0.01471,0.08778,0.00118
1741505.0,-0.22555,17.4145,0.30642,-0.02131,0.17,0.05087,0.21011,48.89342,0.18334,-0.01247,0.0874,0.04415
1741510.0,-0.14768,15.57427,0.29055,-0.02257,0.16846,0.02181,-0.03425,-48.87299,0.16843,-0.01268,0.08653,0.00117
1741515.0,-1.0,-170.46474,0.36149,-0.03235,0.17613,1.0,-0.41173,-75.49509,0.19276,-0.01667,0.08723,0.16952
1741520.0,-0.28355,143.28998,0.3537,-0.03486,0.17499,0.0804,-0.16451,49.44277,0.18994,-0.01815,0.08657,0.02707
1741525.0,-0.75334,-93.95869,0.39366,-0.04204,0.1783,0.56753,-0.24493,-16.08389,0.19544,-0.02042,0.08621,0.05999
1741530.0,-0.15449,119.77043,0.36974,-0.04317,0.17664,0.02387,0.37721,124.4282,0.21361,-0.01644,0.0869,0.14229
1741535.0,-0.17532,-4.16512,0.3503,-0.04449,0.17505,0.03074,0.086,-58.24064,0.20085,-0.01542,0.08613,0.0074
1741540.0,-0.4714,-59.21753,0.36241,-0.04876,0.17508,0.22222,0.11958,6.71622,0.19273,-0.01407,0.08545,0.0143
1741545.0,0.09842,113.96522,0.33601,-0.04729,0.17354,0.00969,0.19648,15.37869,0.1931,-0.01196,0.08503,0.0386
1741550.0,-0.22732,-65.14889,0.32514,-0.04909,0.17213,0.05168,0.2178,4.26335,0.19557,-0.00967,0.08469,0.04743
1741555.0,0.87285,220.03508,0.37992,-0.03987,0.17874,0.76187,0.75125,106.691,0.25114,-0.00206,0.08952,0.56438
1741560.0,0.64757,-45.05594,0.40668,-0.03299,0.18158,0.41935,0.38875,-72.50031,0.2649,0.00185,0.09012,0.15113
1741565.0,0.26045,-77.42429,0.39206,-0.03006,0.18061,0.06783,0.34565,-8.61878,0.27297,0.00529,0.09038,0.11948
1741570.0,0.5648,60.87011,0.40933,-0.02411,0.18227,0.319,0.29661,-9.80992,0.27534,0.0082,0.09031,0.08797
1741575.0,-0.09313,-131.5869,0.37771,-0.0248,0.18049,0.00867,0.13436,-32.44915,0.26124,0.00946,0.08956,0.01805
1741580.0,0.71412,161.44986,0.41135,-0.01741,0.18404,0.50996,0.46314,65.75565,0.28143,0.014,0.09068,0.2145
1741585.0,0.22471,-97.88184,0.39269,-0.01499,0.18277,0.05049,-0.08374,-109.37476,0.26166,0.01302,0.08987,0.00701
1741590.0,0.06707,-31.5283,0.36013,-0.01417,0.18101,0.0045,0.06557,29.86201,0.24205,0.01355,0.089,0.0043
1741595.0,0.20562,27.71013,0.34468,-0.01197,0.17968,0.04228,-0.05395,-23.90522,0.22324,0.01287,0.08815,0.00291
1741600.0,-0.41594,-124.3121,0.3518,-0.01601,0.17948,0.17301,-0.2214,-33.48916,0.22306,0.01053,0.08781,0.04902
1741605.0,0.33438,150.0649,0.35006,-0.01251,0.17889,0.11181,0.03302,50.88396,0.20405,0.01076,0.08694,0.00109
1741610.0,-0.20847,-108.56931,0.3359,-0.01447,0.17747,0.04346,-0.07256,-21.11723,0.1909,0.00992,0.08613,0.00527
1741615.0,0.05363,52.4191,0.30767,-0.01379,0.17575,0.00288,0.31894,78.30109,0.20371,0.01301,0.08621,0.10172
1741620.0,0.10073,9.42054,0.28698,-0.01264,0.17412,0.01015,0.05779,-52.23051,0.18912,0.01346,0.08537,0.00334
1741625.0,-0.5108,-122.30743,0.30936,-0.01762,0.17481,0.26092,-0.16484,-44.52566,0.18669,0.01168,0.08482,0.02717
1741630.0,0.25182,152.52405,0.30361,-0.01493,0.17377,0.06341,0.08384,49.73693,0.1764,0.0124,0.08403,0.00703
1741635.0,-0.37646,-125.65564,0.31089,-0.01854,0.17331,0.14172,-0.05665,-28.09799,0.16443,0.01171,0.08323,0.00321
1741640.0,0.27892,131.07614,0.3077,-0.01557,0.17245,0.0778,0.57727,126.7823,0.20571,0.01736,0.08554,0.33324
1741645.0,0.20842,-14.09924,0.29777,-0.01333,0.17122,0.04344,0.21548,-72.35741,0.20669,0.01935,0.08507,0.04643
1741650.0,-0.22899,-87.4817,0.29089,-0.01549,0.16996,0.05243,0.11767,-19.56136,0.19779,0.02033,0.08431,0.01385
1741655.0,0.31742,109.28149,0.29354,-0.01216,0.16935,0.10076,0.23476,23.41799,0.20148,0.02247,0.08392,0.05511
1741660.0,-0.31968,-127.41988,0.29616,-0.01523,0.16858,0.10219,0.03382,-40.18937,0.18472,0.02259,0.08308,0.00114
1741665.0,0.70572,205.0798,0.33711,-0.00802,0.17199,0.49804,0.43288,79.81355,0.20953,0.02669,0.0839,0.18739
1741670.0,0.21302,-98.53966,0.3247,-0.00581,0.17075,0.04538,-0.15916,-118.40959,0.2045,0.02483,0.0834,0.02533
1741675.0,-0.41425,-125.4545,0.33366,-0.0099,0.17067,0.1716,-0.31792,-31.75088,0.21584,0.0214,0.08372,0.10107
1741680.0,0.0592,94.69072,0.30621,-0.00921,0.16901,0.0035,-0.18249,27.08488,0.21251,0.01936,0.08329,0.0333
1741685.0,-0.55162,-122.16483,0.33075,-0.01463,0.17021,0.30429,-0.33839,-31.17881,0.22509,0.01579,0.08371,0.11451
1741690.0,0.40746,191.81686,0.33842,-0.01041,0.17025,0.16603,0.07358,82.39314,0.20994,0.01637,0.0829,0.00541
1741695.0,0.04039,-73.41396,0.30862,-0.0099,0.16858,0.00163,-0.32241,-79.19726,0.22119,0.01298,0.0832,0.10395
1741700.0,-0.19298,-46.67415,0.29706,-0.01173,0.16722,0.03724,-0.17508,29.46512,0.21658,0.0111,0.08271,0.03065
1741705.0,0.06957,52.5086,0.27431,-0.01092,0.16561,0.00484,-0.19789,-4.56192,0.21471,0.00901,0.08231,0.03916
1741710.0,-0.54367,-122.64667,0.30124,-0.01625,0.16674,0.29557,-0.30872,-22.16551,0.22411,0.00583,0.08248,0.09531
1741715.0,0.22864,154.46069,0.29398,-0.0138,0.16566,0.05227,0.00072,61.8876,0.20177,0.00578,0.08166,0.0
1741720.0,-0.30791,-107.31006,0.29538,-0.01674,0.16485,0.09481,-0.53147,-106.43658,0.23474,0.00041,0.08367,0.28246
1741725.0,-0.5033,-39.07708,0.31617,-0.0216,0.16552,0.25331,-0.40288,25.71629,0.25156,-0.00363,0.08443,0.16232
1741730.0,-0.29974,40.71178,0.31453,-0.02439,0.16462,0.08984,-0.47177,-13.77677,0.27358,-0.00831,0.08573,0.22257
1741735.0,-0.87297,-114.64617,0.37037,-0.03287,0.17003,0.76208,-0.55148,-15.94213,0.30137,-0.01374,0.08776,0.30413
1741740.0,-0.15581,143.43279,0.34891,-0.0341,0.16848,0.02428,-0.28525,53.24572,0.29976,-0.01646,0.08761,0.08137
1741745.0,-0.64976,-98.79091,0.379,-0.04026,0.17051,0.42219,-0.35527,-14.00331,0.30531,-0.01984,0.08786,0.12621
1741750.0,-0.3335,63.25246,0.37445,-0.04319,0.16965,0.11122,0.07483,86.01903,0.28226,-0.0189,0.08707,0.0056
1741755.0,-0.24026,18.64836,0.36103,-0.04516,0.16833,0.05772,-0.11693,-38.35088,0.26573,-0.01988,0.08629,0.01367
1741760.0,-0.81921,-115.78986,0.40685,-0.0529,0.17252,0.6711,-0.27733,-32.08118,0.26689,-0.02245,0.08608,0.07691
1741765.0,-0.10412,143.01721,0.37658,-0.05341,0.17082,0.01084,-0.08249,38.96778,0.24845,-0.02305,0.08525,0.00681
1741770.0,-0.69753,-118.68182,0.40867,-0.05985,0.17318,0.48655,-0.24645,-32.79051,0.24825,-0.02529,0.08489,0.06074
1741775.0,0.38482,216.47101,0.40629,-0.05541,0.17339,0.14809,0.7532,199.92975,0.29874,-0.0175,0.08998,0.56731
1741780.0,0.21209,-34.54591,0.38687,-0.05273,0.17235,0.04498,0.34232,-82.17728,0.3031,-0.0139,0.09035,0.11718
1741785.0,-0.32159,-106.73678,0.38034,-0.05542,0.17134,0.10342,0.16048,-36.36759,0.28884,-0.01216,0.08974,0.02575
1741790.0,0.15177,94.6716,0.35748,-0.05335,0.17005,0.02303,0.20535,8.9736,0.28049,-0.00998,0.08931,0.04217
1741795.0,-0.47066,-124.48514,0.3688,-0.05752,0.17005,0.22152,0.00849,-39.37062,0.25329,-0.0098,0.08842,7e-05
1741800.0,0.68464,231.05861,0.40038,-0.0501,0.17375,0.46873,0.53499,105.29935,0.28146,-0.00435,0.09044,0.28621
1741805.0,0.38373,-60.18046,0.39872,-0.04576,0.17386,0.14725,0.07303,-92.3929,0.26062,-0.00358,0.0896,0.00533
1741810.0,-0.17028,-110.80339,0.37587,-0.04701,0.17227,0.029,-0.03761,-22.12765,0.23832,-0.00392,0.08871,0.00141
1741815.0,0.19203,72.46282,0.35749,-0.04462,0.17111,0.03688,-0.00131,7.26085,0.21461,-0.00389,0.08783,0.0
1741820.0,-0.62728,-163.86145,0.38447,-0.05044,0.17273,0.39348,-0.27897,-55.53336,0.22105,-0.00664,0.08769,0.07783
1741825.0,0.35685,196.82475,0.38171,-0.04637,0.17262,0.12734,0.13409,82.61264,0.21235,-0.00524,0.08701,0.01798
1741830.0,-0.00446,-72.26112,0.34398,-0.04595,0.17091,2e-05,-0.31474,-89.76546,0.22259,-0.00833,0.08708,0.09906
1741835.0,-0.0407,-7.24903,0.31365,-0.0459,0.16921,0.00166,-0.01852,59.24447,0.20219,-0.00843,0.08621,0.00034
1741840.0,0.21315,50.77008,0.3036,-0.04331,0.16817,0.04543,-0.1001,-16.31667,0.19198,-0.00935,0.08543,0.01002
1741845.0,-0.4195,-126.52848,0.31519,-0.04707,0.16788,0.17598,-0.26466,-32.91191,0.19925,-0.0119,0.08521,0.07004
1741850.0,0.44878,173.65544,0.32855,-0.04211,0.16861,0.20141,0.07536,68.00335,0.18686,-0.01103,0.08443,0.00568
1741855.0,-0.21008,-131.77238,0.3167,-0.04379,0.1672,0.04413,-0.54321,-123.71326,0.22249,-0.01635,0.08637,0.29508
1741860.0,0.06262,54.54066,0.2913,-0.04273,0.16564,0.00392,-0.04494,99.65343,0.20474,-0.01664,0.08551,0.00202
1741865.0,0.21017,29.5089,0.28318,-0.0402,0.16461,0.04417,-0.19611,-30.23305,0.20387,-0.01843,0.08497,0.03846
1741870.0,-0.3281,-107.65448,0.28768,-0.04308,0.16377,0.10765,-0.27656,-16.08976,0.21114,-0.02101,0.08477,0.07648
1741875.0,0.3407,133.76091,0.29298,-0.03924,0.16358,0.11608,0.0073,56.77141,0.19076,-0.02073,0.08393,5e-05
1741880.0,-0.30803,-129.74644,0.29448,-0.04193,0.16265,0.09488,-0.16829,-35.11786,0.18851,-0.02221,0.08331,0.02832
1741885.0,0.83824,229.2552,0.34886,-0.03313,0.16862,0.70265,0.86322,206.30191,0.25598,-0.01335,0.09016,0.74515
1741890.0,0.32607,-102.43407,0.34658,-0.02953,0.1682,0.10632,0.21667,-129.31056,0.25205,-0.01105,0.08978,0.04695
1741895.0,-0.13104,-91.42191,0.32503,-0.03055,0.16662,0.01717,0.20752,-1.83011,0.2476,-0.00887,0.08935,0.04306
1741900.0,0.22903,72.0126,0.31543,-0.02795,0.16561,0.05245,0.17451,-6.60151,0.24029,-0.00703,0.08878,0.03045
1741905.0,-0.50607,-147.02029,0.33449,-0.03273,0.16619,0.25611,-0.09439,-53.78061,0.2257,-0.00791,0.08797,0.00891
1741910.0,0.47162,195.53961,0.3482,-0.02769,0.16703,0.22243,0.30226,79.32993,0.23335,-0.0048,0.08803,0.09136
1741915.0,0.2861,-37.1052,0.34199,-0.02455,0.16632,0.08185,0.02239,-55.97411,0.21226,-0.00453,0.08716,0.0005
1741920.0,-0.07193,-71.6061,0.31499,-0.02503,0.16468,0.00517,0.0635,8.22312,0.19738,-0.00385,0.08633,0.00403
1741925.0,0.18598,51.58219,0.30209,-0.02292,0.16347,0.03459,-0.02794,-18.28741,0.18044,-0.00409,0.08548,0.00078
1741930.0,-0.64284,-165.76306,0.33616,-0.02912,0.1656,0.41324,-0.34935,-64.28249,0.19733,-0.00754,0.08579,0.12204
1741935.0,0.35179,198.92532,0.33772,-0.02531,0.16537,0.12376,0.11978,93.82453,0.18957,-0.00627,0.08509,0.01435
1741940.0,-0.11019,-92.39546,0.31497,-0.02616,0.16378,0.01214,-0.36175,-96.30589,0.20679,-0.00983,0.08548,0.13087
1741945.0,-0.23296,-24.55405,0.30677,-0.02822,0.16257,0.05427,-0.13085,46.18099,0.1992,-0.01104,0.08477,0.01712
1741950.0,0.0435,55.29247,0.28044,-0.02751,0.16099,0.00189,-0.15674,-5.17879,0.19495,-0.01249,0.08413,0.02457
1741955.0,-0.57831,-124.36339,0.31023,-0.03301,0.16235,0.33445,-0.2726,-23.17174,0.20272,-0.01509,0.08395,0.07431
1741960.0,0.41215,198.09227,0.32042,-0.02856,0.16267,0.16987,0.19007,92.53409,0.20145,-0.01304,0.08352,0.03613
1741965.0,0.13618,-55.1933,0.302,-0.02692,0.16131,0.01855,-0.15182,-68.3776,0.19649,-0.01443,0.08288,0.02305
1741970.0,0.17981,8.72486,0.28978,-0.02485,0.16012,0.03233,0.16109,62.58158,0.19295,-0.01268,0.08235,0.02595
1741975.0,-0.07149,-50.25858,0.26795,-0.02532,0.15854,0.00511,-0.222,-76.61857,0.19585,-0.01477,0.08195,0.04929
1741980.0,-0.68245,-122.1918,0.3094,-0.03189,0.16118,0.46573,-0.37486,-30.57164,0.21376,-0.01837,0.08241,0.14052
1741985.0,0.12812,162.11249,0.29127,-0.03029,0.15982,0.01641,-0.09169,56.63469,0.20155,-0.0191,0.08163,0.00841
1741990.0,-0.50457,-126.53825,0.3126,-0.03503,0.16043,0.2546,-0.2584,-33.34177,0.20723,-0.0215,0.08138,0.06677
1741995.0,-0.09969,80.97736,0.29131,-0.03568,0.15887,0.00994,0.24573,100.8266,0.21108,-0.01882,0.08127,0.06039
1742000.0,-0.22307,-24.67697,0.28449,-0.03755,0.15762,0.04976,-0.16091,-81.3289,0.20607,-0.02024,0.08065,0.02589
1742005.0,-0.62381,-80.14749,0.31842,-0.04341,0.15941,0.38914,-0.21605,-11.02827,0.20706,-0.0222,0.08022,0.04668
1742010.0,0.08654,142.06982,0.29523,-0.04211,0.15799,0.00749,-0.02322,38.56693,0.18868,-0.02221,0.07942,0.00054
1742015.0,-0.54182,-125.67234,0.31989,-0.04711,0.15885,0.29357,-0.19739,-34.83503,0.18955,-0.02396,0.07892,0.03896
1742020.0,0.25784,159.93219,0.31368,-0.04406,0.15818,0.06648,0.59872,159.22241,0.23047,-0.01774,0.08194,0.35847
1742025.0,0.19352,-12.86456,0.30167,-0.04168,0.15715,0.03745,0.22712,-74.32094,0.23013,-0.01529,0.0817,0.05158
1742030.0,-0.35009,-108.7201,0.30651,-0.04477,0.15651,0.12256,0.05494,-34.435,0.21261,-0.01459,0.08093,0.00302
1742035.0,0.23526,117.06839,0.29938,-0.04197,0.15571,0.05535,0.14375,17.76218,0.20573,-0.013,0.08037,0.02066
1742040.0,-0.31329,-109.70843,0.30077,-0.04468,0.15488,0.09815,0.0689,-14.97106,0.19204,-0.01218,0.07963,0.00475
1742045.0,0.85282,233.22116,0.35598,-0.03571,0.16122,0.7273,1.0,186.2207,0.27284,-0.00206,0.08888,1.0
1742050.0,0.62579,-45.4054,0.38296,-0.02909,0.1639,0.39162,0.52493,-95.01437,0.29805,0.00321,0.09071,0.27555
1742055.0,0.0329,-118.57804,0.34795,-0.02847,0.1623,0.00108,0.3672,-31.54634,0.30496,0.00685,0.0911,0.13483
1742060.0,0.2841,50.23859,0.34157,-0.02535,0.16163,0.08071,0.24467,-24.50447,0.29893,0.00923,0.09075,0.05987
1742065.0,-0.37009,-130.83821,0.34442,-0.02879,0.16118,0.13697,0.00288,-48.35952,0.26933,0.00916,0.08984,1e-05
1742070.0,0.70598,215.21584,0.38058,-0.02145,0.16486,0.49841,0.44788,89.0016,0.28718,0.01355,0.09083,0.2006
1742075.0,0.39563,-62.07082,0.38208,-0.01727,0.16492,0.15652,0.04386,-80.80515,0.26285,0.01385,0.08993,0.00192
1742080.0,-0.07694,-94.51416,0.35157,-0.01787,0.1633,0.00592,0.00842,-7.0886,0.23741,0.0138,0.08903,7e-05
1742085.0,0.18588,52.56323,0.335,-0.01583,0.16208,0.03455,-0.11867,-25.41665,0.22553,0.01247,0.08831,0.01408
1742090.0,-0.46005,-129.18587,0.3475,-0.02028,0.16239,0.21165,-0.27937,-32.14128,0.23092,0.00955,0.08826,0.07805
1742095.0,0.52979,197.96834,0.36573,-0.01478,0.16373,0.28068,0.12575,81.02516,0.2204,0.01072,0.08751,0.01581
1742100.0,0.13951,-78.05595,0.34311,-0.01323,0.16233,0.01946,-0.31554,-88.25848,0.22992,0.00745,0.08768,0.09957
1742105.0,-0.30665,-89.23249,0.33946,-0.01617,0.16155,0.09404,-0.31146,0.81525,0.23807,0.00427,0.0878,0.09701
1742110.0,-0.01836,57.65965,0.30735,-0.01619,0.15993,0.00034,-0.36059,-9.82503,0.25032,0.00062,0.08823,0.13002
1742115.0,-0.64357,-125.04225,0.34098,-0.02246,0.16219,0.41418,-0.45165,-18.21171,0.27045,-0.00391,0.08935,0.20399
1742120.0,0.46693,222.10045,0.35357,-0.01757,0.16292,0.21803,0.08883,108.09608,0.25229,-0.00298,0.08854,0.00789
1742125.0,-0.01513,-96.41336,0.31973,-0.01754,0.16129,0.00023,-0.41992,-101.74982,0.26905,-0.00715,0.08936,0.17633
1742130.0,-0.15051,-27.07523,0.30281,-0.01887,0.15985,0.02265,-0.18779,46.42575,0.26093,-0.00895,0.08878,0.03526
1742135.0,0.0236,34.82239,0.27489,-0.01845,0.15827,0.00056,-0.27827,-18.09571,0.26266,-0.01165,0.08861,0.07743
1742140.0,-0.7057,-145.86099,0.31797,-0.02532,0.16131,0.49801,-0.44919,-34.18443,0.28131,-0.01602,0.0896,0.20177
1742145.0,0.21786,184.71257,0.30796,-0.02289,0.16028,0.04746,-0.09308,71.22238,0.26249,-0.01679,0.08876,0.00866
1742150.0,-0.336,-110.77238,0.31076,-0.02602,0.15964,0.1129,-0.65382,-112.14867,0.30162,-0.02316,0.09185,0.42748
1742155.0,-0.23907,19.38603,0.30359,-0.02815,0.15849,0.05715,-0.25025,80.71352,0.29649,-0.02543,0.09144,0.06263
1742160.0,-0.05391,37.03223,0.27862,-0.02841,0.15691,0.00291,-0.3325,-16.44922,0.30009,-0.02851,0.09145,0.11056
1742165.0,-0.67697,-124.6116,0.31846,-0.03489,0.15946,0.45828,-0.46712,-26.92352,0.31679,-0.03289,0.09242,0.2182
1742170.0,0.04953,145.29865,0.29156,-0.03405,0.15794,0.00245,-0.25062,43.29972,0.31017,-0.03507,0.09196,0.06281
1742175.0,-0.48613,-107.1314,0.31102,-0.03857,0.15836,0.23632,-0.27854,-5.58352,0.30701,-0.0375,0.09162,0.07758
1742180.0,-0.0753,82.16557,0.28745,-0.03894,0.15679,0.00567,0.21722,99.15048,0.29803,-0.03496,0.09134,0.04718
1742185.0,-0.005,14.05977,0.2592,-0.0386,0.15523,3e-05,-0.03008,-49.46033,0.27124,-0.03491,0.09043,0.00091
1742190.0,-0.63375,-125.74882,0.29666,-0.04455,0.15715,0.40164,-0.19715,-33.41273,0.26383,-0.03653,0.08978,0.03887
1742195.0,0.38732,204.21452,0.30573,-0.04023,0.15741,0.15002,0.25076,89.58193,0.26252,-0.03366,0.08969,0.06288
1742200.0,-0.28439,-134.343,0.30359,-0.04267,0.15642,0.08088,0.053,-39.55308,0.24157,-0.03279,0.08887,0.00281
1742205.0,0.50176,157.22911,0.32341,-0.03723,0.15776,0.25176,0.75985,141.37077,0.2934,-0.02486,0.09414,0.57737
1742210.0,0.31165,-38.02087,0.32223,-0.03374,0.15738,0.09713,0.35062,-81.84665,0.29912,-0.02111,0.09458,0.12293
1742215.0,-0.2543,-113.18984,0.31544,-0.03595,0.15628,0.06467,0.21298,-27.52809,0.2905,-0.01877,0.09417,0.04536
1742220.0,0.43008,136.87566,0.3269,-0.03129,0.15684,0.18497,0.35539,28.48357,0.29699,-0.01503,0.0946,0.12631
1742225.0,-0.34768,-155.5528,0.32898,-0.03445,0.15626,0.12088,0.07164,-56.75065,0.27446,-0.01416,0.09373,0.00513
1742230.0,0.84328,238.19231,0.38041,-0.02567,0.16225,0.71112,1.0,185.6718,0.34701,-0.00402,0.10287,1.0
1742235.0,0.51555,-65.54491,0.39393,-0.02026,0.16349,0.26579,0.4985,-100.30081,0.36216,0.00101,0.10432,0.2485
1742240.0,0.02422,-98.26627,0.35695,-0.01982,0.16188,0.00059,0.41562,-16.57555,0.36751,0.00515,0.10496,0.17274
1742245.0,0.47989,91.13451,0.36925,-0.01482,0.16271,0.2303,0.38843,-5.43792,0.3696,0.00899,0.10535,0.15088
1742250.0,-0.20725,-137.42932,0.35305,-0.01674,0.16144,0.04295,0.17469,-42.74839,0.35011,0.01064,0.10456,0.03052
1742255.0,0.87027,215.50401,0.40477,-0.00787,0.16754,0.75737,0.59925,84.91283,0.37502,0.01653,0.10691,0.3591
1742260.0,0.6368,-46.69263,0.42797,-0.00143,0.16994,0.40552,0.25155,-69.53993,0.36267,0.01888,0.10639,0.06328
1742265.0,0.12941,-101.47877,0.39812,-0.00012,0.16841,0.01675,0.19358,-11.59435,0.34577,0.02063,0.10562,0.03747
1742270.0,0.47332,68.78237,0.40564,0.00462,0.16892,0.22403,0.20249,1.78265,0.33144,0.02244,0.10489,0.041
1742275.0,-0.21661,-137.98682,0.38674,0.0024,0.16771,0.04692,0.04946,-30.60651,0.30324,0.02271,0.10385,0.00245
1742280.0,0.66332,175.98694,0.41439,0.00901,0.17031,0.44,0.38741,67.59041,0.31166,0.02636,0.10411,0.15009
1742285.0,0.25084,-82.49594,0.39804,0.01143,0.16918,0.06292,-0.08157,-93.79559,0.28865,0.02528,0.10319,0.00665
1742290.0,0.08226,-33.71672,0.36646,0.01214,0.16754,0.00677,0.10962,38.2369,0.27075,0.02613,0.10222,0.01202
1742295.0,0.33111,49.76966,0.36293,0.01533,0.16686,0.10963,0.05574,-10.7755,0.24924,0.02642,0.10121,0.00311
1742300.0,-0.3461,-135.44145,0.36124,0.01172,0.16647,0.11978,-0.08221,-27.5903,0.23254,0.02534,0.10031,0.00676
1742305.0,0.54905,179.02995,0.38002,0.01709,0.16764,0.30146,0.2705,70.54282,0.23634,0.02779,0.0999,0.07317
1742310.0,0.04728,-100.35387,0.34675,0.01739,0.16597,0.00224,-0.21602,-97.30434,0.23431,0.02535,0.09948,0.04666
1742315.0,0.29986,50.51602,0.34206,0.02022,0.16509,0.08992,0.27589,98.38174,0.23846,0.02785,0.0991,0.07612
1742320.0,0.42478,24.98346,0.35033,0.02426,0.16505,0.18044,0.13207,-28.76461,0.22782,0.0289,0.09822,0.01744
1742325.0,0.03518,-77.91892,0.31882,0.02437,0.1634,0.00124,0.1571,5.00608,0.22075,0.03018,0.0974,0.02468
1742330.0,0.68939,130.84067,0.35587,0.03102,0.1661,0.47525,0.29835,28.25055,0.22851,0.03286,0.09713,0.08901
1742335.0,0.06955,-123.96657,0.32724,0.03141,0.16445,0.00484,0.20435,-18.79954,0.2261,0.03458,0.09645,0.04176
1742340.0,0.8202,150.12871,0.37654,0.03929,0.16891,0.67272,0.92358,143.84547,0.29584,0.04347,0.10323,0.853
1742345.0,0.68634,-26.77144,0.40752,0.04576,0.17132,0.47106,0.52144,-80.42722,0.3184,0.04825,0.10443,0.2719
1742350.0,0.06444,-124.37943,0.37321,0.04595,0.16961,0.00415,0.31609,-41.07104,0.31817,0.05092,0.10409,0.09991
1742355.0,0.71478,130.06793,0.40737,0.05264,0.1723,0.51092,0.48093,32.96852,0.33445,0.05522,0.10486,0.2313
1742360.0,-0.012,-145.35698,0.36783,0.05199,0.17062,0.00014,0.24999,-46.18788,0.326,0.05717,0.10419,0.0625
1742365.0,1.0,202.40033,0.43105,0.06147,0.17772,1.0,1.0,150.00151,0.3934,0.0666,0.11186,1.0
1742370.0,0.84621,-30.75856,0.47256,0.06932,0.18198,0.71607,0.66038,-67.92435,0.4201,0.07254,0.11419,0.4361
1742375.0,0.22848,-123.54521,0.44816,0.07091,0.18041,0.0522,0.49253,-33.56871,0.42734,0.07674,0.11478,0.24259
1742380.0,0.63732,81.76769,0.46707,0.07658,0.18175,0.40618,0.48539,-1.42837,0.43315,0.08082,0.11527,0.23561
1742385.0,0.23297,-80.87,0.44366,0.07814,0.18017,0.05427,0.46212,-4.65511,0.43605,0.08464,0.11554,0.21355
1742390.0,1.0,153.40608,0.4993,0.08736,0.1867,1.0,0.79978,67.53333,0.47242,0.09179,0.1194,0.63965
1742395.0,0.61468,-77.06477,0.51083,0.09263,0.18755,0.37783,0.32599,-94.75936,0.45778,0.09413,0.11874,0.10627
1742400.0,0.19142,-84.65196,0.47889,0.09362,0.18577,0.03664,0.25505,-14.18713,0.4375,0.09574,0.11781,0.06505
1742405.0,0.44614,50.94409,0.47562,0.09715,0.18513,0.19904,0.20802,-9.40692,0.41456,0.09686,0.11675,0.04327
1742410.0,-0.118,-112.82776,0.43986,0.09499,0.18374,0.01392,0.02242,-37.11861,0.37534,0.09612,0.11564,0.0005
1742415.0,0.40764,105.12907,0.43663,0.09812,0.18286,0.16617,0.19093,33.70192,0.3569,0.09707,0.11457,0.03646
1742420.0,0.08439,-64.65165,0.40141,0.09798,0.18103,0.00712,-0.18091,-74.3681,0.3393,0.09429,0.11418,0.03273
1742425.0,-0.28322,-73.52005,0.38959,0.09417,0.18064,0.08021,-0.1974,-3.29872,0.32511,0.09137,0.11388,0.03897
1742430.0,-0.21456,13.73006,0.37209,0.09108,0.17977,0.04604,-0.38624,-37.76843,0.33122,0.08659,0.11497,0.14918
1742435.0,-0.70815,-98.71706,0.40569,0.08309,0.18423,0.50148,-0.46929,-16.60973,0.34503,0.08103,0.11685,0.22023
1742440.0,0.04221,150.07199,0.36935,0.08268,0.18241,0.00178,-0.1565,62.55844,0.32618,0.07866,0.11624,0.02449
1742445.0,-0.32036,-72.51491,0.36445,0.07865,0.18218,0.10263,-0.59175,-87.05004,0.35274,0.07196,0.11948,0.35017
1742450.0,-0.48463,-32.85228,0.37646,0.07302,0.18346,0.23486,-0.43446,31.45816,0.36091,0.06689,0.1208,0.18875
1742455.0,-0.31289,34.3482,0.37011,0.06916,0.18309,0.0979,-0.49431,-11.97118,0.37425,0.06128,0.12268,0.24435
1742460.0,-0.63633,-64.68978,0.39673,0.06211,0.18614,0.40492,-0.4362,11.62381,0.38044,0.0563,0.12388,0.19027
1742465.0,0.0301,133.28717,0.36007,0.06178,0.18429,0.00091,-0.18806,49.62801,0.3612,0.05386,0.12322,0.03536
1742470.0,-0.4099,-87.99976,0.36505,0.05707,0.18462,0.16802,-0.6447,-91.32943,0.38955,0.04688,0.12677,0.41564
1742475.0,-0.40391,1.19692,0.36894,0.05246,0.18486,0.16315,-0.35144,58.65222,0.38574,0.04289,0.12706,0.12351
1742480.0,-0.2389,33.00223,0.35593,0.04954,0.18384,0.05707,-0.41846,-13.40313,0.38901,0.03828,0.12788,0.17511
1742485.0,-0.72899,-98.0172,0.39324,0.04176,0.18795,0.53142,-0.53253,-22.81441,0.40337,0.03257,0.12979,0.28359
1742490.0,-0.04925,135.94817,0.35884,0.04085,0.18615,0.00243,-0.27129,52.24782,0.39016,0.02953,0.1294,0.0736
1742495.0,-0.47989,-86.12904,0.37094,0.03564,0.18694,0.2303,-0.29854,-5.45027,0.381,0.02625,0.12916,0.08913
1742500.0,-0.3847,19.0391,0.37232,0.03144,0.18681,0.14799,-0.05265,49.17929,0.34816,0.02546,0.12793,0.00277
1742505.0,-0.21958,33.0225,0.35705,0.02893,0.18556,0.04822,-0.18894,-27.25999,0.33224,0.02332,0.1271,0.0357
1742510.0,-0.71119,-98.32217,0.39246,0.02153,0.18907,0.5058,-0.32698,-27.60762,0.33171,0.01981,0.12703,0.10692
1742515.0,-0.10996,120.24675,0.36421,0.02021,0.18735,0.01209,-0.11237,42.92341,0.30978,0.01849,0.12593,0.01263
1742520.0,-0.45323,-68.59998,0.37311,0.01548,0.18767,0.20542,-0.13006,-3.53618,0.29181,0.01701,0.12489,0.01692
1742525.0,-0.27894,34.859,0.3637,0.01253,0.18664,0.07781,0.12487,50.9868,0.27511,0.01809,0.12375,0.01559
1742530.0,-0.20327,15.13419,0.34765,0.01038,0.18523,0.04132,-0.09467,-43.90836,0.25707,0.01696,0.12264,0.00896
1742535.0,-0.77627,-114.59982,0.39051,0.00251,0.18945,0.60259,-0.30708,-42.48204,0.26207,0.01372,0.12244,0.0943
1742540.0,-0.16484,122.28654,0.36795,0.00084,0.18783,0.02717,-0.13195,35.02591,0.24906,0.01226,0.12143,0.01741
1742545.0,-0.82183,-131.39807,0.41333,-0.00739,0.19258,0.6754,-0.44275,-62.15997,0.26843,0.00771,0.12224,0.19603
1742550.0,-0.36434,91.4967,0.40844,-0.01096,0.1919,0.13275,0.04072,96.69365,0.24566,0.00804,0.12103,0.00166
1742555.0,-0.27695,17.47799,0.39529,-0.01362,0.19068,0.0767,-0.16927,-41.99742,0.23802,0.00627,0.12013,0.02865
1742560.0,-0.76075,-96.75864,0.43183,-0.02109,0.19424,0.57873,-0.34705,-35.55584,0.24892,0.00274,0.12015,0.12044
1742565.0,-0.14728,122.69295,0.40338,-0.02235,0.19246,0.02169,-0.16617,36.17546,0.24065,0.00105,0.11923,0.02761
1742570.0,-0.56439,-83.42139,0.41948,-0.02777,0.19341,0.31853,-0.24105,-14.97545,0.24069,-0.00137,0.11861,0.0581
1742575.0,-0.21221,70.43505,0.39875,-0.02962,0.19181,0.04503,0.19639,87.48811,0.23626,0.0006,0.11781,0.03857
1742580.0,-0.2197,-1.49662,0.38085,-0.03152,0.19025,0.04827,-0.09485,-58.24802,0.22212,-0.00035,0.11672,0.009
1742585.0,-0.6286,-81.78001,0.40562,-0.03749,0.19184,0.39513,-0.21594,-24.21844,0.2215,-0.00251,0.11601,0.04663
1742590.0,-0.34848,56.02302,0.39991,-0.0406,0.19087,0.12144,-0.30695,-18.20294,0.23004,-0.00555,0.11576,0.09422
1742595.0,-0.82342,-94.98826,0.44226,-0.04843,0.19496,0.67802,-0.43079,-24.76781,0.25012,-0.0098,0.11637,0.18558
1742600.0,-0.03713,157.25919,0.40175,-0.04831,0.19302,0.00138,0.3141,148.97908,0.25652,-0.00657,0.11624,0.09866
1742605.0,-0.14228,-21.03049,0.3758,-0.04925,0.19117,0.02024,-0.09312,-81.44516,0.24018,-0.00743,0.11515,0.00867
1742610.0,-0.55868,-83.28048,0.39409,-0.05435,0.1918,0.31212,-0.214,-24.17612,0.23756,-0.0095,0.11441,0.0458
1742615.0,-0.04152,103.43126,0.35883,-0.05422,0.18989,0.00172,-0.11038,20.7249,0.22484,-0.01051,0.11337,0.01218
1742620.0,-0.54946,-101.5877,0.37789,-0.05917,0.19039,0.30191,-0.25542,-29.00816,0.2279,-0.01295,0.11282,0.06524
1742625.0,0.29098,168.08853,0.3692,-0.05567,0.18969,0.08467,0.49879,150.84111,0.25499,-0.00784,0.11426,0.24879
1742630.0,0.15094,-28.00749,0.34738,-0.05361,0.18821,0.02278,0.1094,-77.87761,0.24043,-0.00666,0.11325,0.01197
1742635.0,-0.29766,-89.7206,0.3424,-0.05605,0.18691,0.0886,0.00483,-20.91325,0.21687,-0.00655,0.11212,2e-05
1742640.0,-0.2119,17.15182,0.32935,-0.0576,0.18528,0.0449,-0.24014,-48.99441,0.2192,-0.00889,0.11154,0.05767
1742645.0,-0.70201,-98.02212,0.36662,-0.06405,0.1875,0.49282,-0.37162,-26.29525,0.23444,-0.01251,0.11171,0.1381
1742650.0,0.31974,204.34981,0.36193,-0.06021,0.18707,0.10223,0.06249,86.82137,0.21724,-0.01176,0.11065,0.0039
1742655.0,0.09599,-44.74843,0.33534,-0.05865,0.18544,0.00921,-0.26753,-66.00427,0.22227,-0.01432,0.11018,0.07157
1742660.0,-0.26583,-72.36569,0.32839,-0.06072,0.184,0.07067,-0.2655,0.40552,0.2266,-0.01683,0.1097,0.07049
1742665.0,0.1419,81.54758,0.30974,-0.05869,0.18257,0.02014,-0.22017,9.06665,0.22595,-0.01887,0.10901,0.04848
1742670.0,-0.38748,-105.87749,0.31751,-0.06198,0.1818,0.15014,-0.35313,-26.5928,0.23867,-0.02221,0.10901,0.1247
1742675.0,0.52137,181.77104,0.3379,-0.05615,0.18332,0.27183,0.13224,97.07455,0.22803,-0.02066,0.10816,0.01749
1742680.0,0.35642,-32.99109,0.33975,-0.05202,0.18315,0.12703,-0.13997,-54.44192,0.21922,-0.02186,0.10721,0.01959
1742685.0,-0.03493,-78.26908,0.30927,-0.05185,0.18132,0.00122,-0.151,-2.20655,0.2124,-0.02315,0.10631,0.0228
1742690.0,0.26676,60.33739,0.30502,-0.04867,0.18051,0.07116,-0.14375,1.45172,0.20554,-0.02435,0.10538,0.02066
1742695.0,-0.27819,-108.99014,0.30234,-0.05096,0.17922,0.07739,-0.24584,-20.41969,0.20957,-0.02657,0.10481,0.06044
1742700.0,0.53872,163.38228,0.32597,-0.04506,0.18083,0.29022,0.12528,74.2257,0.20114,-0.02505,0.10399,0.0157
1742705.0,0.2893,-49.8834,0.32231,-0.04172,0.18012,0.0837,-0.21165,-67.38589,0.20219,-0.02692,0.10329,0.04479
1742710.0,0.06658,-44.54527,0.29673,-0.04064,0.17843,0.00443,-0.0835,25.62948,0.19032,-0.02748,0.10229,0.00697
1742715.0,0.35711,58.10602,0.30277,-0.03666,0.1782,0.12752,-0.04406,7.88693,0.17569,-0.02765,0.10127,0.00194
1742720.0,-0.19992,-111.40485,0.29249,-0.03829,0.17668,0.03997,-0.1958,-30.34778,0.1777,-0.02933,0.10053,0.03834
1742725.0,0.52779,145.54155,0.31602,-0.03263,0.17805,0.27856,0.10565,60.28986,0.1705,-0.02798,0.09971,0.01116
1742730.0,0.11471,-82.61491,0.29589,-0.03116,0.17649,0.01316,-0.36063,-93.25457,0.18951,-0.03131,0.09979,0.13005
1742735.0,0.15471,7.99827,0.28177,-0.0293,0.17506,0.02393,-0.01872,68.38101,0.17243,-0.03118,0.0988,0.00035
1742740.0,0.10848,-9.24455,0.26444,-0.02792,0.17349,0.01177,-0.24818,-45.89126,0.18001,-0.03335,0.09827,0.06159
1742745.0,-0.50534,-122.76497,0.28853,-0.0327,0.17399,0.25537,-0.44308,-38.98096,0.20631,-0.03745,0.09893,0.19632
1742750.0,0.09324,119.71556,0.269,-0.03144,0.17241,0.00869,-0.24447,39.72161,0.21013,-0.03952,0.09837,0.05977
1742755.0,-0.10979,-40.60512,0.25308,-0.03222,0.17074,0.01205,-0.54114,-59.3323,0.24323,-0.04453,0.09985,0.29283
1742760.0,-0.04504,12.95005,0.23228,-0.03235,0.16904,0.00203,-0.17739,72.74993,0.23665,-0.04586,0.09902,0.03147
1742765.0,0.0947,27.94812,0.21852,-0.03108,0.16751,0.00897,-0.29615,-23.75286,0.2426,-0.04837,0.09865,0.0877
1742770.0,-0.2727,-73.47938,0.22394,-0.03349,0.1664,0.07436,-0.28727,1.7751,0.24706,-0.05076,0.09822,0.08253
1742775.0,0.38425,131.38991,0.23997,-0.02932,0.16645,0.14765,0.00139,57.73349,0.2225,-0.05023,0.09726,0.0
1742780.0,-0.09712,-96.27425,0.22568,-0.02999,0.16483,0.00943,-0.04842,-9.96239,0.20509,-0.05022,0.09629,0.00234
1742785.0,0.13055,45.53325,0.21617,-0.02839,0.16344,0.01704,0.31675,73.033,0.21626,-0.04655,0.09665,0.10033
1742790.0,0.25132,24.15496,0.21968,-0.02559,0.16257,0.06316,0.14431,-34.4873,0.20906,-0.04464,0.09604,0.02083
1742795.0,-0.29876,-110.01601,0.22759,-0.02832,0.16167,0.08926,-0.02676,-34.21468,0.19083,-0.04446,0.09508,0.00072
1742800.0,0.27999,115.74829,0.23283,-0.02524,0.16099,0.07839,0.12857,31.06712,0.1846,-0.04273,0.09442,0.01653
1742805.0,-0.27371,-110.73966,0.23692,-0.02773,0.15998,0.07492,-0.08037,-41.78811,0.17418,-0.0431,0.09349,0.00646
1742810.0,0.13821,82.38467,0.22705,-0.02607,0.15865,0.0191,0.38149,92.37108,0.19491,-0.03886,0.09433,0.14553
1742815.0,0.25839,24.03622,0.23018,-0.02322,0.15786,0.06677,0.24049,-28.20007,0.19947,-0.03607,0.09415,0.05783
1742820.0,-0.29387,-110.45288,0.23655,-0.02593,0.157,0.08636,0.05794,-36.50957,0.18532,-0.03513,0.09329,0.00336
1742825.0,0.28559,115.89336,0.24146,-0.02281,0.15638,0.08156,0.20373,29.15781,0.18716,-0.03274,0.09292,0.0415
1742830.0,-0.18766,-94.65022,0.23608,-0.02446,0.15508,0.03522,0.09096,-22.55311,0.17754,-0.0315,0.09214,0.00827
1742835.0,0.46325,130.18213,0.25879,-0.01958,0.15586,0.2146,0.77254,136.3148,0.23704,-0.02346,0.09755,0.59681
1742840.0,0.38283,-16.08521,0.2712,-0.01556,0.15589,0.14656,0.41547,-71.41407,0.25488,-0.01907,0.09847,0.17261
1742845.0,-0.1023,-97.02624,0.25431,-0.01643,0.15441,0.01047,0.23881,-35.33092,0.25327,-0.01649,0.09813,0.05703
1742850.0,0.45689,111.83894,0.27457,-0.01169,0.15506,0.20875,0.36363,24.9628,0.26431,-0.01269,0.09857,0.13222
1742855.0,-0.11977,-115.33239,0.25909,-0.01278,0.15362,0.01435,0.20453,-31.8194,0.25833,-0.01052,0.09804,0.04183
1742860.0,0.85519,194.99153,0.3187,-0.0041,0.15947,0.73134,1.0,159.09438,0.3325,-0.00041,0.10707,1.0
1742865.0,0.64789,-41.45991,0.35162,0.00242,0.16204,0.41976,0.57982,-84.03551,0.35723,0.00539,0.1093,0.33619
1742870.0,0.13113,-103.35155,0.32957,0.00371,0.16058,0.01719,0.39462,-37.04101,0.36097,0.00928,0.10969,0.15572
1742875.0,0.49867,73.50798,0.34648,0.00866,0.16138,0.24867,0.40177,1.42961,0.36505,0.01321,0.11011,0.16142
1742880.0,-0.08586,-116.90674,0.32042,0.00772,0.15985,0.00737,0.21049,-38.25565,0.34959,0.01518,0.10939,0.0443
1742885.0,0.80283,177.73882,0.36866,0.01567,0.16445,0.64454,0.52822,63.54656,0.36746,0.02031,0.11087,0.27902
1742890.0,0.51595,-57.37611,0.38339,0.02067,0.16526,0.2662,0.13184,-79.27513,0.34389,0.02143,0.10989,0.01738
1742895.0,-0.07249,-117.68785,0.3523,0.01974,0.16369,0.00525,-0.03122,-32.61314,0.31263,0.0209,0.10881,0.00097
1742900.0,0.23338,61.17498,0.34041,0.02187,0.1625,0.05447,-0.0396,-1.67662,0.28532,0.02029,0.10776,0.00157
1742905.0,-0.32507,-111.69179,0.33887,0.01841,0.16206,0.10567,-0.18413,-28.90586,0.27521,0.01825,0.10709,0.03391
1742910.0,0.59063,183.14148,0.36405,0.02413,0.16364,0.34885,0.21302,79.42982,0.26899,0.0202,0.10639,0.04538
1742915.0,0.24216,-69.69537,0.35186,0.02631,0.16247,0.05864,-0.17465,-77.53385,0.25955,0.01825,0.1057,0.0305
1742920.0,0.18081,-12.26895,0.33475,0.02785,0.16108,0.03269,0.05993,46.9173,0.23959,0.01867,0.10466,0.00359
1742925.0,0.45901,55.63975,0.34718,0.03216,0.16129,0.21069,0.04175,-3.63687,0.21981,0.0189,0.10362,0.00174
1742930.0,-0.12643,-117.08766,0.3251,0.03058,0.15993,0.01598,-0.11194,-30.73793,0.20902,0.01759,0.10275,0.01253
1742935.0,0.60186,145.65779,0.35278,0.03629,0.16153,0.36224,0.19282,60.95224,0.2074,0.01934,0.10203,0.03718
1742940.0,0.1667,-87.03245,0.33417,0.0376,0.16008,0.02779,-0.21821,-82.20524,0.20848,0.01696,0.10156,0.04761
1742945.0,0.11217,-10.90484,0.31197,0.03834,0.15853,0.01258,-0.01458,40.72517,0.18909,0.01665,0.10055,0.00021
1742950.0,0.31388,40.34057,0.31216,0.0411,0.15769,0.09852,-0.04925,-6.93378,0.17511,0.01599,0.09959,0.00243
1742955.0,-0.25822,-114.41849,0.30677,0.0381,0.15699,0.06668,-0.15693,-21.53624,0.17329,0.01426,0.09889,0.02463
1742960.0,0.40167,131.97636,0.31626,0.04174,0.15672,0.16134,0.05638,42.66123,0.1616,0.01468,0.09792,0.00318
1742965.0,-0.18064,-116.46126,0.3027,0.03952,0.15564,0.03263,-0.09912,-31.09858,0.15535,0.01354,0.09706,0.00982
1742970.0,-0.11429,13.26903,0.28386,0.03798,0.15431,0.01306,0.117,43.22377,0.15151,0.01458,0.0962,0.01369
1742975.0,-0.05501,11.8561,0.26097,0.03705,0.15285,0.00303,-0.05409,-34.21924,0.14177,0.01389,0.09528,0.00293
1742980.0,-0.5882,-106.63773,0.29369,0.03079,0.15516,0.34598,-0.19778,-28.73793,0.14737,0.01178,0.09477,0.03912
1742985.0,0.02585,122.81023,0.26691,0.03075,0.1536,0.00067,-0.04053,31.45116,0.13669,0.01125,0.09385,0.00164
1742990.0,-0.43228,-91.62546,0.28345,0.02611,0.15417,0.18686,-0.12442,-16.7773,0.13546,0.0099,0.09309,0.01548
1742995.0,0.33352,153.15923,0.28845,0.02919,0.15355,0.11123,0.54852,134.58681,0.17677,0.01528,0.095,0.30087
1743000.0,0.26112,-14.47849,0.28572,0.03151,0.15255,0.06819,0.23235,-63.23447,0.18233,0.01745,0.09451,0.05398
1743005.0,-0.22339,-96.90282,0.27949,0.02896,0.15166,0.0499,0.08156,-30.15739,0.17225,0.01809,0.09361,0.00665
1743010.0,0.35247,115.1723,0.28679,0.03219,0.15117,0.12424,0.24464,32.61584,0.17949,0.02036,0.09318,0.05985
1743015.0,-0.22657,-115.80797,0.28076,0.02961,0.15031,0.05133,0.10377,-28.17324,0.17192,0.02119,0.09231,0.01077
1743020.0,0.77039,199.39243,0.32973,0.03701,0.15419,0.59351,0.49801,78.84778,0.20453,0.02596,0.09362,0.24802
1743025.0,0.48133,-57.81236,0.34489,0.04146,0.15458,0.23168,0.09927,-79.74793,0.194,0.02669,0.09273,0.00985
1743030.0,0.13892,-68.48352,0.32429,0.04243,0.15313,0.0193,0.12102,4.35015,0.1867,0.02764,0.09189,0.01465
1743035.0,0.42273,56.76289,0.33413,0.04624,0.15301,0.1787,0.13139,2.07369,0.18117,0.02868,0.09108,0.01726
1743040.0,-0.08265,-101.07587,0.30899,0.04495,0.15165,0.00683,0.02646,-20.98689,0.1657,0.02865,0.09017,0.0007
1743045.0,0.73083,162.69644,0.35117,0.05181,0.15474,0.53412,0.34281,63.27056,0.18341,0.03179,0.09024,0.11752
1743050.0,0.35953,-74.25956,0.35201,0.05488,0.15412,0.12927,-0.10222,-89.0061,0.17529,0.03045,0.08951,0.01045
1743055.0,0.02804,-66.29922,0.31961,0.05461,0.15259,0.00079,-0.05904,8.63708,0.16367,0.02956,0.08869,0.00349
1743060.0,0.23877,42.14649,0.31153,0.05646,0.15139,0.05701,-0.09102,-6.39614,0.1564,0.02835,0.08795,0.00828
1743065.0,-0.24907,-97.56774,0.30528,0.0534,0.15079,0.06203,-0.17215,-16.22714,0.15798,0.02635,0.08746,0.02964
1743070.0,0.4989,149.59274,0.32464,0.05786,0.15123,0.2489,0.10497,55.42385,0.15268,0.02713,0.08665,0.01102
1743075.0,0.06664,-86.45146,0.29884,0.05794,0.14972,0.00444,-0.30317,-81.62683,0.16772,0.02383,0.08685,0.09191
1743080.0,0.10391,7.45454,0.27935,0.0584,0.14824,0.0108,-0.02738,55.15685,0.15369,0.02332,0.08601,0.00075
1743085.0,0.47552,74.32087,0.29897,0.06257,0.14847,0.22612,0.02435,10.34707,0.14076,0.02333,0.08515,0.00059
1743090.0,0.04458,-86.18619,0.27353,0.06239,0.14698,0.00199,-0.00736,-6.34272,0.12742,0.02302,0.08431,5e-05
1743095.0,0.67659,126.40105,0.31383,0.06854,0.14921,0.45777,0.22772,47.01532,0.13745,0.02507,0.08387,0.05185
1743100.0,0.05325,-124.66856,0.28777,0.06838,0.14772,0.00284,0.04996,-35.55066,0.1287,0.02532,0.08304,0.0025
1743105.0,0.2603,41.40999,0.28503,0.0703,0.14661,0.06775,0.37468,64.94446,0.1533,0.02881,0.08341,0.14039
1743110.0,0.27506,2.95328,0.28403,0.07235,0.14555,0.07566,0.13454,-48.02916,0.15142,0.02987,0.08268,0.0181
1743115.0,-0.56072,-167.15596,0.3117,0.06602,0.14802,0.3144,-0.21975,-70.85773,0.15825,0.02737,0.08247,0.04829
1743120.0,0.05297,122.7376,0.28583,0.06589,0.14654,0.00281,-0.02359,39.23258,0.14479,0.02686,0.08167,0.00056
1743125.0,-0.50413,-111.42088,0.30766,0.06019,0.14826,0.25415,-0.17476,-30.23387,0.14778,0.02485,0.08125,0.03054
1743130.0,0.27441,155.70863,0.30433,0.06233,0.14723,0.0753,0.51042,137.03537,0.18405,0.0297,0.08275,0.26053
1743135.0,0.28822,2.76122,0.30272,0.06459,0.14626,0.08307,0.29178,-43.72907,0.19482,0.03232,0.08259,0.08513
1743140.0,-0.21023,-99.6894,0.29347,0.06184,0.14554,0.0442,0.16761,-24.83211,0.1921,0.03368,0.08195,0.02809
1743145.0,0.28177,98.40041,0.2923,0.06404,0.14456,0.0794,0.22225,10.92757,0.19512,0.03556,0.08148,0.0494
1743150.0,-0.30168,-116.69004,0.29324,0.06038,0.14442,0.09101,0.04299,-35.85213,0.1799,0.03564,0.08066,0.00185
1743155.0,0.62679,185.69305,0.32659,0.06605,0.14612,0.39286,0.82936,157.27423,0.24485,0.04357,0.08603,0.68784
1743160.0,0.26076,-73.20504,0.32001,0.06799,0.14503,0.068,0.32521,-100.83027,0.25289,0.04639,0.08595,0.10576
1743165.0,-0.23653,-99.45825,0.31166,0.06495,0.14449,0.05595,0.15852,-33.33735,0.24345,0.04751,0.08521,0.02513
1743170.0,0.17353,82.01251,0.29785,0.06604,0.14316,0.03011,0.15046,-1.61218,0.23415,0.04854,0.08446,0.02264
1743175.0,-0.3147,-97.64568,0.29953,0.06223,0.14315,0.09903,0.03942,-22.20953,0.21468,0.04845,0.08362,0.00155
1743180.0,0.53149,169.23755,0.32273,0.06692,0.14388,0.28248,0.35588,63.29323,0.2288,0.05152,0.08371,0.12665
1743185.0,0.26012,-54.27513,0.31647,0.06885,0.1428,0.06766,-0.03655,-78.4873,0.20957,0.05064,0.08295,0.00134
1743190.0,-0.15318,-82.65991,0.30014,0.06663,0.14186,0.02347,-0.06538,-5.76512,0.19515,0.04948,0.08225,0.00427
1743195.0,0.16275,63.1864,0.2864,0.06759,0.14053,0.02649,-0.03764,5.54817,0.1794,0.04861,0.0815,0.00142
1743200.0,-0.41156,-114.86258,0.29892,0.0628,0.14138,0.16938,-0.19124,-30.71978,0.18059,0.04621,0.08125,0.03657
1743205.0,0.53242,188.79654,0.32227,0.0675,0.14212,0.28347,0.21355,80.95811,0.18388,0.04789,0.08071,0.0456
1743210.0,0.17434,-71.61595,0.30747,0.06857,0.14081,0.03039,-0.18951,-80.61183,0.18445,0.04551,0.08046,0.03591
1743215.0,0.11197,-12.47353,0.28792,0.069,0.13942,0.01254,0.04876,47.65406,0.17088,0.04555,0.07965,0.00238
1743220.0,0.31354,40.31279,0.29049,0.07145,0.13862,0.0983,0.00172,-9.40968,0.15396,0.04511,0.07888,0.0
1743225.0,-0.45087,-152.88194,0.30652,0.06622,0.1399,0.20329,-0.2817,-56.68402,0.16674,0.04184,0.07913,0.07936
1743230.0,0.32724,155.6237,0.3086,0.06883,0.13917,0.10709,0.00874,58.0882,0.15094,0.04151,0.07835,8e-05
1743235.0,-0.35337,-136.1219,0.31307,0.06461,0.13953,0.12487,-0.62343,-126.43247,0.19818,0.03486,0.0819,0.38866
1743240.0,-0.18663,33.347,0.30043,0.0621,0.13875,0.03483,-0.24855,74.97529,0.20322,0.03203,0.08187,0.06178
1743245.0,0.04823,46.97297,0.27521,0.06196,0.13737,0.00233,-0.29965,-10.22037,0.21286,0.02871,0.08213,0.08979
1743250.0,-0.51654,-112.95541,0.29934,0.05617,0.13927,0.26682,-0.42403,-24.87657,0.23398,0.02418,0.08332,0.17981
1743255.0,0.18514,140.33736,0.28792,0.05746,0.13804,0.03428,-0.14132,56.54335,0.22471,0.02253,0.08275,0.01997
1743260.0,-0.39473,-115.974,0.2986,0.05294,0.13867,0.15581,-0.28248,-28.23174,0.23049,0.01948,0.08284,0.07979
1743265.0,0.12229,103.40249,0.28097,0.05364,0.13733,0.01495,0.23421,103.33785,0.23086,0.02162,0.08246,0.05486
1743270.0,0.06612,-11.2333,0.25949,0.05376,0.13595,0.00437,-0.05734,-58.31085,0.21351,0.02083,0.0817,0.00329
1743275.0,-0.41523,-96.26926,0.27506,0.04907,0.13675,0.17241,-0.1448,-17.49173,0.20664,0.01918,0.08115,0.02097
1743280.0,0.10495,104.03529,0.25805,0.04963,0.13541,0.01101,-0.05488,17.98429,0.19146,0.01844,0.08039,0.00301
1743285.0,-0.4671,-114.41039,0.27895,0.04446,0.13668,0.21818,-0.20551,-30.12664,0.19287,0.0162,0.08008,0.04223
1743290.0,0.57775,208.96982,0.30883,0.0498,0.1381,0.33379,0.645,170.10219,0.23808,0.02249,0.08315,0.41602
1743295.0,0.29934,-55.68079,0.30788,0.05229,0.13733,0.08961,0.21941,-85.11784,0.23621,0.02445,0.0827,0.04814
1743300.0,-0.12215,-84.29948,0.28931,0.05055,0.13625,0.01492,0.12674,-18.53335,0.22527,0.02548,0.08198,0.01606
1743305.0,0.28051,80.53188,0.28843,0.05285,0.13541,0.07868,0.1235,-0.64771,0.21509,0.02646,0.08125,0.01525
1743310.0,-0.31258,-118.61656,0.29085,0.04919,0.13536,0.0977,-0.0478,-34.26124,0.19836,0.02572,0.08049,0.00228
1743315.0,0.63068,188.65071,0.32483,0.05501,0.13732,0.39775,0.34706,78.97218,0.21323,0.02893,0.0807,0.12045
1743320.0,0.34521,-57.09357,0.32687,0.05791,0.13677,0.11917,-0.0102,-71.45201,0.19293,0.02854,0.07991,0.0001
1743325.0,0.0036,-68.32085,0.29454,0.05737,0.13544,1e-05,-0.01538,-1.03685,0.17517,0.0281,0.07913,0.00024
1743330.0,0.21921,43.12104,0.28701,0.05898,0.13434,0.04805,-0.09248,-15.41912,0.1669,0.02689,0.07848,0.00855
1743335.0,-0.54303,-152.44824,0.31261,0.05296,0.13655,0.29488,-0.32987,-47.47723,0.1832,0.02332,0.07894,0.10881
1743340.0,0.25325,159.25734,0.30667,0.05497,0.13557,0.06414,-0.03004,59.96502,0.16789,0.02279,0.07818,0.0009
1743345.0,-0.07891,-66.43352,0.2839,0.05363,0.13439,0.00623,-0.41009,-76.00903,0.19211,0.01846,0.07924,0.16817
1743350.0,-0.20132,-24.48139,0.27564,0.05108,0.13369,0.04053,-0.24415,33.18792,0.19731,0.01584,0.07912,0.05961
1743355.0,-0.04951,30.36201,0.25303,0.05007,0.13245,0.00245,-0.32117,-15.40559,0.2097,0.01247,0.07944,0.10315
1743360.0,-0.60986,-112.06987,0.28871,0.04347,0.13539,0.37193,-0.40604,-16.97268,0.22933,0.00828,0.08036,0.16487
1743365.0,0.19621,161.21484,0.27946,0.045,0.13427,0.0385,-0.09587,62.03364,0.21598,0.00724,0.07967,0.00919
1743370.0,-0.3039,-100.0228,0.2819,0.04151,0.13412,0.09235,-0.59535,-99.8963,0.25392,0.00121,0.08243,0.35444
1743375.0,-0.22703,15.37388,0.27642,0.03883,0.13348,0.05154,-0.2423,70.60962,0.25276,-0.00122,0.08219,0.05871
1743380.0,-0.15825,13.75505,0.2646,0.03686,0.13253,0.02504,-0.38174,-27.88712,0.26566,-0.00503,0.08278,0.14572
1743385.0,-0.70711,-109.77126,0.30885,0.02942,0.13663,0.50001,-0.49651,-22.95333,0.28874,-0.00994,0.08432,0.24652
1743390.0,0.02534,146.48975,0.2805,0.02938,0.13526,0.00064,-0.23771,51.75882,0.28364,-0.01222,0.08399,0.05651
1743395.0,-0.45605,-96.27813,0.29806,0.02452,0.13622,0.20798,-0.26588,-5.634,0.28186,-0.01476,0.08378,0.07069
1743400.0,-0.09906,71.39794,0.27816,0.02328,0.13501,0.00981,0.16907,86.9902,0.27058,-0.01292,0.08327,0.02858
1743405.0,0.04469,28.75107,0.25481,0.0235,0.13366,0.002,0.01158,-31.49828,0.24468,-0.01267,0.08244,0.00013
1743410.0,-0.52642,-114.22255,0.28197,0.018,0.13529,0.27712,-0.14546,-31.40674,0.23476,-0.014,0.08179,0.02116
1743415.0,0.10161,125.60649,0.26394,0.01884,0.13401,0.01033,0.05038,39.16795,0.21632,-0.01336,0.08102,0.00254
1743420.0,-0.38832,-97.9869,0.27637,0.01476,0.13429,0.15079,-0.00902,-11.88009,0.19559,-0.01331,0.08021,8e-05
1743425.0,0.22558,122.78004,0.27129,0.01687,0.13338,0.05089,0.5146,104.72292,0.22749,-0.00803,0.08214,0.26481
1743430.0,0.1598,-13.15584,0.26014,0.0183,0.13225,0.02554,0.19096,-64.72804,0.22384,-0.00604,0.0817,0.03646
1743435.0,-0.33717,-99.39285,0.26785,0.01475,0.13216,0.11368,0.07743,-22.70603,0.2092,-0.00521,0.08095,0.006
1743440.0,0.18432,104.29714,0.25949,0.01644,0.13113,0.03397,0.1847,21.45501,0.20675,-0.00331,0.0805,0.03412
1743445.0,-0.40335,-117.53426,0.27388,0.01224,0.13154,0.16269,0.00747,-35.44702,0.18682,-0.0032,0.07969,6e-05
1743450.0,0.65259,211.1879,0.31175,0.01865,0.13424,0.42587,0.88808,176.12318,0.25695,0.00571,0.08668,0.78869
1743455.0,0.45229,-40.0594,0.3258,0.02298,0.13475,0.20457,0.49595,-78.42616,0.28085,0.01061,0.08817,0.24597
1743460.0,-0.07818,-106.09344,0.30104,0.02197,0.1335,0.00611,0.34742,-29.70651,0.2875,0.01398,0.0884,0.1207
1743465.0,0.4156,98.75507,0.3125,0.02591,0.13368,0.17272,0.38555,7.62669,0.29731,0.0177,0.08887,0.14865
1743470.0,-0.19964,-123.04781,0.30121,0.02365,0.13284,0.03986,0.18399,-40.31282,0.28598,0.01936,0.08825,0.03385
1743475.0,0.74749,189.42674,0.34584,0.03089,0.13665,0.55875,0.59872,82.94654,0.31725,0.02515,0.09066,0.35847
1743480.0,0.44721,-60.05777,0.35598,0.03506,0.13698,0.19999,0.20925,-77.89519,0.30645,0.02699,0.09009,0.04378
1743485.0,0.09089,-71.26341,0.32947,0.03561,0.13564,0.00826,0.21845,1.84166,0.29765,0.02891,0.08954,0.04772
1743490.0,0.38979,59.78129,0.3355,0.03916,0.13552,0.15194,0.17883,-7.92503,0.28577,0.03041,0.08887,0.03198
1743495.0,-0.22555,-123.06887,0.32451,0.03651,0.13485,0.05087,0.03623,-28.51906,0.26082,0.03047,0.08798,0.00131
1743500.0,0.63706,172.52141,0.35576,0.04251,0.13703,0.40584,0.40246,73.24531,0.27498,0.03419,0.08846,0.16197
1743505.0,0.34686,-58.03862,0.35487,0.04556,0.13657,0.12031,0.03243,-74.00697,0.25073,0.03417,0.08757,0.00105
1743510.0,0.08771,-51.8301,0.32816,0.04598,0.13522,0.00769,0.12449,18.41232,0.2381,0.03507,0.08678,0.0155
1743515.0,0.29817,42.09027,0.32516,0.0485,0.13449,0.0889,0.06816,-11.26607,0.22111,0.0354,0.08592,0.00465
1743520.0,-0.30981,-121.59593,0.32362,0.04492,0.13441,0.09599,-0.0634,-26.31065,0.20534,0.03441,0.08516,0.00402
1743525.0,0.56297,174.55779,0.34756,0.0501,0.13569,0.31694,0.27557,67.79356,0.21236,0.03683,0.08487,0.07594
1743530.0,0.10235,-92.12452,0.32304,0.05062,0.13436,0.01048,-0.17265,-89.64365,0.20839,0.03473,0.08446,0.02981
1743535.0,-0.04304,-29.0785,0.29504,0.04968,0.13311,0.00185,0.0063,35.78864,0.18818,0.03445,0.08362,4e-05
1743540.0,0.00443,9.49509,0.26598,0.04923,0.1318,2e-05,-0.16671,-34.60147,0.18603,0.03244,0.08318,0.02779
1743545.0,-0.57342,-115.5704,0.29672,0.04301,0.13428,0.32881,-0.31147,-28.9512,0.19858,0.029,0.08351,0.09701
1743550.0,0.15275,145.23291,0.28232,0.0441,0.13305,0.02333,-0.03525,55.2424,0.18224,0.02835,0.08271,0.00124
1743555.0,-0.35267,-101.08435,0.28936,0.04013,0.13326,0.12438,-0.0908,-11.10998,0.1731,0.02716,0.08202,0.00825
1743560.0,-0.27073,16.38864,0.2875,0.03703,0.13288,0.0733,0.17123,52.40729,0.17291,0.0286,0.08141,0.02932
1743565.0,-0.10861,32.42339,0.26961,0.03557,0.13176,0.0118,0.00654,-32.93852,0.15628,0.02838,0.0806,4e-05
1743570.0,-0.67449,-113.17439,0.3101,0.02847,0.13538,0.45493,-0.15717,-32.74179,0.15636,0.02653,0.08013,0.0247
1743575.0,0.06557,148.0108,0.28564,0.02884,0.13404,0.0043,0.10301,52.03493,0.15103,0.02729,0.07939,0.01061
1743580.0,-0.43027,-99.16795,0.30011,0.02425,0.13477,0.18513,-0.00638,-21.87671,0.13656,0.02695,0.0786,4e-05
1743585.0,0.01744,89.5423,0.27184,0.02418,0.13342,0.0003,0.42941,87.15831,0.16585,0.03098,0.0794,0.1844
1743590.0,0.06074,8.65981,0.25073,0.02455,0.1321,0.00369,0.17098,-51.68596,0.16636,0.03238,0.0788,0.02924
1743595.0,-0.34592,-81.33129,0.26025,0.02084,0.13212,0.11966,0.11847,-10.50261,0.16157,0.03324,0.07809,0.01404
1743600.0,0.27168,123.51985,0.26139,0.02335,0.13142,0.07381,0.28348,33.00254,0.17376,0.03574,0.07792,0.08036
1743605.0,-0.24733,-103.80217,0.25999,0.02064,0.13082,0.06117,0.15326,-26.04411,0.17171,0.03692,0.07728,0.02349
1743610.0,0.36012,121.49059,0.27,0.02404,0.13064,0.12969,0.70185,109.71701,0.22473,0.04357,0.08084,0.49259
1743615.0,0.36624,1.22277,0.27962,0.02746,0.13049,0.13413,0.45067,-50.23605,0.24732,0.04764,0.08165,0.2031
1743620.0,-0.25352,-123.95138,0.27701,0.02465,0.12995,0.06427,0.23568,-42.99841,0.24616,0.04952,0.08118,0.05554
1743625.0,0.17638,85.98044,0.26695,0.02617,0.12888,0.03111,0.21738,-3.65981,0.24328,0.0512,0.08065,0.04725
1743630.0,-0.42327,-119.9299,0.28258,0.02167,0.12957,0.17915,0.02709,-38.05682,0.22166,0.05096,0.07985,0.00073
1743635.0,0.74091,232.8362,0.32841,0.02887,0.13335,0.54895,0.98071,190.72348,0.29756,0.06025,0.08752,0.96179
1743640.0,0.52631,-42.92114,0.3482,0.03384,0.13444,0.277,0.56633,-82.8769,0.32444,0.06531,0.08916,0.32072
1743645.0,-0.02355,-109.97243,0.31574,0.03327,0.13313,0.00055,0.36276,-40.71385,0.32827,0.06829,0.08913,0.13159
1743650.0,0.11279,27.26904,0.29544,0.03406,0.13186,0.01272,0.13246,-46.05965,0.30869,0.06893,0.08828,0.01755
1743655.0,-0.48234,-119.02686,0.31413,0.0289,0.13315,0.23265,-0.01217,-28.92636,0.27904,0.06812,0.08746,0.00015
1743660.0,0.51093,198.65366,0.33381,0.03372,0.1341,0.26104,0.38672,79.77927,0.28981,0.07131,0.08758,0.14955
1743665.0,0.14097,-73.99174,0.31453,0.03479,0.13287,0.01987,-0.09631,-96.6058,0.27046,0.06963,0.08698,0.00928
1743670.0,-0.18913,-66.01952,0.30199,0.03255,0.13203,0.03577,-0.0981,-0.35826,0.25322,0.06795,0.08639,0.00962
1743675.0,0.14495,66.81575,0.28628,0.03368,0.13083,0.02101,-0.07009,5.60089,0.23491,0.06657,0.08571,0.00491
1743680.0,-0.54506,-138.00238,0.31216,0.02789,0.13281,0.29709,-0.29776,-45.53236,0.24119,0.06293,0.08615,0.08866
1743685.0,0.36746,182.50432,0.31769,0.03128,0.13261,0.13503,0.06772,73.09534,0.22385,0.06298,0.08529,0.00459
1743690.0,0.01237,-71.01792,0.28716,0.03109,0.13129,0.00015,-0.34222,-81.98775,0.23568,0.05892,0.08605,0.11711
1743695.0,-0.12447,-27.36732,0.27089,0.02954,0.13021,0.01549,-0.1462,39.20305,0.22674,0.05687,0.0856,0.02138
1743700.0,0.20352,65.59819,0.26415,0.03128,0.12921,0.04142,-0.11214,6.81158,0.21528,0.05518,0.08502,0.01258
1743705.0,-0.40442,-121.58889,0.27818,0.02692,0.12978,0.16356,-0.26928,-31.42707,0.22068,0.05194,0.08521,0.07251
1743710.0,0.40484,161.85258,0.29085,0.0307,0.12988,0.1639,0.02899,59.65383,0.20151,0.05171,0.08436,0.00084
1743715.0,0.04481,-72.00581,0.26624,0.03084,0.12858,0.00201,-0.33774,-73.34632,0.21513,0.04781,0.085,0.11407
1743720.0,-0.09601,-28.16465,0.24922,0.02957,0.12745,0.00922,-0.14098,39.35291,0.20772,0.04593,0.0845,0.01987
1743725.0,0.0491,29.02326,0.22921,0.02977,0.12618,0.00241,-0.27752,-27.30883,0.2147,0.04269,0.08468,0.07702
1743730.0,-0.45329,-100.47863,0.25162,0.02494,0.12721,0.20547,-0.35025,-14.54562,0.22825,0.03876,0.08535,0.12268
1743735.0,0.27295,145.24683,0.25375,0.02742,0.12654,0.0745,-0.06811,56.4287,0.21224,0.03769,0.08461,0.00464
1743740.0,-0.16372,-87.33257,0.24475,0.02551,0.12563,0.0268,-0.05803,2.01547,0.19682,0.03674,0.08385,0.00337
1743745.0,-0.10107,12.52884,0.23038,0.02424,0.12453,0.01022,0.16306,44.21717,0.19344,0.038,0.08317,0.02659
1743750.0,-0.0451,11.19374,0.21185,0.02355,0.12333,0.00203,-0.07229,-47.0698,0.18133,0.0369,0.08246,0.00523
1743755.0,-0.71898,-134.77525,0.26256,0.01612,0.1275,0.51693,-0.29926,-45.39415,0.19312,0.03354,0.08274,0.08956
1743760.0,0.03855,151.50635,0.24016,0.01635,0.12623,0.00149,-0.02171,55.51123,0.17598,0.03298,0.08194,0.00047
1743765.0,-0.46326,-100.36256,0.26247,0.01155,0.12723,0.21461,-0.12185,-20.02821,0.17057,0.03143,0.08136,0.01485
1743770.0,-0.00423,91.80627,0.23665,0.01139,0.12596,2e-05,0.33226,90.82158,0.18673,0.03444,0.08143,0.1104
1743775.0,-0.04813,-8.77901,0.2178,0.0108,0.12473,0.00232,0.05141,-56.17036,0.1732,0.03461,0.08062,0.00264
1743780.0,-0.54076,-98.52703,0.25009,0.00528,0.12647,0.29242,-0.05709,-21.69959,0.16159,0.0337,0.0799,0.00326
1743785.0,0.01864,111.88079,0.22695,0.00542,0.1252,0.00035,0.02267,15.95252,0.1477,0.03359,0.0791,0.00051
1743790.0,-0.48121,-99.97154,0.25237,0.00055,0.12627,0.23157,-0.08277,-21.08878,0.14121,0.03242,0.07844,0.00685
1743795.0,0.34522,165.28615,0.26166,0.004,0.12617,0.11917,0.67267,151.08737,0.19435,0.03882,0.08167,0.45248
1743800.0,0.53665,38.28675,0.28916,0.00932,0.12769,0.28799,0.55268,-23.99637,0.23019,0.04396,0.08344,0.30546
1743805.0,-0.11152,-129.63388,0.27139,0.00811,0.12656,0.01244,0.2825,-54.03682,0.23542,0.04635,0.08317,0.07981
1743810.0,0.31126,84.5555,0.27538,0.01115,0.12619,0.09688,0.25773,-4.95481,0.23765,0.04846,0.08277,0.06642
1743815.0,-0.22221,-106.69314,0.27006,0.00881,0.12547,0.04938,0.12482,-26.58079,0.22637,0.04923,0.082,0.01558
1743820.0,0.75933,196.30682,0.31899,0.01632,0.12973,0.57658,0.95107,165.24976,0.29884,0.05824,0.08915,0.90454
1743825.0,0.54064,-43.72758,0.34115,0.02156,0.13113,0.2923,0.49293,-91.60909,0.31825,0.06259,0.09011,0.24298
1743830.0,0.07161,-93.80667,0.3142,0.02206,0.12984,0.00513,0.35968,-26.64972,0.32239,0.06556,0.09008,0.12937
1743835.0,0.56528,98.73422,0.33931,0.02749,0.13144,0.31954,0.43059,14.18063,0.33321,0.06921,0.09048,0.18541
1743840.0,-0.36374,-185.80426,0.34175,0.02358,0.13162,0.13231,0.00984,-84.14967,0.30087,0.06862,0.08961,0.0001
1743845.0,0.72528,217.80382,0.3801,0.0306,0.13513,0.52603,0.43889,85.8097,0.31467,0.07232,0.09006,0.19262
1743850.0,0.41707,-61.64203,0.3838,0.03446,0.13524,0.17395,0.00674,-86.42896,0.28388,0.07167,0.0892,5e-05
1743855.0,-0.04099,-91.61291,0.34952,0.03371,0.13395,0.00168,-0.03545,-8.43771,0.25904,0.07059,0.08842,0.00126
1743860.0,0.28198,64.59482,0.34277,0.03619,0.13321,0.07951,-0.05573,-4.05633,0.23871,0.06933,0.08769,0.00311
1743865.0,-0.34504,-125.40308,0.34299,0.03238,0.1333,0.11905,-0.22464,-33.78265,0.2373,0.06639,0.08766,0.05046
1743870.0,0.65201,199.40968,0.3739,0.03857,0.13573,0.42512,0.20377,85.68224,0.23395,0.06776,0.08697,0.04152
1743875.0,0.44179,-42.04539,0.38068,0.04261,0.13597,0.19517,-0.05726,-52.20664,0.21628,0.06651,0.08626,0.00328
1743880.0,-0.02099,-92.55435,0.34471,0.04197,0.13465,0.00044,-0.09243,-7.03354,0.20389,0.06493,0.08564,0.00854
1743885.0,0.2996,64.118,0.3402,0.04455,0.13395,0.08976,-0.10637,-2.78708,0.19414,0.06321,0.08507,0.01131
1743890.0,-0.33185,-126.29012,0.33937,0.04078,0.134,0.11012,-0.26994,-32.71409,0.20172,0.05988,0.08531,0.07287
1743895.0,0.48162,162.69247,0.35359,0.04519,0.13457,0.23195,0.07064,68.11547,0.18861,0.05999,0.08446,0.00499
1743900.0,0.10506,-75.31064,0.32874,0.04579,0.13326,0.01104,-0.35001,-84.13083,0.20475,0.05589,0.08526,0.12251
1743905.0,-0.23088,-67.18877,0.31895,0.04302,0.13267,0.05331,-0.28571,12.86119,0.21285,0.05247,0.08555,0.08163
1743910.0,0.11297,68.76934,0.29835,0.04372,0.1314,0.01276,-0.27778,1.58516,0.21934,0.04917,0.08577,0.07716
1743915.0,-0.22404,-67.40166,0.29092,0.04105,0.13078,0.0502,-0.18076,19.40346,0.21548,0.04687,0.08543,0.03268
1743920.0,0.6714,179.08929,0.32897,0.04735,0.13337,0.45078,0.1791,71.9735,0.21185,0.04819,0.08474,0.03208
1743925.0,0.18097,-98.08723,0.31417,0.04869,0.13221,0.03275,-0.32062,-99.94537,0.22272,0.0445,0.08523,0.1028
1743930.0,0.01961,-32.27111,0.28472,0.04839,0.1309,0.00038,-0.12413,39.29861,0.21286,0.04282,0.08466,0.01541
1743935.0,0.24418,44.91304,0.28066,0.05035,0.12997,0.05962,-0.16028,-7.23019,0.20761,0.04079,0.08421,0.02569
1743940.0,-0.38529,-125.89378,0.29112,0.046,0.13053,0.14845,-0.31715,-31.37463,0.21856,0.03721,0.08463,0.10059
1743945.0,0.43689,164.43661,0.3057,0.0499,0.13072,0.19087,-0.0082,61.79062,0.19752,0.03675,0.0838,7e-05
1743950.0,-0.12189,-111.75654,0.28732,0.04819,0.1297,0.01486,-0.59532,-117.42318,0.2373,0.03043,0.08688,0.3544
1743955.0,-0.0663,11.11826,0.26522,0.04704,0.12853,0.0044,-0.23263,72.53725,0.23684,0.0278,0.08669,0.05412
1743960.0,0.0757,28.39949,0.24627,0.04733,0.12725,0.00573,-0.32322,-18.11881,0.24548,0.02429,0.08703,0.10447
1743965.0,-0.53693,-122.52579,0.27533,0.04149,0.12933,0.2883,-0.46137,-27.6298,0.26706,0.01944,0.08847,0.21287
1743970.0,0.21143,149.67256,0.26894,0.04319,0.12832,0.0447,-0.16175,59.9245,0.25653,0.01762,0.08791,0.02616
1743975.0,-0.32372,-107.02989,0.27442,0.03952,0.12835,0.10479,-0.24946,-17.54089,0.25583,0.01495,0.08773,0.06223
1743980.0,0.12468,89.68052,0.25945,0.04037,0.12714,0.01555,0.26762,103.41521,0.25701,0.01748,0.08748,0.07162
1743985.0,0.15415,5.89362,0.24892,0.04151,0.126,0.02376,0.01554,-50.4171,0.23286,0.01746,0.0866,0.00024
1743990.0,-0.74603,-180.03687,0.29863,0.03363,0.13082,0.55656,-0.40235,-83.57696,0.24981,0.01326,0.08746,0.16189
1743995.0,-0.06534,136.13824,0.2753,0.03264,0.1296,0.00427,-0.17563,45.34338,0.24239,0.01137,0.08694,0.03085
1744000.0,-0.75632,-138.19597,0.3234,0.02475,0.13441,0.57202,-0.39692,-44.25786,0.25784,0.00729,0.0877,0.15755
1744005.0,-0.25863,99.53744,0.31692,0.02192,0.13385,0.06689,0.09776,98.93571,0.24183,0.00819,0.0869,0.00956
1744010.0,-0.18577,14.57198,0.30381,0.01984,0.13294,0.03451,-0.13559,-46.66946,0.23121,0.00676,0.08624,0.01838
1744015.0,-0.77066,-116.9776,0.35049,0.01194,0.13773,0.59392,-0.29337,-31.55533,0.23743,0.00376,0.08626,0.08606
1744020.0,-0.26958,100.21688,0.3424,0.00912,0.13713,0.07267,-0.21276,16.12079,0.23496,0.00159,0.08586,0.04527
1744025.0,-0.84493,-115.07106,0.39266,0.00058,0.14291,0.71391,-0.40223,-37.89323,0.25169,-0.00245,0.0866,0.16179
1744030.0,0.40977,250.94098,0.39437,0.00467,0.14312,0.16791,0.59779,200.00475,0.2863,0.00355,0.08926,0.35736
1744035.0,0.22575,-36.8042,0.37751,0.00688,0.14217,0.05096,0.21466,-76.6274,0.27913,0.00567,0.0888,0.04608
1744040.0,-0.31097,-107.3449,0.37085,0.0037,0.14174,0.0967,0.08648,-25.63507,0.25987,0.00647,0.08798,0.00748
1744045.0,0.14205,90.60458,0.34797,0.00509,0.14051,0.02018,0.08521,-0.25382,0.2424,0.00726,0.08716,0.00726
1744050.0,-0.47912,-124.23387,0.36109,0.00025,0.1414,0.22956,-0.09721,-36.48459,0.22788,0.00622,0.0864,0.00945
1744055.0,0.64557,224.93706,0.38954,0.0067,0.14407,0.41676,0.39789,99.02097,0.24488,0.01013,0.08704,0.15832
1744060.0,0.24881,-79.35036,0.37546,0.00912,0.1432,0.06191,-0.06067,-91.71306,0.22646,0.00943,0.08622,0.00368
1744065.0,-0.4786,-145.48267,0.38578,0.00424,0.1441,0.22906,-0.33645,-55.155,0.23746,0.00597,0.08653,0.1132
1744070.0,-0.09978,75.76287,0.35718,0.0032,0.14276,0.00996,-0.31936,3.41755,0.24565,0.00271,0.0867,0.10199
1744075.0,-0.69606,-119.25426,0.39107,-0.00379,0.14613,0.48449,-0.41726,-19.58131,0.26281,-0.00149,0.08756,0.17411
1744080.0,0.26831,192.87239,0.37879,-0.00107,0.14539,0.07199,0.01869,87.1914,0.2384,-0.00128,0.08669,0.00035
1744085.0,0.00596,-52.46836,0.34151,-0.001,0.14394,4e-05,-0.33037,-69.81299,0.2476,-0.00458,0.08688,0.10915
1744090.0,-0.22802,-46.79723,0.33016,-0.00327,0.14301,0.05199,-0.23469,19.13591,0.24631,-0.00688,0.08653,0.05508
1744095.0,0.03155,51.91474,0.3003,-0.00292,0.14159,0.001,-0.25506,-4.07345,0.24718,-0.00936,0.08627,0.06506
1744100.0,-0.57987,-122.28531,0.32826,-0.00869,0.14343,0.33625,-0.39976,-28.94066,0.26244,-0.01326,0.0869,0.15981
1744105.0,0.1872,153.41469,0.31415,-0.00673,0.14238,0.03504,-0.14106,51.741,0.2503,-0.01454,0.08619,0.0199
1744110.0,-0.16009,-69.45675,0.29874,-0.00827,0.14118,0.02563,-0.49997,-71.78222,0.27527,-0.01939,0.08764,0.24997
1744115.0,-0.18828,-5.63945,0.2877,-0.01007,0.14009,0.03545,-0.20648,58.69707,0.26839,-0.02127,0.08711,0.04264
1744120.0,-0.11941,13.77438,0.27087,-0.01116,0.1388,0.01426,-0.36553,-31.80895,0.2781,-0.02471,0.0874,0.13361
1744125.0,-0.71511,-119.13988,0.31529,-0.0182,0.14227,0.51138,-0.49706,-26.30608,0.3,-0.02943,0.08871,0.24707
1744130.0,0.16334,175.6902,0.3001,-0.01638,0.14117,0.02668,-0.15697,68.01844,0.2857,-0.03071,0.08798,0.02464
1744135.0,-0.27514,-87.6954,0.2976,-0.01897,0.14042,0.0757,-0.3777,-44.14657,0.2949,-0.03418,0.08828,0.14266
1744140.0,-0.00773,53.48211,0.26861,-0.01886,0.13902,6e-05,0.06977,89.49347,0.27238,-0.03314,0.08751,0.00487
1744145.0,0.1367,28.88601,0.25542,-0.0173,0.13786,0.01869,-0.09061,-32.07507,0.25421,-0.03371,0.08666,0.00821
1744150.0,-0.48762,-124.86451,0.27864,-0.02201,0.13865,0.23777,-0.25135,-32.14895,0.25392,-0.03589,0.08626,0.06318
1744155.0,0.36862,171.2466,0.28764,-0.0181,0.13876,0.13588,0.10453,71.1758,0.23898,-0.03448,0.08559,0.01093
1744160.0,-0.18715,-111.15347,0.27759,-0.01979,0.13765,0.03503,-0.00864,-22.63318,0.21595,-0.03423,0.08474,7e-05
1744165.0,0.07148,51.72668,0.25698,-0.01888,0.13636,0.00511,0.35899,73.525,0.23025,-0.03029,0.08541,0.12887
1744170.0,0.11346,8.39506,0.24263,-0.01755,0.13517,0.01287,0.09787,-52.22296,0.21701,-0.02901,0.08472,0.00958
1744175.0,-0.50975,-124.64055,0.26934,-0.02248,0.13619,0.25984,-0.08406,-36.38629,0.20372,-0.02956,0.0839,0.00707
1744180.0,0.16222,134.39412,0.25863,-0.02063,0.13516,0.02632,0.07514,31.84018,0.19086,-0.02852,0.08317,0.00565
1744185.0,-0.27762,-87.96963,0.26053,-0.0232,0.13446,0.07707,0.03342,-8.34434,0.17512,-0.0279,0.08237,0.00112
1744190.0,0.18087,91.69951,0.25256,-0.02116,0.13352,0.03272,0.4938,92.07652,0.20698,-0.02268,0.08422,0.24384
1744195.0,0.11688,-12.79885,0.23899,-0.01978,0.13237,0.01366,0.18896,-60.96833,0.20518,-0.02056,0.08381,0.03571
1744200.0,-0.2241,-68.1963,0.2375,-0.02182,0.13146,0.05022,0.16204,-5.38316,0.20087,-0.01874,0.0833,0.02626
1744205.0,0.60774,166.36766,0.27453,-0.01553,0.13403,0.36934,0.43213,54.01724,0.22399,-0.01423,0.08446,0.18674
1744210.0,-0.07132,-135.81149,0.25421,-0.01608,0.13272,0.00509,0.21201,-44.02359,0.2228,-0.01197,0.08412,0.04495
1744215.0,0.7442,163.10516,0.30321,-0.00848,0.13706,0.55384,0.97049,151.69589,0.29757,-0.00214,0.09274,0.94185
1744220.0,0.61777,-25.28676,0.33466,-0.00222,0.13953,0.38164,0.61131,-71.83679,0.32894,0.00399,0.0955,0.3737
1744225.0,-0.06459,-136.47176,0.30766,-0.00284,0.13817,0.00417,0.32845,-56.57066,0.32889,0.00724,0.09558,0.10788
1744230.0,0.08594,30.10622,0.28548,-0.00195,0.13687,0.00739,0.09381,-46.92878,0.30538,0.0081,0.09469,0.0088
1744235.0,-0.72918,-163.02484,0.32985,-0.00923,0.14068,0.5317,-0.23084,-64.92939,0.29793,0.00571,0.09431,0.05329
1744240.0,0.53904,253.64319,0.35077,-0.00374,0.14222,0.29056,0.81193,208.55318,0.34933,0.01378,0.09973,0.65923
1744245.0,0.05421,-96.96457,0.32112,-0.00316,0.14083,0.00294,0.14895,-132.59636,0.32929,0.01513,0.09892,0.02219
1744250.0,-0.66347,-143.53592,0.35535,-0.00977,0.1437,0.44019,-0.15482,-60.75344,0.31184,0.01343,0.09821,0.02397
1744255.0,-0.25661,81.37095,0.34548,-0.01224,0.14286,0.06585,-0.15795,-0.62521,0.29645,0.01171,0.09752,0.02495
1744260.0,-0.84518,-117.71286,0.39545,-0.02056,0.14823,0.71432,-0.27617,-23.64565,0.29443,0.00884,0.09735,0.07627
1744265.0,0.24935,218.90517,0.38084,-0.01787,0.14746,0.06217,0.13805,82.84388,0.27879,0.01013,0.09654,0.01906
1744270.0,-0.01311,-52.49109,0.34406,-0.01782,0.14599,0.00017,-0.27244,-82.09715,0.27815,0.0073,0.09636,0.07422
1744275.0,-0.62842,-123.0621,0.3725,-0.02392,0.14818,0.39491,-0.41945,-29.40235,0.29228,0.00303,0.09718,0.17594
1744280.0,-0.12767,100.14935,0.34802,-0.02496,0.1468,0.0163,-0.32331,19.22901,0.29539,-0.00023,0.09725,0.10453
1744285.0,-0.7304,-120.5463,0.38626,-0.03202,0.15021,0.53349,-0.46423,-28.18368,0.31227,-0.00487,0.09839,0.21551
1744290.0,0.16452,178.98497,0.36408,-0.03005,0.14909,0.02707,-0.12516,67.81293,0.29356,-0.00607,0.09755,0.01567
1744295.0,-0.37448,-107.79986,0.36512,-0.03349,0.14876,0.14023,-0.63257,-101.48271,0.32746,-0.01234,0.10042,0.40015
1744300.0,-0.7593,-76.96538,0.40454,-0.04075,0.15244,0.57654,-0.59946,6.62222,0.35466,-0.01821,0.10279,0.35936
1744305.0,-0.62383,27.0956,0.42647,-0.04658,0.15425,0.38916,-0.76064,-32.23531,0.39526,-0.02563,0.10717,0.57857
1744310.0,-1.0,-75.235,0.48382,-0.05612,0.16161,1.0,-0.92176,-32.22363,0.44791,-0.03459,0.11397,0.84964
1744315.0,-0.16861,166.27708,0.4523,-0.05724,0.16012,0.02843,-0.41782,100.7885,0.4449,-0.03843,0.11427,0.17457
1744320.0,-0.55992,-78.2608,0.46306,-0.06227,0.161,0.31351,-0.89143,-94.72285,0.48955,-0.04696,0.12026,0.79465
1744325.0,-0.68168,-24.35254,0.48492,-0.06846,0.16315,0.46469,-0.7285,32.5862,0.51345,-0.05377,0.12361,0.53071
1744330.0,-0.4116,54.01591,0.47759,-0.07189,0.16267,0.16942,-0.69094,7.51258,0.5312,-0.06014,0.12635,0.47739
1744335.0,-0.85113,-87.90617,0.51495,-0.07969,0.16699,0.72443,-0.7449,-10.79249,0.55257,-0.06699,0.12968,0.55487
1744340.0,-0.33415,103.39668,0.49687,-0.08223,0.16596,0.11166,-0.57748,33.48471,0.55506,-0.0721,0.13094,0.33348
1744345.0,-0.62994,-59.15891,0.51017,-0.08771,0.16724,0.39683,-0.96135,-76.77544,0.59569,-0.08099,0.13738,0.9242
1744350.0,-0.51437,23.11404,0.51059,-0.09198,0.16735,0.26458,-0.57666,76.93772,0.59378,-0.08594,0.13841,0.33254
1744355.0,-0.33502,35.87153,0.49304,-0.09441,0.16626,0.11224,-0.5805,-0.76723,0.59246,-0.09089,0.13943,0.33698
1744360.0,-0.7814,-89.27758,0.52187,-0.10128,0.16922,0.61059,-0.64333,-12.56639,0.59754,-0.09641,0.14102,0.41388
1744365.0,-0.19246,117.78931,0.48893,-0.10219,0.16761,0.03704,-0.41317,46.03308,0.57911,-0.09958,0.1406,0.17071
1744370.0,-0.57792,-77.09249,0.49783,-0.10695,0.16815,0.33399,-0.46481,-10.32935,0.56768,-0.10323,0.1405,0.21605
1744375.0,-0.23763,68.05782,0.47181,-0.10825,0.16664,0.05647,0.08018,108.99863,0.51893,-0.1014,0.13942,0.00643
1744380.0,-0.23785,-0.04361,0.44841,-0.10955,0.16513,0.05657,-0.17558,-51.15202,0.48459,-0.10214,0.13808,0.03083
1744385.0,-0.69396,-91.22254,0.47297,-0.11539,0.16683,0.48158,-0.36484,-37.85123,0.47262,-0.10477,0.13738,0.13311
1744390.0,0.04082,146.95694,0.42975,-0.11383,0.1654,0.00167,-0.0224,68.4875,0.42759,-0.10395,0.13607,0.0005
1744395.0,-0.36927,-82.01812,0.42371,-0.11638,0.16439,0.13636,-0.11575,-18.67103,0.39641,-0.10406,0.13471,0.0134
1744400.0,0.33126,140.10542,0.41446,-0.11191,0.16471,0.10973,0.66153,155.45714,0.42292,-0.09641,0.13911,0.43762
1744405.0,0.27015,-12.22099,0.40003,-0.10809,0.16449,0.07298,0.3001,-72.28734,0.41064,-0.09244,0.13926,0.09006
1744410.0,-0.16567,-87.16521,0.37659,-0.10866,0.16288,0.02745,0.12874,-34.27034,0.38245,-0.09023,0.13835,0.01657
1744415.0,0.28455,90.04497,0.36739,-0.10473,0.16276,0.08097,0.24776,23.80279,0.36898,-0.08685,0.13808,0.06138
1744420.0,-0.22965,-102.84119,0.35362,-0.10598,0.16129,0.05274,0.05302,-38.94811,0.33738,-0.08545,0.13689,0.00281
1744425.0,0.68587,183.10365,0.38684,-0.09806,0.16582,0.47041,0.98232,185.86104,0.40188,-0.07477,0.1467,0.96496
1744430.0,0.50899,-35.37516,0.39906,-0.09199,0.16778,0.25907,0.51296,-93.87148,0.41299,-0.0689,0.14862,0.26313
1744435.0,0.04513,-92.77148,0.36366,-0.09062,0.16628,0.00204,0.35832,-30.92888,0.40752,-0.06462,0.14892,0.12839
1744440.0,0.5487,100.71375,0.38217,-0.08423,0.16863,0.30107,0.52132,32.60047,0.4189,-0.05877,0.1508,0.27178
1744445.0,0.00305,-109.13049,0.34426,-0.08335,0.16701,1e-05,0.29403,-45.45878,0.40641,-0.05524,0.15051,0.08645
1744450.0,0.81722,162.83463,0.39155,-0.07435,0.17329,0.66785,0.70444,82.08253,0.43622,-0.04764,0.15466,0.49624
1744455.0,0.62391,-38.66327,0.41479,-0.06737,0.17634,0.38926,0.3463,-71.62791,0.42722,-0.0437,0.15463,0.11992
1744460.0,0.4509,-34.60139,0.4184,-0.06218,0.17721,0.20331,0.49078,28.89551,0.43358,-0.03836,0.15589,0.24086
1744465.0,0.67934,45.68886,0.44449,-0.05477,0.18082,0.46151,0.42482,-13.19266,0.4327,-0.03372,0.15643,0.18047
1744470.0,0.03904,-128.06,0.40395,-0.05383,0.1791,0.00152,0.13437,-58.08945,0.40287,-0.03204,0.15514,0.01805
1744475.0,0.69531,131.25356,0.43308,-0.04634,0.18281,0.48346,0.46142,65.40971,0.40872,-0.02711,0.15598,0.21291
1744480.0,0.35898,-67.26719,0.42567,-0.04229,0.18259,0.12886,0.02735,-86.81376,0.37059,-0.02656,0.15445,0.00075
1744485.0,0.21224,-29.34776,0.40433,-0.03974,0.1814,0.04504,0.16306,27.14175,0.34983,-0.02467,0.15326,0.02659
1744490.0,0.38847,35.24623,0.40274,-0.03546,0.18139,0.15091,0.10266,-12.0789,0.32512,-0.02339,0.15188,0.01054
1744495.0,-0.14651,-106.99501,0.37712,-0.03657,0.17969,0.02146,-0.04084,-28.70099,0.29669,-0.02357,0.15037,0.00167
1744500.0,0.68385,166.07213,0.40779,-0.02936,0.18298,0.46765,0.44768,97.7044,0.31179,-0.01886,0.15104,0.20042
1744505.0,0.19273,-98.22546,0.38629,-0.02714,0.18164,0.03714,-0.17134,-123.80428,0.29774,-0.02038,0.14976,0.02936
1744510.0,0.13941,-10.6624,0.3616,-0.02548,0.18009,0.01944,0.05701,45.6706,0.27367,-0.01961,0.14832,0.00325
1744515.0,0.39981,52.07894,0.36542,-0.02122,0.18006,0.15985,0.07889,4.37561,0.25419,-0.01862,0.14693,0.00622
1744520.0,-0.21596,-123.15332,0.35047,-0.02317,0.17863,0.04664,-0.13404,-42.58498,0.24218,-0.01978,0.14559,0.01797
1744525.0,0.39149,121.48959,0.35458,-0.01903,0.17853,0.15326,0.10905,48.61682,0.22886,-0.01849,0.1443,0.01189
1744530.0,-0.06985,-92.26855,0.3261,-0.01953,0.17677,0.00488,-0.51708,-125.22574,0.25769,-0.02347,0.14529,0.26737
1744535.0,-0.01822,10.3274,0.29531,-0.01952,0.17501,0.00033,-0.13634,76.14801,0.24555,-0.0246,0.14396,0.01859
1744540.0,0.02786,9.21443,0.26857,-0.01905,0.17328,0.00078,-0.30713,-34.15749,0.25171,-0.02743,0.14331,0.09433
1744545.0,-0.39458,-84.48763,0.28117,-0.0228,0.17293,0.15569,-0.37729,-14.03205,0.26427,-0.03093,0.14307,0.14235
1744550.0,0.31107,141.13052,0.28416,-0.01946,0.17229,0.09676,-0.03447,68.56304,0.24129,-0.03096,0.14164,0.00119
1744555.0,-0.21978,-106.16934,0.27772,-0.02147,0.17096,0.0483,-0.16286,-25.67773,0.23344,-0.03228,0.1404,0.02652
1744560.0,0.15801,75.55625,0.26575,-0.01967,0.16957,0.02497,0.38235,109.04208,0.24834,-0.02814,0.14068,0.14619
1744565.0,0.18517,5.4339,0.25769,-0.01762,0.16828,0.03429,0.11264,-53.94134,0.23477,-0.02673,0.13946,0.01269
1744570.0,-0.41032,-119.09908,0.27296,-0.02155,0.16811,0.16836,-0.14658,-51.84474,0.22595,-0.02793,0.13821,0.02149
1744575.0,0.14371,110.8058,0.26003,-0.0199,0.1667,0.02065,0.07109,43.53505,0.21046,-0.02694,0.13692,0.00505
1744580.0,-0.13751,-56.24312,0.24778,-0.02107,0.16517,0.01891,0.10313,6.40777,0.19973,-0.02564,0.13572,0.01064
1744585.0,0.69765,167.03191,0.29277,-0.01389,0.16858,0.48672,0.96539,172.45074,0.27629,-0.01572,0.14399,0.93197
1744590.0,0.51068,-37.39524,0.31456,-0.00864,0.16959,0.26079,0.48711,-95.65499,0.29738,-0.0107,0.14503,0.23728
1744595.0,0.03288,-95.55949,0.28639,-0.00823,0.16791,0.00108,0.32881,-31.66056,0.30052,-0.0073,0.14471,0.10812
1744600.0,0.38347,70.1183,0.2961,-0.00431,0.16773,0.14705,0.34969,4.17548,0.30544,-0.00373,0.14451,0.12228
1744605.0,-0.23679,-124.05183,0.29017,-0.00663,0.16659,0.05607,0.0617,-57.59694,0.28106,-0.00308,0.14311,0.00381
1744610.0,0.53206,153.76889,0.31436,-0.00125,0.16776,0.28308,0.4281,73.27942,0.29577,0.00123,0.1435,0.18327
1744615.0,0.28376,-49.65974,0.3113,0.0016,0.16688,0.08052,0.01929,-81.7617,0.26812,0.00142,0.14207,0.00037
1744620.0,-0.09363,-75.47762,0.28953,0.00065,0.1653,0.00877,-0.01766,-7.3899,0.24307,0.00122,0.14065,0.00031
1744625.0,0.19284,57.2938,0.27986,0.00257,0.16401,0.03719,-0.03193,-2.85475,0.22196,0.00089,0.13925,0.00102
1744630.0,-0.33095,-104.75665,0.28497,-0.00076,0.16346,0.10953,-0.20748,-35.11002,0.22051,-0.00119,0.13829,0.04305
1744635.0,0.44939,156.06798,0.30141,0.00374,0.16381,0.20195,0.23182,87.8606,0.22164,0.00114,0.13743,0.05374
1744640.0,0.1311,-63.65851,0.28438,0.00501,0.16233,0.01719,-0.18578,-83.5193,0.21806,-0.00073,0.1364,0.03451
1744645.0,0.00315,-25.59073,0.25626,0.00499,0.16071,1e-05,0.01625,40.40613,0.19788,-0.00056,0.13504,0.00026
1744650.0,0.20129,39.62811,0.25076,0.00696,0.15948,0.04052,-0.03079,-9.40872,0.18117,-0.00086,0.1337,0.00095
1744655.0,-0.40323,-120.90452,0.26601,0.00286,0.15954,0.1626,-0.23597,-41.03648,0.18665,-0.00321,0.13291,0.05568
1744660.0,0.30829,142.30421,0.27024,0.00591,0.15886,0.09504,0.13536,74.26658,0.18152,-0.00183,0.13176,0.01832
1744665.0,-0.15197,-92.05173,0.25841,0.00433,0.15751,0.0231,-0.46021,-119.11408,0.20939,-0.00641,0.13251,0.21179
1744670.0,-0.17122,-3.84887,0.24969,0.00258,0.15624,0.02931,-0.19808,52.42624,0.20826,-0.00833,0.13154,0.03924
1744675.0,0.20309,74.86141,0.24503,0.00458,0.15507,0.04125,-0.07635,24.34594,0.19507,-0.00901,0.13027,0.00583
1744680.0,-0.32457,-105.53168,0.25298,0.00129,0.15458,0.10534,-0.24696,-34.12207,0.20026,-0.01139,0.12952,0.06099
1744685.0,0.38022,140.95837,0.26571,0.00508,0.15444,0.14457,0.08412,66.21536,0.18864,-0.01043,0.12832,0.00708
1744690.0,-0.08884,-93.81381,0.24802,0.00414,0.15298,0.00789,-0.0314,-23.10316,0.17292,-0.01064,0.12704,0.00099
1744695.0,0.12023,41.81438,0.23524,0.0053,0.15159,0.01445,0.40287,86.85358,0.19591,-0.00651,0.12744,0.1623
1744700.0,0.14967,5.88801,0.22668,0.00674,0.15027,0.0224,0.1691,-46.75431,0.19323,-0.00475,0.12647,0.02859
1744705.0,-0.37369,-104.67232,0.24139,0.00294,0.15019,0.13965,-0.07223,-48.26587,0.18113,-0.00543,0.12525,0.00522
1744710.0,0.18085,110.90794,0.23533,0.00472,0.149,0.0327,0.09475,33.39564,0.17249,-0.00442,0.1241,0.00898
1744715.0,-0.50337,-136.84271,0.26214,-0.00036,0.15004,0.25338,-0.24087,-67.12333,0.17933,-0.00679,0.1234,0.05802
1744720.0,0.06608,113.89027,0.24253,0.0003,0.14858,0.00437,0.46451,141.07515,0.20785,-0.00208,0.12435,0.21577
1744725.0,0.10199,7.18053,0.22848,0.00132,0.1472,0.0104,0.17981,-56.93879,0.20504,-0.00026,0.12343,0.03233
1744730.0,-0.33825,-88.04705,0.23945,-0.00208,0.14686,0.11441,0.0525,-25.46166,0.18979,0.00027,0.12222,0.00276
1744735.0,0.21422,110.49422,0.23693,9e-05,0.14585,0.04589,0.24917,39.333,0.19573,0.00276,0.12161,0.06209
1744740.0,-0.31727,-106.29895,0.24496,-0.00309,0.14537,0.10066,0.04104,-41.62554,0.18026,0.00314,0.1204,0.00168
1744745.0,0.6276,188.97432,0.28323,0.00322,0.14782,0.39388,1.0,191.79175,0.26223,0.01311,0.12894,1.0
1744750.0,0.44466,-36.58689,0.29937,0.00763,0.14825,0.19773,0.52301,-95.39841,0.28831,0.01821,0.1302,0.27354
1744755.0,0.04441,-80.04996,0.27388,0.008,0.14678,0.00197,0.43058,-18.48491,0.30254,0.02233,0.13056,0.1854
1744760.0,0.31883,54.88348,0.27837,0.01111,0.14626,0.10165,0.36598,-12.92161,0.30888,0.02577,0.13042,0.13394
1744765.0,-0.22641,-109.04871,0.27318,0.00873,0.14535,0.05126,0.14894,-43.40721,0.29289,0.027,0.12926,0.02218
1744770.0,0.63066,171.4135,0.30892,0.01495,0.14769,0.39773,0.56556,83.32443,0.32016,0.03239,0.13081,0.31986
1744775.0,0.28779,-68.57247,0.30681,0.01768,0.14694,0.08282,0.07574,-97.96365,0.29571,0.03282,0.12952,0.00574
1744780.0,-0.01828,-61.21379,0.27796,0.01732,0.14548,0.00033,0.10072,4.99515,0.27621,0.0335,0.12827,0.01014
1744785.0,0.26265,56.18561,0.27643,0.01978,0.14462,0.06899,0.07061,-6.02138,0.25565,0.03387,0.127,0.00499
1744790.0,-0.35788,-124.10562,0.28457,0.016,0.14457,0.12808,-0.18635,-51.39296,0.24872,0.03167,0.12621,0.03473
1744795.0,0.43553,158.68166,0.29967,0.02019,0.14485,0.18969,0.23855,84.97987,0.24771,0.03374,0.12536,0.0569
1744800.0,0.0333,-80.44553,0.27303,0.02033,0.1434,0.00111,-0.24573,-96.85592,0.24751,0.03094,0.12488,0.06038
1744805.0,-0.1669,-40.0406,0.26242,0.01845,0.14231,0.02786,-0.11506,26.13556,0.23426,0.02948,0.12384,0.01324
1744810.0,-0.18665,-3.95007,0.25484,0.0164,0.1413,0.03484,-0.36236,-49.46061,0.24707,0.02556,0.1241,0.1313
1744815.0,-0.68028,-98.72633,0.29738,0.00944,0.14465,0.46278,-0.45937,-19.40237,0.2683,0.02072,0.12517,0.21102
1744820.0,0.07117,150.29062,0.27476,0.01005,0.14324,0.00507,-0.07368,77.13828,0.24884,0.01977,0.124,0.00543
1744825.0,-0.37091,-88.4156,0.28438,0.00624,0.14323,0.13757,-0.59479,-104.22238,0.28344,0.01363,0.12646,0.35378
1744830.0,-0.28793,16.59432,0.28473,0.0033,0.14264,0.08291,-0.25394,68.17013,0.28049,0.01095,0.1259,0.06449
1744835.0,0.10444,78.47398,0.2667,0.00431,0.14132,0.01091,-0.13053,24.68235,0.26549,0.00954,0.12484,0.01704
1744840.0,-0.42092,-105.07057,0.28212,6e-05,0.14168,0.17717,-0.29378,-32.64984,0.26832,0.0065,0.12449,0.08631
1744845.0,0.22538,129.25854,0.27645,0.00231,0.14076,0.05079,-0.03712,51.33141,0.2452,0.00607,0.12326,0.00138
1744850.0,-0.23378,-91.83144,0.27218,-5e-05,0.1399,0.05465,-0.13934,-20.44307,0.23461,0.00461,0.12224,0.01941
1744855.0,-0.24466,-2.17594,0.26943,-0.00249,0.13908,0.05986,0.08257,44.38182,0.21941,0.00539,0.12108,0.00682
1744860.0,-0.25413,-1.8943,0.2679,-0.00501,0.13831,0.06458,-0.18522,-53.55848,0.21599,0.00349,0.12022,0.03431
1744865.0,-0.90045,-129.26291,0.33116,-0.01396,0.14479,0.8108,-0.48464,-59.88491,0.24286,-0.0014,0.12135,0.23488
1744870.0,-0.35879,108.33056,0.33392,-0.01741,0.14451,0.12873,-0.34826,27.27687,0.2534,-0.00486,0.12132,0.12128
1744875.0,-0.83348,-94.93626,0.38388,-0.02557,0.14959,0.69468,-0.48708,-27.76443,0.27676,-0.00969,0.12239,0.23725
1744880.0,-0.13769,139.15726,0.35926,-0.02669,0.14822,0.01896,0.30193,157.8017,0.27928,-0.00657,0.12211,0.09116
1744885.0,-0.15638,-3.73733,0.33897,-0.02799,0.1469,0.02445,-0.03156,-66.69656,0.25451,-0.00682,0.1209,0.001
1744890.0,-0.57271,-83.26643,0.36234,-0.03344,0.14834,0.32799,-0.17597,-28.88282,0.24665,-0.00851,0.11997,0.03097
1744895.0,-0.06346,101.85008,0.33245,-0.03374,0.14686,0.00403,-0.02966,29.26277,0.22495,-0.00872,0.11878,0.00088
1744900.0,-0.48967,-85.24349,0.34818,-0.0383,0.14743,0.23978,-0.13172,-20.41232,0.21563,-0.00995,0.11774,0.01735
1744905.0,0.49206,196.34677,0.36256,-0.03299,0.14871,0.24212,0.8212,190.58403,0.27619,-0.00164,0.12333,0.67437
1744910.0,0.32559,-33.293,0.35887,-0.02941,0.14849,0.10601,0.35871,-92.49921,0.28444,0.00196,0.12337,0.12867
1744915.0,-0.06367,-77.85303,0.32935,-0.02975,0.14701,0.00405,0.28475,-14.79144,0.28447,0.00479,0.12292,0.08108
1744920.0,0.31104,74.94141,0.32752,-0.02634,0.14668,0.09674,0.30856,4.76137,0.28688,0.00783,0.12259,0.09521
1744925.0,-0.31798,-125.80332,0.32656,-0.02926,0.14605,0.10111,0.02477,-56.75762,0.26067,0.008,0.12137,0.00061
1744930.0,0.56641,176.8782,0.35055,-0.0233,0.14807,0.32082,0.4634,87.72623,0.28094,0.01255,0.12219,0.21474
1744935.0,0.31045,-51.19291,0.34654,-0.01997,0.14768,0.09638,0.05104,-82.47215,0.25795,0.01294,0.12098,0.0026
1744940.0,0.00149,-61.79019,0.31203,-0.01975,0.1462,0.0,0.08092,5.97665,0.24025,0.01362,0.11982,0.00655
1744945.0,0.28877,57.45552,0.30971,-0.01667,0.14568,0.08339,0.05436,-5.31179,0.22166,0.01402,0.11864,0.00296
1744950.0,-0.34017,-125.78807,0.31275,-0.0199,0.14524,0.11571,-0.20313,-51.49815,0.21981,0.01185,0.11791,0.04126
1744955.0,0.46745,161.52289,0.32822,-0.01503,0.14612,0.21851,0.18913,78.45142,0.21674,0.01362,0.11704,0.03577
1744960.0,0.14048,-65.39234,0.30945,-0.01347,0.1449,0.01974,-0.26634,-91.0938,0.2217,0.01082,0.11664,0.07094
1744965.0,0.171,6.10291,0.2956,-0.01163,0.14378,0.02924,0.0428,61.82887,0.20381,0.01114,0.11548,0.00183
1744970.0,0.27866,21.5316,0.29391,-0.00872,0.14317,0.07765,-0.12322,-33.20559,0.19575,0.0098,0.1145,0.01518
1744975.0,-0.3514,-126.01125,0.29966,-0.01215,0.14289,0.12348,-0.31889,-39.13255,0.20806,0.00651,0.11442,0.10169
1744980.0,0.2166,113.59896,0.29135,-0.00986,0.14197,0.04691,-0.08565,46.64682,0.19582,0.00559,0.11336,0.00734
1744985.0,-0.32646,-108.61191,0.29486,-0.01303,0.14153,0.10658,-0.25608,-34.0846,0.20185,0.00298,0.11289,0.06557
1744990.0,-0.0836,48.57194,0.27374,-0.01374,0.14017,0.00699,0.15454,82.12401,0.19712,0.00449,0.11199,0.02388
1744995.0,-0.02854,11.01355,0.24922,-0.01388,0.13877,0.00081,-0.05254,-41.4166,0.18266,0.00392,0.1109,0.00276
1745000.0,-0.54533,-103.35862,0.27883,-0.0192,0.14015,0.29738,-0.22668,-34.8277,0.18706,0.00161,0.11031,0.05138
1745005.0,0.04581,118.22764,0.25553,-0.01855,0.13879,0.0021,-0.04544,36.24723,0.1729,0.00114,0.10923,0.00206
1745010.0,-0.39815,-88.79119,0.26979,-0.02234,0.13881,0.15852,-0.14809,-20.53044,0.17042,-0.00035,0.10836,0.02193
1745015.0,0.1779,115.20885,0.2606,-0.02034,0.13782,0.03165,0.54087,137.7916,0.20746,0.00506,0.11015,0.29254
1745020.0,0.20544,5.50874,0.25508,-0.01808,0.13694,0.04221,0.2913,-49.9127,0.21585,0.00793,0.10985,0.08486
1745025.0,-0.33754,-108.59557,0.26333,-0.02128,0.13657,0.11393,0.03594,-51.0724,0.19786,0.00821,0.10876,0.00129
1745030.0,0.15159,97.82603,0.25216,-0.01955,0.1355,0.02298,0.11608,16.02846,0.18968,0.00929,0.10778,0.01348
1745035.0,-0.38587,-107.49361,0.26553,-0.02321,0.13546,0.1489,-0.07755,-38.72736,0.17847,0.00842,0.10678,0.00601
1745040.0,0.59622,196.41891,0.2986,-0.01702,0.13786,0.35548,0.92331,200.1722,0.25295,0.01757,0.11392,0.85249
1745045.0,0.41581,-36.08097,0.31032,-0.01269,0.13832,0.1729,0.44251,-96.15849,0.27191,0.02182,0.11455,0.19582
1745050.0,-0.07049,-97.26129,0.28634,-0.01327,0.13697,0.00497,0.24118,-40.26705,0.26883,0.02401,0.11387,0.05817
1745055.0,0.30878,75.85429,0.28858,-0.01005,0.13662,0.09534,0.26829,5.42181,0.26878,0.02645,0.11332,0.07198
1745060.0,-0.32926,-127.60743,0.29265,-0.01324,0.13625,0.10841,-0.01666,-56.98882,0.24357,0.02602,0.1122,0.00028
1745065.0,0.48537,162.92551,0.31192,-0.00825,0.13732,0.23558,0.31462,66.2546,0.25067,0.02891,0.1119,0.09898
1745070.0,0.15307,-66.46091,0.29603,-0.00664,0.13621,0.02343,-0.20427,-103.77763,0.24603,0.02657,0.11131,0.04173
1745075.0,-0.22492,-75.59623,0.28892,-0.00882,0.13531,0.05059,-0.2205,-3.24542,0.24348,0.0241,0.1108,0.04862
1745080.0,0.09016,63.01441,0.26905,-0.00783,0.13405,0.00813,-0.21595,0.90875,0.24073,0.0217,0.11025,0.04664
1745085.0,-0.4443,-106.89103,0.28657,-0.0122,0.13458,0.1974,-0.37592,-31.99354,0.25425,0.01773,0.1107,0.14132
1745090.0,0.38471,165.80118,0.29638,-0.00823,0.13478,0.148,0.03919,83.02234,0.23274,0.01794,0.1096,0.00154
1745095.0,0.06267,-64.40699,0.27301,-0.00752,0.13348,0.00393,-0.36336,-80.51005,0.2458,0.01413,0.10993,0.13203
1745100.0,-0.06129,-24.79179,0.25184,-0.00806,0.13217,0.00376,-0.14283,44.10599,0.23551,0.01256,0.10907,0.0204
1745105.0,0.15502,43.2612,0.24216,-0.00643,0.13111,0.02403,-0.21856,-15.14514,0.23381,0.01025,0.1085,0.04777
1745110.0,-0.38789,-108.58108,0.25673,-0.01024,0.13123,0.15046,-0.37764,-31.81576,0.24819,0.00637,0.10889,0.14261
1745115.0,0.35502,148.58029,0.26656,-0.00659,0.13122,0.12604,0.01016,77.5601,0.22439,0.00641,0.1078,0.0001
1745120.0,-0.12827,-96.65709,0.25273,-0.00781,0.13006,0.01645,-0.49161,-100.35483,0.25111,0.00143,0.10916,0.24168
1745125.0,0.01387,28.42729,0.22884,-0.00759,0.12876,0.00019,-0.07996,82.3289,0.234,0.00061,0.10813,0.00639
1745130.0,0.14062,25.35165,0.22002,-0.00611,0.12769,0.01978,-0.23462,-30.93025,0.23406,-0.00174,0.10759,0.05504
1745135.0,-0.40203,-108.53048,0.23822,-0.01007,0.12795,0.16163,-0.34773,-22.6218,0.24543,-0.0052,0.10769,0.12091
1745140.0,0.2622,132.84476,0.24062,-0.00734,0.12739,0.06875,-0.03426,62.69286,0.22431,-0.00549,0.10662,0.00117
1745145.0,-0.21201,-94.8417,0.23776,-0.00939,0.12653,0.04495,-0.13928,-21.0042,0.21581,-0.00683,0.10573,0.0194
1745150.0,0.26802,96.00549,0.24079,-0.00662,0.12602,0.07183,0.48499,124.85395,0.24272,-0.00191,0.10704,0.23521
1745155.0,0.20323,-12.95712,0.23703,-0.00452,0.12519,0.0413,0.16604,-63.78888,0.23506,-0.00023,0.10625,0.02757
1745160.0,-0.34766,-110.17721,0.24809,-0.00795,0.12509,0.12087,-0.03465,-40.13945,0.21502,-0.00057,0.1052,0.0012
1745165.0,0.14766,99.06305,0.23805,-0.00639,0.12408,0.0218,0.05486,17.90218,0.199,-2e-05,0.10418,0.00301
1745170.0,-0.39752,-109.03642,0.254,-0.0103,0.12434,0.15802,-0.13397,-37.76526,0.1925,-0.00136,0.10331,0.01795
1745175.0,0.67984,215.47322,0.29658,-0.0034,0.12776,0.46219,1.0,226.79384,0.27325,0.00865,0.1121,1.0
1745180.0,0.48766,-38.43642,0.31569,0.00151,0.12885,0.23781,0.55147,-89.70522,0.30107,0.01408,0.11387,0.30412
1745185.0,-0.01364,-100.25935,0.28548,0.00136,0.12756,0.00019,0.33739,-42.81711,0.3047,0.01732,0.11376,0.11383
1745190.0,0.11607,25.94093,0.26854,0.0025,0.12642,0.01347,0.13549,-40.38063,0.28778,0.0185,0.11276,0.01836
1745195.0,-0.6752,-158.25467,0.30921,-0.00427,0.12965,0.4559,-0.28328,-83.75271,0.28733,0.01548,0.11252,0.08025
1745200.0,0.26934,188.90819,0.30522,-0.00154,0.12909,0.07254,0.19767,96.19054,0.27836,0.0173,0.11172,0.03908
1745205.0,0.03871,-46.12447,0.27857,-0.00113,0.12781,0.0015,-0.23882,-87.29967,0.27441,0.01474,0.11125,0.05704
1745210.0,-0.24958,-57.65829,0.27567,-0.00362,0.12714,0.06229,-0.22103,3.5581,0.26907,0.01238,0.11068,0.04886
1745215.0,0.07177,64.26982,0.25528,-0.00287,0.12593,0.00515,-0.17196,9.81382,0.25936,0.01054,0.10991,0.02957
1745220.0,-0.46816,-107.98531,0.27657,-0.00752,0.12679,0.21917,-0.2938,-24.36658,0.26281,0.0075,0.10971,0.08632
1745225.0,0.37374,168.37857,0.28629,-0.00371,0.12695,0.13968,0.11673,82.10488,0.2482,0.00859,0.10873,0.01363
1745230.0,-0.11668,-98.08344,0.26932,-0.00484,0.1258,0.01361,-0.4441,-112.16557,0.26779,0.00406,0.10965,0.19723
1745235.0,-0.14011,-4.68678,0.2564,-0.00619,0.12472,0.01963,-0.13879,61.06148,0.25489,0.00263,0.10876,0.01926
1745240.0,0.00474,28.9711,0.23124,-0.00608,0.12348,2e-05,-0.24472,-21.18452,0.25387,0.00016,0.10827,0.05989
1745245.0,-0.61175,-123.29811,0.26929,-0.01214,0.12584,0.37424,-0.47537,-46.13091,0.27602,-0.0046,0.1094,0.22598
1745250.0,0.08241,138.83226,0.2506,-0.01119,0.12467,0.00679,-0.14638,65.79887,0.26306,-0.00601,0.10851,0.02143
1745255.0,-0.37672,-91.82719,0.26321,-0.01485,0.12473,0.14192,-0.15236,-1.19604,0.25199,-0.00748,0.10763,0.02321
1745260.0,-0.288,17.74493,0.26569,-0.01758,0.12421,0.08294,0.15289,61.0491,0.24208,-0.00587,0.10681,0.02338
1745265.0,-0.29161,-0.72297,0.26828,-0.02032,0.12371,0.08504,-0.17545,-65.66846,0.23541,-0.00757,0.10602,0.03078
1745270.0,-0.79293,-100.26266,0.32075,-0.02804,0.12832,0.62873,-0.33972,-32.85394,0.24585,-0.01089,0.10604,0.11541
1745275.0,-0.15896,126.79337,0.30457,-0.02935,0.12721,0.02527,-0.09788,48.36823,0.23105,-0.01176,0.10506,0.00958
1745280.0,-0.7574,-119.68756,0.34985,-0.03663,0.13113,0.57365,-0.34413,-49.25064,0.24236,-0.01508,0.10509,0.11843
1745285.0,-0.20901,109.67758,0.33577,-0.03836,0.13011,0.04369,0.26479,121.78495,0.2446,-0.01229,0.10481,0.07011
1745290.0,-0.13585,14.6329,0.31578,-0.03933,0.1289,0.01845,-0.00189,-53.33594,0.22033,-0.01218,0.10376,0.0
1745295.0,-0.65334,-103.49968,0.34953,-0.04547,0.13131,0.42686,-0.18494,-36.60954,0.21679,-0.01391,0.10301,0.0342
1745300.0,-0.19786,91.09662,0.33437,-0.047,0.13022,0.03915,-0.10696,15.59488,0.20581,-0.01484,0.10207,0.01144
1745305.0,-0.70831,-102.08933,0.37176,-0.05361,0.1332,0.5017,-0.27849,-34.30575,0.21308,-0.01748,0.10173,0.07756
1745310.0,0.2548,192.62117,0.36006,-0.05052,0.13281,0.06492,0.69527,194.7527,0.2613,-0.01035,0.10569,0.4834
1745315.0,0.11232,-28.4966,0.33529,-0.0489,0.13174,0.01261,0.2771,-83.63422,0.26288,-0.00747,0.10544,0.07678
1745320.0,-0.34878,-92.21937,0.33664,-0.0519,0.1313,0.12165,0.13702,-28.01577,0.25029,-0.00603,0.10459,0.01877
1745325.0,0.15901,101.5584,0.31888,-0.04979,0.13042,0.02528,0.20947,14.48975,0.24621,-0.00387,0.104,0.04388
1745330.0,-0.39098,-109.99723,0.32609,-0.0532,0.13026,0.15286,0.00209,-41.47691,0.2218,-0.00382,0.10296,0.0
1745335.0,0.54011,186.21768,0.34749,-0.04726,0.13241,0.29172,0.4602,91.62355,0.24564,0.00082,0.10404,0.21179
1745340.0,0.19901,-68.22086,0.33264,-0.0448,0.13168,0.0396,-0.03871,-99.78322,0.22494,0.00043,0.10302,0.0015
1745345.0,-0.02172,-44.14579,0.30155,-0.04457,0.13037,0.00047,0.07737,23.21584,0.21019,0.0012,0.10205,0.00599
1745350.0,0.45126,94.59595,0.31652,-0.03961,0.13147,0.20364,0.20006,24.53885,0.20917,0.00319,0.10141,0.04002
1745355.0,-0.21633,-133.51886,0.3065,-0.04138,0.13046,0.0468,-0.03755,-47.52217,0.19201,0.00278,0.10042,0.00141
1745360.0,0.61325,165.91774,0.33718,-0.03483,0.13336,0.37608,0.35093,77.69626,0.2079,0.00626,0.1006,0.12315
1745365.0,0.17862,-86.92646,0.32132,-0.0327,0.13247,0.03191,-0.21226,-112.63773,0.20834,0.00408,0.10006,0.04505
1745370.0,-0.0414,-44.00459,0.29333,-0.03279,0.13115,0.00171,-0.07744,26.9642,0.19525,0.00326,0.09913,0.006
1745375.0,0.18209,44.69861,0.28221,-0.03064,0.13029,0.03316,-0.11704,-7.92116,0.18743,0.00206,0.09828,0.0137
1745380.0,-0.29059,-94.53587,0.28304,-0.03324,0.12965,0.08444,-0.17154,-10.90039,0.18584,0.00032,0.09759,0.02943
1745385.0,0.38039,134.19624,0.29278,-0.0291,0.13003,0.1447,0.08347,51.00251,0.1756,0.00115,0.09668,0.00697
1745390.0,-0.28248,-132.57544,0.29175,-0.03163,0.12936,0.0798,-0.63097,-142.88869,0.22114,-0.00517,0.09963,0.39813
1745395.0,-0.11648,33.20121,0.27422,-0.03248,0.12814,0.01357,-0.1508,96.03489,0.21411,-0.00662,0.09884,0.02274
1745400.0,-0.05246,12.80405,0.25205,-0.03268,0.12686,0.00275,-0.331,-36.03971,0.2258,-0.00987,0.09888,0.10956
1745405.0,-0.9214,-173.7892,0.31898,-0.04157,0.13333,0.84898,-0.77952,-89.70516,0.28117,-0.01756,0.1037,0.60766
1745410.0,-0.17935,148.41045,0.30502,-0.04295,0.13218,0.03217,-0.45611,64.68346,0.29866,-0.02195,0.10455,0.20803
1745415.0,-0.61292,-86.71402,0.33581,-0.04865,0.13405,0.37567,-0.4716,-3.09804,0.31596,-0.02645,0.10549,0.2224
1745420.0,-0.07156,108.27287,0.30938,-0.04888,0.13271,0.00512,0.20479,135.27826,0.30484,-0.02413,0.10496,0.04194
1745425.0,-0.09481,-4.64966,0.28793,-0.04934,0.1314,0.00899,-0.13217,-67.39277,0.28757,-0.02521,0.10402,0.01747
1745430.0,-0.62186,-105.41034,0.32132,-0.05506,0.1333,0.38671,-0.3021,-33.9858,0.28903,-0.02798,0.10373,0.09126
1745435.0,-0.07802,108.76713,0.29699,-0.05529,0.13197,0.00609,-0.13406,33.60833,0.27353,-0.02904,0.1028,0.01797
1745440.0,-0.52224,-88.84464,0.31951,-0.05996,0.13279,0.27274,-0.22851,-18.89032,0.26903,-0.03104,0.10217,0.05222
1745445.0,0.51902,208.25343,0.33947,-0.05417,0.13475,0.26938,0.78457,202.61649,0.32058,-0.02288,0.10766,0.61555
1745450.0,0.51696,-0.41301,0.35721,-0.04846,0.1366,0.26725,0.45899,-65.11647,0.33442,-0.01806,0.10886,0.21067
1745455.0,0.00695,-102.00134,0.32219,-0.0479,0.13526,5e-05,0.29897,-32.00344,0.33088,-0.01489,0.10876,0.08939
1745460.0,0.39862,78.33406,0.32983,-0.04344,0.13586,0.1589,0.32576,5.35802,0.33037,-0.01149,0.10881,0.10612
1745465.0,-0.1841,-116.54341,0.31526,-0.04485,0.1347,0.03389,0.10428,-44.29772,0.30776,-0.01033,0.10785,0.01087
1745470.0,0.73693,184.20453,0.35742,-0.03703,0.13934,0.54306,0.55846,90.83661,0.33283,-0.00464,0.10995,0.31188
1745475.0,0.45552,-56.28171,0.36723,-0.0321,0.14033,0.2075,0.11888,-87.91489,0.31143,-0.00341,0.109,0.01413
1745480.0,0.11928,-67.24824,0.34244,-0.03059,0.13915,0.01423,0.14474,5.17116,0.29476,-0.00192,0.10812,0.02095
1745485.0,0.41334,58.81293,0.34953,-0.02615,0.13969,0.17085,0.11181,-6.58615,0.27647,-0.00079,0.10717,0.0125
1745490.0,-0.17387,-117.44187,0.33196,-0.02763,0.13851,0.03023,-0.08796,-39.9528,0.25762,-0.00166,0.10617,0.00774
1745495.0,0.40694,116.1616,0.33946,-0.02328,0.13897,0.1656,0.13061,43.7135,0.24492,-0.00034,0.10528,0.01706
1745500.0,-0.09536,-100.45941,0.31505,-0.024,0.13763,0.00909,-0.49028,-124.17905,0.26945,-0.00524,0.10658,0.24038
1745505.0,0.05199,29.47019,0.28874,-0.02324,0.13631,0.0027,-0.0205,93.95695,0.24456,-0.00539,0.10551,0.00042
1745510.0,0.26845,43.29015,0.28671,-0.02033,0.13578,0.07206,-0.11072,-18.04359,0.23117,-0.00644,0.10457,0.01226
1745515.0,-0.38998,-131.6842,0.29704,-0.02402,0.13576,0.15208,-0.3168,-41.21633,0.23974,-0.00954,0.10447,0.10036
1745520.0,0.38578,155.1512,0.30591,-0.01992,0.13605,0.14883,0.07918,79.19543,0.22368,-0.00866,0.1035,0.00627
1745525.0,0.14003,-49.15042,0.28933,-0.01832,0.13494,0.01961,-0.26478,-68.79147,0.22779,-0.01122,0.10311,0.07011
1745530.0,0.09121,-9.76336,0.26951,-0.01723,0.13371,0.00832,-0.01426,50.10451,0.20644,-0.01125,0.10208,0.0002
1745535.0,0.38875,59.50849,0.28144,-0.01317,0.13399,0.15113,0.01607,6.06438,0.1874,-0.01098,0.10106,0.00026
1745540.0,-0.54093,-185.93687,0.30739,-0.01845,0.13538,0.29261,-0.43113,-89.4389,0.21177,-0.01518,0.10178,0.18587
1745545.0,0.1672,141.62642,0.29337,-0.01659,0.13436,0.02796,-0.14218,57.79049,0.20481,-0.01645,0.10092,0.02021
1745550.0,-0.31184,-95.80875,0.29522,-0.01954,0.13387,0.09725,-0.238,-19.16393,0.20813,-0.01866,0.10039,0.05664
1745555.0,0.03037,68.44151,0.26873,-0.01904,0.13256,0.00092,0.31452,110.50289,0.21877,-0.01533,0.10048,0.09892
1745560.0,0.07903,9.73295,0.24976,-0.01806,0.13133,0.00625,0.03673,-55.55788,0.20057,-0.01481,0.0995,0.00135
1745565.0,-0.30538,-76.88277,0.25532,-0.02094,0.13082,0.09326,-0.04807,-16.96054,0.18532,-0.01514,0.09852,0.00231
1745570.0,0.37915,136.90587,0.26771,-0.01694,0.13109,0.14375,0.19998,49.61137,0.18678,-0.01299,0.09798,0.03999
1745575.0,-0.12393,-100.61556,0.25333,-0.01801,0.12989,0.01536,0.11175,-17.64691,0.17928,-0.01174,0.09716,0.01249
1745580.0,0.45562,115.91031,0.27356,-0.01327,0.13079,0.20759,0.80991,139.6324,0.24234,-0.00353,0.1028,0.65596
1745585.0,0.28633,-33.85868,0.27483,-0.01027,0.13036,0.08198,0.32441,-97.10069,0.25055,-0.00025,0.10283,0.10524
1745590.0,-0.29375,-115.94582,0.27673,-0.01311,0.12984,0.08629,0.05447,-53.95475,0.23094,0.0003,0.10183,0.00297
1745595.0,0.21883,102.51611,0.27094,-0.01079,0.12907,0.04789,0.13814,16.73261,0.22166,0.00168,0.101,0.01908
1745600.0,-0.26854,-97.47468,0.2707,-0.01337,0.12843,0.07212,0.00961,-25.70477,0.20046,0.00176,0.09999,9e-05
1745605.0,0.75718,205.14525,0.31935,-0.00566,0.13297,0.57333,1.0,198.07771,0.28041,0.01174,0.10875,1.0
1745610.0,0.55415,-40.60552,0.34283,-6e-05,0.13471,0.30709,0.49521,-100.95787,0.30189,0.01657,0.10996,0.24523
1745615.0,-0.05734,-122.29803,0.31428,-0.00064,0.13339,0.00329,0.25174,-48.69358,0.29688,0.01893,0.1094,0.06337
1745620.0,0.42958,97.38324,0.32581,0.00367,0.13387,0.18454,0.31146,11.94279,0.29833,0.02185,0.10915,0.09701
1745625.0,-0.25538,-136.99121,0.31876,0.00108,0.13319,0.06522,0.01151,-59.9892,0.26965,0.02175,0.10806,0.00013
1745630.0,0.59777,170.62944,0.34667,0.00704,0.13535,0.35733,0.35483,68.66322,0.27817,0.02508,0.10806,0.1259
1745635.0,0.41047,-37.45959,0.35305,0.01108,0.13559,0.16849,0.00786,-69.39309,0.25114,0.02491,0.10698,6e-05
1745640.0,-0.01554,-85.20333,0.3193,0.01081,0.13424,0.00024,-0.03253,-8.07852,0.22928,0.02433,0.10595,0.00106
1745645.0,0.38063,79.23554,0.32543,0.01451,0.13424,0.14488,0.02692,11.89062,0.20904,0.02436,0.10489,0.00072
1745650.0,-0.30173,-136.47227,0.32306,0.01135,0.13388,0.09104,-0.24316,-54.01734,0.21245,0.02168,0.10454,0.05913
1745655.0,0.55744,171.83405,0.3465,0.01681,0.13546,0.31074,0.21893,92.41928,0.2131,0.02365,0.10388,0.04793
1745660.0,0.20045,-71.3978,0.33189,0.01864,0.13444,0.04018,-0.26592,-96.96962,0.21838,0.02076,0.10366,0.07071
1745665.0,-0.03172,-46.43507,0.30188,0.01814,0.13312,0.00101,-0.16967,19.24893,0.21351,0.01885,0.10298,0.02879
1745670.0,0.19349,45.04276,0.29104,0.01989,0.13209,0.03744,-0.24679,-15.42444,0.21684,0.0162,0.10264,0.06091
1745675.0,-0.47077,-132.85335,0.30901,0.01499,0.13313,0.22163,-0.48712,-48.06601,0.24387,0.01116,0.1041,0.23729
1745680.0,0.40837,175.8288,0.31895,0.01892,0.13331,0.16677,0.0035,98.12433,0.21983,0.01109,0.10306,1e-05
1745685.0,-0.02006,-85.68542,0.28906,0.01853,0.132,0.0004,-0.53408,-107.51565,0.25126,0.00564,0.10494,0.28524
1745690.0,0.03098,10.20669,0.26325,0.01866,0.13068,0.00096,-0.17861,71.09372,0.24399,0.00379,0.10422,0.0319
1745695.0,0.16313,26.43121,0.25324,0.0201,0.12957,0.02661,-0.28438,-21.15378,0.24803,0.00091,0.10399,0.08087
1745700.0,-0.58627,-149.88025,0.28654,0.01404,0.13188,0.34371,-0.55066,-53.25501,0.27829,-0.0046,0.10593,0.30322
1745705.0,0.13398,144.04956,0.27129,0.01524,0.1307,0.01795,-0.24849,60.4337,0.27531,-0.00704,0.10546,0.06175
1745710.0,-0.35214,-97.22446,0.27937,0.01156,0.13072,0.124,-0.33463,-17.22947,0.28125,-0.01032,0.10546,0.11198
1745715.0,-0.17749,34.93146,0.26918,0.00967,0.12976,0.0315,0.07789,82.50504,0.26091,-0.00944,0.10448,0.00607
1745720.0,-0.10843,13.81165,0.25311,0.00849,0.1286,0.01176,-0.17659,-50.89585,0.25248,-0.01111,0.10371,0.03118
1745725.0,-0.65523,-109.36101,0.29332,0.00185,0.13163,0.42933,-0.39223,-43.12904,0.26645,-0.01492,0.10409,0.15385
1745730.0,-0.01166,128.71379,0.26515,0.00172,0.13032,0.00014,-0.18205,42.03646,0.25801,-0.01659,0.10333,0.03314
1745735.0,-0.56886,-111.44011,0.29552,-0.00399,0.13221,0.32361,-0.3512,-33.82887,0.26733,-0.01994,0.10339,0.12334
1745740.0,-0.02058,109.65742,0.26803,-0.00415,0.13089,0.00042,0.32571,135.38139,0.27317,-0.01648,0.10353,0.10609
1745745.0,-0.05416,-6.71671,0.24664,-0.00465,0.1296,0.00293,-0.03209,-71.56085,0.24906,-0.01664,0.10249,0.00103
1745750.0,-0.51979,-93.12643,0.27396,-0.0098,0.13091,0.27018,-0.18675,-30.93154,0.24283,-0.01834,0.10175,0.03488
1745755.0,0.02449,108.85736,0.24901,-0.00946,0.12961,0.0006,-0.02904,31.5431,0.22145,-0.01844,0.10074,0.00084
1745760.0,-0.53689,-112.27615,0.2778,-0.01474,0.13104,0.28825,-0.21499,-37.19133,0.22081,-0.02041,0.10011,0.04622
1745765.0,0.6212,231.61679,0.31214,-0.00838,0.13369,0.38589,0.89466,221.92972,0.28819,-0.01126,0.10731,0.80041
1745770.0,0.431,-38.03877,0.32403,-0.00398,0.13425,0.18576,0.39708,-99.51602,0.29908,-0.00718,0.10787,0.15767
1745775.0,-0.0885,-103.8998,0.30047,-0.00483,0.13298,0.00783,0.24031,-31.35279,0.2932,-0.0047,0.1074,0.05775
1745780.0,0.23493,64.68426,0.29392,-0.00243,0.13221,0.05519,0.19701,-8.65973,0.28358,-0.00268,0.10672,0.03881
1745785.0,-0.35136,-117.25694,0.29966,-0.00592,0.13208,0.12345,-0.01548,-42.49828,0.25677,-0.00281,0.10566,0.00024
1745790.0,0.6135,192.97145,0.33105,0.00028,0.13452,0.37638,0.46151,95.39854,0.27725,0.00183,0.10671,0.213
1745795.0,0.24791,-73.11731,0.32273,0.00275,0.13378,0.06146,-0.05361,-103.02483,0.25488,0.00128,0.10567,0.00287
1745800.0,-0.07839,-65.25957,0.2983,0.00194,0.1325,0.00614,-0.00854,9.0144,0.23025,0.00118,0.10462,7e-05
1745805.0,0.41931,99.53909,0.3104,0.00611,0.13289,0.17582,0.12865,27.43665,0.22009,0.00245,0.10373,0.01655
1745810.0,-0.27692,-139.24585,0.30705,0.00328,0.13234,0.07668,-0.1545,-56.62897,0.21353,0.00088,0.10294,0.02387
1745815.0,0.59353,174.09081,0.3357,0.00919,0.13443,0.35228,0.30719,92.33849,0.2229,0.00395,0.10283,0.09437
1745820.0,0.22846,-73.01515,0.32498,0.01138,0.13356,0.05219,-0.14661,-90.76152,0.21527,0.00244,0.10202,0.0215
1745825.0,-0.00956,-47.60463,0.29343,0.01117,0.13223,9e-05,-0.06024,17.27488,0.19976,0.00181,0.10104,0.00363
1745830.0,0.21739,45.39029,0.28583,0.01323,0.13132,0.04726,-0.14891,-17.7347,0.19468,0.00031,0.10025,0.02218
1745835.0,-0.28353,-100.18244,0.2856,0.01026,0.13087,0.08039,-0.20181,-10.57945,0.19539,-0.00171,0.09965,0.04073
1745840.0,0.41313,139.33131,0.29835,0.01429,0.13116,0.17068,0.11174,62.71014,0.18703,-0.00058,0.09878,0.01249
1745845.0,-0.02166,-86.95787,0.27068,0.01393,0.12986,0.00047,-0.44488,-111.32428,0.21281,-0.00502,0.09973,0.19792
1745850.0,-0.05733,-7.13514,0.24935,0.01322,0.12861,0.00329,-0.17041,54.8937,0.20857,-0.00668,0.099,0.02904
1745855.0,0.1751,46.48675,0.24192,0.01484,0.12758,0.03066,-0.20039,-5.99593,0.20775,-0.00861,0.09837,0.04016
1745860.0,-0.41075,-117.17079,0.25881,0.01058,0.12808,0.16872,-0.37058,-34.03783,0.22404,-0.01223,0.09867,0.13733
1745865.0,0.30128,142.40714,0.26305,0.01349,0.12763,0.09077,-0.08306,57.50407,0.20994,-0.01294,0.09774,0.0069
1745870.0,-0.21053,-102.36214,0.2578,0.01125,0.12684,0.04432,-0.18817,-21.02106,0.20776,-0.01469,0.09706,0.03541
1745875.0,0.03913,49.93269,0.23593,0.01153,0.12558,0.00153,0.24659,86.95066,0.21164,-0.01208,0.09676,0.06081
1745880.0,0.0852,9.21242,0.22086,0.01227,0.12438,0.00726,-0.02967,-55.25196,0.19345,-0.01226,0.09579,0.00088
1745885.0,-0.49212,-115.46301,0.24799,0.00722,0.12563,0.24218,-0.2647,-47.00478,0.20057,-0.01478,0.09546,0.07006
1745890.0,0.2307,144.56377,0.24626,0.00946,0.12486,0.05322,0.01227,55.39324,0.18174,-0.01451,0.09451,0.00015
1745895.0,-0.2743,-100.99945,0.24906,0.00662,0.1244,0.07524,-0.10324,-23.10239,0.17389,-0.0154,0.09365,0.01066
1745900.0,0.33712,122.28429,0.25787,0.00992,0.12423,0.11365,0.63461,147.57054,0.21996,-0.0089,0.09685,0.40273
1745905.0,0.26257,-14.91095,0.25834,0.01245,0.12361,0.06894,0.23753,-79.41559,0.22172,-0.00643,0.09648,0.05642
1745910.0,-0.24694,-101.90103,0.2572,0.00986,0.12303,0.06098,0.05025,-37.45699,0.20457,-0.00587,0.09554,0.00252
1745915.0,0.27344,104.07484,0.25882,0.01249,0.12249,0.07477,0.13701,17.35305,0.19782,-0.00444,0.09479,0.01877
1745920.0,-0.32639,-119.96661,0.26558,0.0091,0.12239,0.10653,-0.07123,-41.64929,0.18516,-0.00511,0.09388,0.00507
1745925.0,0.73526,212.3318,0.31255,0.01637,0.12633,0.54061,0.96099,206.44543,0.26274,0.00456,0.10209,0.92351
1745930.0,0.52797,-41.4593,0.33409,0.02148,0.12763,0.27875,0.44833,-102.53209,0.2813,0.00899,0.103,0.201
1745935.0,-0.01251,-108.09656,0.30193,0.02114,0.12637,0.00016,0.28271,-33.12436,0.28144,0.01173,0.10271,0.07993
1745940.0,0.39363,81.22863,0.3111,0.02487,0.12646,0.15494,0.31112,5.68268,0.28441,0.01472,0.10256,0.0968
1745945.0,-0.222,-123.12598,0.30219,0.0224,0.1258,0.04928,0.03502,-55.22065,0.25947,0.01493,0.10154,0.00123
1745950.0,0.74056,192.51228,0.34603,0.02958,0.12959,0.54843,0.51253,95.50198,0.28478,0.0199,0.10295,0.26269
1745955.0,0.53094,-41.92475,0.36452,0.03459,0.13076,0.28189,0.13908,-74.68963,0.27021,0.0211,0.10206,0.01934
1745960.0,0.07648,-90.89067,0.33572,0.03501,0.12947,0.00585,0.08372,-11.07315,0.25156,0.02172,0.10108,0.00701
1745965.0,0.47245,79.19413,0.34939,0.03939,0.13005,0.22321,0.13279,9.81385,0.23968,0.02283,0.10019,0.01763
1745970.0,-0.15477,-125.44495,0.32993,0.03744,0.12912,0.02395,-0.07882,-42.32073,0.2236,0.02182,0.09929,0.00621
1745975.0,0.71204,173.36182,0.36814,0.04419,0.13229,0.507,0.37975,91.71358,0.23921,0.02539,0.09955,0.14421
1745980.0,0.3252,-77.36852,0.36384,0.047,0.13174,0.10575,-0.13756,-103.46281,0.22905,0.02377,0.09881,0.01892
1745985.0,-0.02013,-69.06599,0.32947,0.04633,0.13047,0.00041,-0.08493,10.52744,0.21463,0.02268,0.09794,0.00721
1745990.0,0.20747,45.52093,0.31727,0.04794,0.12942,0.04304,-0.1746,-17.9345,0.21063,0.02071,0.09734,0.03048
1745995.0,-0.48281,-138.05641,0.33383,0.04263,0.13088,0.23311,-0.38499,-42.07894,0.22807,0.01665,0.09798,0.14822
1746000.0,0.33164,162.89003,0.33361,0.04552,0.13039,0.10998,0.02977,82.95258,0.20824,0.01678,0.097,0.00089
1746005.0,-0.10445,-87.21693,0.31069,0.04402,0.12931,0.01091,-0.5286,-111.67397,0.24027,0.01133,0.09895,0.27942
1746010.0,-0.40385,-59.87995,0.32001,0.03954,0.12998,0.16309,-0.47911,9.89808,0.26416,0.00642,0.10032,0.22955
1746015.0,-0.13357,54.05457,0.30136,0.03781,0.12898,0.01784,-0.47785,0.25271,0.28553,0.00158,0.10161,0.22834
1746020.0,-1.0,-173.28531,0.37123,0.02744,0.13824,1.0,-0.93711,-91.85271,0.35068,-0.00781,0.10923,0.87817
1746025.0,-0.16693,166.61302,0.3508,0.02549,0.13723,0.02787,-0.506,86.2224,0.36622,-0.01279,0.11057,0.25603
1746030.0,-0.61159,-88.93048,0.37688,0.01912,0.13984,0.37404,-1.0,-98.80044,0.42959,-0.02266,0.11902,1.0
1746035.0,-0.49827,22.66301,0.38902,0.01395,0.14106,0.24828,-0.5915,81.69981,0.44578,-0.02835,0.121,0.34987
1746040.0,-0.31181,37.29303,0.3813,0.01069,0.14069,0.09722,-0.64902,-11.50477,0.46611,-0.03456,0.12357,0.42123
1746045.0,-0.82498,-102.63367,0.42566,0.00233,0.14613,0.68058,-0.76472,-23.13892,0.49597,-0.04186,0.12756,0.5848
1746050.0,-0.09169,146.65625,0.39227,0.00139,0.14475,0.00841,-0.43582,65.78065,0.48995,-0.0458,0.1278,0.18994
1746055.0,-0.62839,-107.33903,0.41588,-0.00491,0.14719,0.39487,-0.52825,-18.48627,0.49378,-0.05062,0.1288,0.27905
1746060.0,-0.25548,74.58169,0.39984,-0.00741,0.14634,0.06527,0.01612,108.87252,0.44602,-0.04996,0.12756,0.00026
1746065.0,-0.26321,-1.54623,0.38618,-0.00997,0.14552,0.06928,-0.30333,-63.88898,0.43175,-0.05249,0.12691,0.09201
1746070.0,-0.95133,-137.62373,0.44269,-0.01938,0.15275,0.90503,-0.65312,-69.95766,0.45389,-0.0585,0.12918,0.42656
1746075.0,-0.28576,133.11406,0.427,-0.02205,0.15191,0.08166,-0.3647,57.6832,0.44497,-0.06156,0.12881,0.13301
1746080.0,-0.7151,-85.86861,0.45581,-0.02898,0.1551,0.51137,-0.43247,-13.55273,0.44372,-0.06527,0.12887,0.18703
1746085.0,-0.15892,111.23618,0.42612,-0.03028,0.15372,0.02526,0.21182,128.85709,0.42053,-0.0625,0.12833,0.04487
1746090.0,-0.17485,-3.18455,0.40099,-0.03172,0.15238,0.03057,-0.12812,-67.98779,0.39129,-0.06315,0.12709,0.01641
1746095.0,-0.61587,-88.20419,0.42248,-0.03756,0.1542,0.37929,-0.22138,-18.6522,0.3743,-0.06473,0.12606,0.04901
1746100.0,0.18753,160.68008,0.39899,-0.03531,0.15316,0.03517,0.17478,79.2313,0.35434,-0.06234,0.12537,0.03055
1746105.0,-0.37834,-113.17456,0.39692,-0.03874,0.15278,0.14314,-0.02802,-40.55869,0.32171,-0.062,0.12412,0.00078
1746110.0,0.57126,189.91904,0.41435,-0.03264,0.1549,0.32633,0.95703,197.00998,0.38524,-0.05181,0.13306,0.91591
1746115.0,0.4764,-18.9712,0.42056,-0.02755,0.15589,0.22696,0.58031,-75.34356,0.40475,-0.04548,0.13565,0.33677
1746120.0,-0.12232,-119.74341,0.39073,-0.0285,0.15442,0.01496,0.33171,-49.72178,0.39745,-0.04171,0.13568,0.11003
1746125.0,0.37166,98.79446,0.38883,-0.0245,0.15444,0.13813,0.39078,11.81442,0.39678,-0.03739,0.13616,0.15271
1746130.0,-0.30218,-134.76791,0.38016,-0.02728,0.15366,0.09132,0.08505,-61.14562,0.36561,-0.03616,0.13495,0.00723
1746135.0,0.89764,239.96513,0.43191,-0.01803,0.1605,0.80576,1.0,182.98999,0.42905,-0.0258,0.14412,1.0
1746140.0,0.68017,-43.49463,0.45674,-0.01104,0.16368,0.46263,0.61743,-76.51495,0.44788,-0.01937,0.14673,0.38121
1746145.0,0.14226,-107.58188,0.42529,-0.00951,0.16227,0.02024,0.46341,-30.80231,0.44944,-0.01454,0.14755,0.21475
1746150.0,0.77866,127.27956,0.46063,-0.00163,0.16674,0.60631,0.60408,28.13281,0.4649,-0.00836,0.14983,0.36491
1746155.0,0.14276,-127.17935,0.42884,-0.00019,0.16527,0.02038,0.4262,-35.5761,0.46103,-0.00401,0.15018,0.18164
1746160.0,0.86479,144.40559,0.47243,0.00846,0.17095,0.74786,0.62983,40.72747,0.47791,0.00233,0.15261,0.39669
1746165.0,0.64797,-43.36436,0.48999,0.01486,0.17325,0.41986,0.28401,-69.16592,0.45852,0.00515,0.15186,0.08066
1746170.0,0.19585,-90.42317,0.46057,0.01667,0.17184,0.03836,0.2234,-12.12035,0.43501,0.00733,0.15081,0.04991
1746175.0,0.48109,57.04865,0.46263,0.02131,0.17224,0.23145,0.22025,-0.63013,0.41353,0.00946,0.14975,0.04851
1746180.0,-0.12622,-121.46249,0.42898,0.01984,0.17073,0.01593,0.08197,-27.65606,0.38038,0.01018,0.1483,0.00672
1746185.0,0.71095,167.43469,0.45718,0.02675,0.1737,0.50546,0.41777,67.16014,0.38412,0.01426,0.14845,0.17453
1746190.0,0.33619,-74.95389,0.44508,0.02984,0.1729,0.11302,0.00883,-81.78944,0.34659,0.0142,0.14696,8e-05
1746195.0,0.00161,-66.91412,0.40074,0.02956,0.17118,0.0,0.07278,12.79162,0.31921,0.01479,0.14553,0.0053
1746200.0,0.22101,43.87851,0.38276,0.03148,0.16983,0.04884,0.02521,-9.514,0.28981,0.01489,0.14407,0.00064
1746205.0,-0.36061,-116.32259,0.38055,0.02755,0.16964,0.13004,-0.12855,-30.75202,0.27368,0.01346,0.14284,0.01652
1746210.0,0.67594,207.3084,0.41009,0.03404,0.17206,0.45689,0.31495,88.69975,0.27781,0.01647,0.1423,0.0992
1746215.0,0.21692,-91.80273,0.39077,0.03587,0.17067,0.04706,-0.10835,-84.6601,0.26086,0.01523,0.14103,0.01174
1746220.0,-0.1062,-64.62453,0.36231,0.03445,0.16916,0.01128,-0.06749,8.1714,0.24153,0.0144,0.13968,0.00456
1746225.0,0.1248,46.20028,0.33856,0.03535,0.16755,0.01558,-0.09997,-6.49587,0.22737,0.01326,0.13842,0.00999
1746230.0,-0.53487,-131.93478,0.35819,0.02965,0.16906,0.28609,-0.30062,-40.13044,0.2347,0.01012,0.138,0.09037
1746235.0,0.2629,159.55493,0.34866,0.03198,0.1679,0.06912,0.01807,63.73838,0.21303,0.0102,0.13662,0.00033
1746240.0,-0.23885,-100.34988,0.33768,0.02927,0.16694,0.05705,-0.43368,-90.34933,0.2351,0.00576,0.13718,0.18808
1746245.0,-0.25269,-2.76807,0.32918,0.02645,0.16605,0.06385,-0.21158,44.4191,0.23275,0.00358,0.13627,0.04477
1746250.0,-0.09133,32.27161,0.3054,0.02527,0.16453,0.00834,-0.28781,-15.2459,0.23825,0.00067,0.13574,0.08284
1746255.0,-0.7283,-127.39475,0.34769,0.01774,0.16845,0.53043,-0.43144,-28.7264,0.25757,-0.00365,0.13622,0.18614
1746260.0,0.00655,146.97104,0.31357,0.01763,0.16676,4e-05,-0.15687,54.91555,0.2475,-0.00518,0.13508,0.02461
1746265.0,-0.46725,-94.75977,0.32894,0.01278,0.1674,0.21832,-0.22945,-14.51652,0.2457,-0.00743,0.13423,0.05265
1746270.0,-0.19414,54.62115,0.31546,0.01071,0.16615,0.03769,0.11756,69.40231,0.23288,-0.00618,0.13304,0.01382
1746275.0,-0.12427,13.97356,0.29634,0.00936,0.16466,0.01544,-0.05413,-34.33797,0.21501,-0.00666,0.13173,0.00293
1746280.0,-0.58379,-91.90423,0.32509,0.00343,0.16647,0.34082,-0.13783,-16.74155,0.20729,-0.00797,0.13058,0.019
1746285.0,0.05134,127.02776,0.29771,0.00391,0.16482,0.00264,0.04537,36.64101,0.1911,-0.00743,0.1293,0.00206
1746290.0,-0.51426,-113.12081,0.31937,-0.00127,0.16581,0.26446,-0.10969,-31.0126,0.18296,-0.00846,0.12811,0.01203
1746295.0,0.11437,125.72565,0.29887,-0.00012,0.16428,0.01308,0.50372,122.68231,0.21503,-0.00333,0.1294,0.25373
1746300.0,0.32626,42.37894,0.30161,0.00315,0.16368,0.10645,0.41071,-18.60107,0.2346,0.00081,0.12979,0.16869
1746305.0,-0.35716,-136.68437,0.30716,-0.00046,0.16332,0.12756,0.15431,-51.2818,0.22657,0.00234,0.12872,0.02381
1746310.0,0.16794,105.01976,0.29324,0.00123,0.16196,0.0282,0.20839,10.81784,0.22475,0.0044,0.12785,0.04343
1746315.0,-0.41146,-115.87933,0.30506,-0.0029,0.16201,0.1693,0.07025,-27.62928,0.2093,0.00506,0.12661,0.00493
1746320.0,0.46963,176.2173,0.32152,0.00183,0.16258,0.22055,0.77416,140.78226,0.26579,0.01275,0.13115,0.59932
1746325.0,0.64333,34.73903,0.3537,0.00824,0.16499,0.41387,0.61389,-32.05438,0.3006,0.01876,0.13338,0.37686
1746330.0,0.09821,-109.0238,0.32815,0.00914,0.16342,0.00964,0.45468,-31.84198,0.31601,0.02312,0.1339,0.20673
1746335.0,0.57412,95.1825,0.35275,0.01479,0.16491,0.32961,0.51044,11.15323,0.33545,0.02799,0.13489,0.26055
1746340.0,-0.05215,-125.25426,0.32269,0.01412,0.16331,0.00272,0.33679,-34.73081,0.33558,0.03108,0.13448,0.11343
1746345.0,0.9654,203.51146,0.38696,0.02363,0.17054,0.93201,1.0,132.64211,0.40203,0.04077,0.14233,1.0
1746350.0,0.73319,-46.44197,0.42158,0.03073,0.17377,0.53757,0.6298,-74.03996,0.4248,0.04666,0.14431,0.39665
1746355.0,0.26245,-94.14839,0.40567,0.03305,0.17256,0.06888,0.52956,-20.0478,0.43528,0.05149,0.14515,0.28044
1746360.0,0.63157,73.82414,0.42826,0.03903,0.17434,0.39889,0.50964,-3.98489,0.44271,0.05607,0.14576,0.25973
1746365.0,-0.00489,-127.29365,0.38592,0.03859,0.17262,2e-05,0.31006,-39.91484,0.42945,0.05861,0.14493,0.09614
1746370.0,0.91969,184.91711,0.4393,0.0474,0.1785,0.84583,0.61411,60.80908,0.44792,0.06417,0.14651,0.37713
1746375.0,0.51393,-81.15215,0.44676,0.05207,0.17885,0.26412,0.2043,-81.96176,0.42355,0.06557,0.14524,0.04174
1746380.0,0.06368,-90.04959,0.40846,0.05218,0.17706,0.00406,0.148,-11.25949,0.396,0.06639,0.14385,0.0219
1746385.0,0.36534,60.33073,0.40414,0.05532,0.17625,0.13347,0.11203,-7.19416,0.3676,0.06685,0.14243,0.01255
1746390.0,-0.24552,-122.17045,0.38828,0.05231,0.17538,0.06028,-0.04613,-31.63245,0.33545,0.06572,0.14113,0.00213
1746395.0,0.61788,172.67955,0.41124,0.05796,0.17676,0.38178,0.27381,63.98799,0.32929,0.0678,0.14015,0.07497
1746400.0,0.2428,-75.01653,0.3944,0.05981,0.17533,0.05895,-0.06735,-68.23224,0.3031,0.06645,0.13892,0.00454
1746405.0,-0.00388,-49.3349,0.35534,0.05917,0.17361,2e-05,0.01709,16.88854,0.2745,0.06596,0.13756,0.00029
1746410.0,0.30491,61.75636,0.3503,0.06163,0.17247,0.09297,-0.00501,-4.42041,0.24755,0.06525,0.13623,3e-05
1746415.0,-0.30173,-121.3274,0.34544,0.058,0.17204,0.09104,-0.11769,-22.53588,0.23456,0.06342,0.1352,0.01385
1746420.0,0.48079,156.50359,0.35898,0.06223,0.17207,0.23116,0.15474,54.48694,0.22658,0.06433,0.13393,0.02395
1746425.0,0.03083,-89.99097,0.32616,0.06191,0.17036,0.00095,-0.23024,-76.99686,0.22695,0.06138,0.13344,0.05301
1746430.0,0.15934,25.70094,0.30948,0.06289,0.16875,0.02539,0.09633,65.31393,0.21388,0.06173,0.13212,0.00928
1746435.0,0.2738,22.8924,0.30591,0.065,0.1675,0.07497,0.02035,-15.19652,0.19453,0.06132,0.13081,0.00041
1746440.0,-0.41994,-138.74681,0.31731,0.06015,0.16813,0.17635,-0.15137,-34.34267,0.19021,0.05919,0.12995,0.02291
1746445.0,0.28833,141.6524,0.31442,0.06243,0.16696,0.08313,0.03597,37.46812,0.17479,0.05896,0.12865,0.00129
1746450.0,-0.14207,-86.07839,0.29718,0.06038,0.1657,0.02018,0.0309,-1.01441,0.1604,0.05868,0.12737,0.00095
1746455.0,0.09391,47.19421,0.27685,0.06072,0.16405,0.00882,0.35256,64.33114,0.17962,0.06162,0.12695,0.1243
1746460.0,0.12713,6.64529,0.26188,0.06138,0.16245,0.01616,0.1252,-45.47191,0.17417,0.06225,0.12572,0.01567
1746465.0,-0.37506,-100.4376,0.2732,0.05702,0.1627,0.14067,0.02023,-20.99325,0.15878,0.06183,0.12448,0.00041
1746470.0,-0.02465,70.08179,0.24834,0.0562,0.16113,0.00061,-0.03616,-11.27789,0.14652,0.06085,0.12333,0.00131
1746475.0,-0.24433,-43.90156,0.24794,0.0532,0.16041,0.0597,0.04512,16.24346,0.13638,0.0607,0.1221,0.00204
1746480.0,0.09247,67.3595,0.23239,0.05359,0.15882,0.00855,0.3883,68.63608,0.16157,0.06397,0.12193,0.15078
1746485.0,-0.05121,-28.73454,0.21428,0.05254,0.15734,0.00262,0.0434,-68.9805,0.14975,0.06377,0.12071,0.00188
1746490.0,-0.62349,-114.45719,0.2552,0.04578,0.16024,0.38874,-0.1433,-37.33974,0.14911,0.0617,0.11993,0.02053
1746495.0,0.02217,129.13129,0.23189,0.04554,0.15865,0.00049,0.02036,32.73222,0.13623,0.06128,0.11874,0.00041
1746500.0,-0.38021,-80.47422,0.24673,0.04129,0.15884,0.14456,-0.01747,-7.56765,0.12436,0.0605,0.11762,0.00031
1746505.0,0.41792,159.62607,0.26385,0.04505,0.15864,0.17466,0.54805,113.10509,0.16673,0.06537,0.11877,0.30036
1746510.0,0.41724,-0.1367,0.27918,0.04878,0.15841,0.17409,0.29754,-50.10285,0.17981,0.06769,0.11811,0.08853
1746515.0,-0.11813,-107.07488,0.26308,0.04711,0.1571,0.01396,0.17223,-25.06163,0.17905,0.06874,0.11704,0.02966
1746520.0,0.29554,82.73482,0.26633,0.04959,0.15613,0.08734,0.15428,-3.58942,0.17657,0.06959,0.11594,0.0238
1746525.0,-0.31644,-122.39685,0.27134,0.04593,0.15589,0.10014,-0.04612,-40.08138,0.16353,0.06844,0.11491,0.00213
1746530.0,0.74355,211.99786,0.31856,0.05291,0.1591,0.55286,0.69253,147.73108,0.21643,0.07468,0.11758,0.4796
1746535.0,0.52812,-43.08485,0.33951,0.05766,0.15972,0.27891,0.34508,-69.49051,0.22929,0.07738,0.11712,0.11908
1746540.0,0.15692,-74.24052,0.32126,0.05865,0.15822,0.02462,0.2926,-10.49595,0.23562,0.07953,0.1164,0.08561
1746545.0,0.54033,76.68221,0.34316,0.06347,0.15891,0.29196,0.26015,-6.4893,0.23808,0.08134,0.11556,0.06768
1746550.0,-0.1907,-146.20679,0.32792,0.06093,0.15795,0.03637,0.02331,-47.3678,0.2166,0.08076,0.11443,0.00054
1746555.0,0.67759,173.65848,0.36288,0.06709,0.1601,0.45913,0.30342,56.02145,0.22528,0.08299,0.11378,0.09206
1746560.0,0.28835,-77.84829,0.35543,0.06931,0.15898,0.08314,-0.04961,-70.60601,0.20772,0.08166,0.11281,0.00246
1746565.0,-0.05909,-69.48652,0.3258,0.06802,0.15755,0.00349,-0.06011,-2.09961,0.19295,0.08024,0.11188,0.00361
1746570.0,0.16841,45.49982,0.31006,0.06903,0.15607,0.02836,-0.13453,-14.88534,0.18711,0.07809,0.11121,0.0181
1746575.0,-0.43522,-120.72688,0.32257,0.06398,0.15701,0.18942,-0.23845,-20.78297,0.19225,0.07493,0.11108,0.05686
1746580.0,0.37145,161.33443,0.32746,0.06706,0.15636,0.13798,0.01409,50.50828,0.17443,0.07432,0.11001,0.0002
1746585.0,0.01432,-71.4268,0.29615,0.06653,0.15483,0.0002,-0.37563,-77.94371,0.19455,0.06982,0.11089,0.1411
1746590.0,0.14444,26.02423,0.28098,0.06731,0.15334,0.02086,-0.06538,62.04977,0.18163,0.06847,0.10996,0.00427
1746595.0,0.17058,5.22814,0.26994,0.06834,0.15191,0.0291,-0.21862,-30.64753,0.18533,0.0656,0.10967,0.04779
1746600.0,-0.43502,-121.12019,0.28645,0.06331,0.15287,0.18924,-0.34675,-25.62698,0.20147,0.06148,0.11024,0.12024
1746605.0,0.19353,125.71016,0.27715,0.06461,0.15151,0.03745,-0.1949,30.37013,0.20082,0.05891,0.10978,0.03799
1746610.0,-0.41491,-121.68757,0.29093,0.05982,0.15225,0.17215,-0.32521,-26.063,0.21326,0.05507,0.11013,0.10576
1746615.0,0.03235,89.4514,0.26507,0.05954,0.15073,0.00105,0.1186,88.76217,0.20379,0.05571,0.10907,0.01407
1746620.0,-0.01879,-10.22698,0.24044,0.05876,0.14929,0.00035,-0.14514,-52.74651,0.19792,0.0537,0.10837,0.02106
1746625.0,-0.60466,-117.17413,0.27686,0.05212,0.15211,0.36561,-0.31475,-33.9226,0.20961,0.05001,0.10862,0.09907
1746630.0,-0.2257,75.7918,0.27175,0.04934,0.15134,0.05094,-0.33667,-4.3837,0.22231,0.04615,0.109,0.11335
1746635.0,-1.0,-154.86029,0.34457,0.03885,0.16062,1.0,-0.62251,-57.16742,0.26233,0.03946,0.11229,0.38751
1746640.0,0.0018,200.35971,0.3103,0.03848,0.15903,0.0,0.19914,164.32825,0.25601,0.04106,0.11142,0.03966
1746645.0,-0.12684,-25.7284,0.29195,0.03683,0.15771,0.01609,-0.12998,-65.82235,0.24341,0.03935,0.11059,0.01689
1746650.0,-0.66756,-108.14356,0.32951,0.02978,0.16099,0.44564,-0.3005,-34.10404,0.24912,0.03595,0.11062,0.0903
1746655.0,-0.12603,108.30556,0.30916,0.02823,0.15962,0.01588,-0.1742,25.25848,0.24163,0.03385,0.10994,0.03035
1746660.0,-0.6666,-108.11315,0.34491,0.02128,0.16276,0.44435,-0.30549,-26.25819,0.24801,0.03045,0.10997,0.09333
1746665.0,0.30283,193.88618,0.3407,0.02409,0.16191,0.09171,0.41603,144.30405,0.26481,0.03431,0.11033,0.17308
1746670.0,0.05709,-49.14925,0.31234,0.02442,0.1603,0.00326,0.00572,-82.06114,0.2389,0.03402,0.10924,3e-05
1746675.0,-0.41845,-95.10713,0.32295,0.01999,0.16062,0.1751,-0.08804,-18.75295,0.22382,0.0328,0.10829,0.00775
1746680.0,0.01259,86.20718,0.29191,0.01992,0.15901,0.00016,-0.07607,2.39535,0.20904,0.03171,0.10732,0.00579
1746685.0,-0.5437,-111.25793,0.31709,0.01428,0.16053,0.29561,-0.21835,-28.45581,0.20997,0.02921,0.10686,0.04768
1746690.0,0.32966,174.67206,0.31835,0.01744,0.1599,0.10867,0.0613,55.92857,0.19511,0.02953,0.1058,0.00376
1746695.0,0.16663,-32.60471,0.30318,0.01893,0.15852,0.02777,-0.18507,-49.27391,0.1941,0.02739,0.1052,0.03425
1746700.0,0.10672,-11.98174,0.28353,0.01981,0.15701,0.01139,0.0299,42.9954,0.17768,0.02741,0.10414,0.00089
1746705.0,0.05319,-10.70693,0.2605,0.02014,0.15545,0.00283,-0.22414,-50.80823,0.18233,0.0249,0.10372,0.05024
1746710.0,-0.50901,-112.43968,0.28535,0.01485,0.15664,0.25909,-0.35018,-25.20926,0.19911,0.02115,0.10407,0.12263
1746715.0,0.36248,174.29744,0.29306,0.01833,0.15626,0.13139,0.01373,72.78238,0.18058,0.02107,0.10302,0.00019
1746720.0,-0.06206,-84.90847,0.26996,0.01752,0.15476,0.00385,-0.36602,-75.94871,0.19912,0.0172,0.10346,0.13397
1746725.0,-0.01134,10.1452,0.2441,0.01723,0.15322,0.00013,-0.10667,51.86837,0.18987,0.01596,0.10258,0.01138
1746730.0,0.11982,26.23137,0.23167,0.01826,0.15179,0.01436,-0.23003,-24.6716,0.19389,0.0135,0.10215,0.05291
1746735.0,-0.4509,-114.14462,0.25359,0.01357,0.15243,0.20331,-0.32038,-18.07042,0.20654,0.01016,0.10222,0.10265
1746740.0,0.33037,156.25478,0.26127,0.01674,0.15189,0.10914,-0.01566,60.94464,0.18745,0.0099,0.1012,0.00025
1746745.0,-0.17761,-101.59647,0.25291,0.01479,0.15074,0.03155,-0.10567,-18.00241,0.17927,0.00875,0.10032,0.01117
1746750.0,0.05811,47.14463,0.23343,0.01523,0.14925,0.00338,0.20797,62.72905,0.18214,0.01074,0.09971,0.04325
1746755.0,0.00993,-9.63547,0.21108,0.01517,0.14776,0.0001,-0.06515,-54.62504,0.17044,0.00998,0.09877,0.00424
1746760.0,-0.55003,-111.9922,0.24497,0.00952,0.14942,0.30253,-0.20787,-28.54331,0.17419,0.0078,0.09824,0.04321
1746765.0,0.07175,124.35631,0.22765,0.01014,0.14796,0.00515,-0.06485,28.60485,0.16325,0.00708,0.09731,0.0042
1746770.0,-0.495,-113.35038,0.25439,0.00509,0.14898,0.24502,-0.24198,-35.4269,0.17113,0.00459,0.09695,0.05855
1746775.0,-0.05079,88.84206,0.23403,0.00453,0.14752,0.00258,0.20356,89.10753,0.17437,0.00658,0.09637,0.04144
1746780.0,-0.08623,-7.08892,0.21925,0.00363,0.14613,0.00744,-0.03479,-47.66969,0.16041,0.00616,0.09542,0.00121
1746785.0,-0.63604,-109.96152,0.26093,-0.00277,0.14868,0.40455,-0.21539,-36.12064,0.16591,0.00395,0.09495,0.04639
1746790.0,-0.08874,109.46081,0.24371,-0.00363,0.14726,0.00787,-0.12897,17.28567,0.16222,0.00262,0.09417,0.01663
1746795.0,-0.8975,-161.75362,0.30909,-0.01257,0.15362,0.80551,-0.43888,-61.98383,0.18988,-0.0018,0.09514,0.19262
1746800.0,0.1987,219.24171,0.29805,-0.01046,0.15252,0.03948,0.40198,168.17294,0.21109,0.00224,0.09579,0.16159
1746805.0,0.05104,-29.53345,0.27335,-0.00984,0.15103,0.0026,0.04918,-70.55997,0.1949,0.00271,0.09485,0.00242
1746810.0,-0.4271,-95.62688,0.28872,-0.01401,0.15123,0.18241,-0.08248,-26.33195,0.18366,0.00186,0.09397,0.0068
1746815.0,0.01325,88.06945,0.26117,-0.01374,0.14972,0.00018,-0.03367,9.76233,0.16866,0.0015,0.09304,0.00113
1746820.0,-0.46084,-94.81844,0.28114,-0.01821,0.15019,0.21238,-0.12166,-17.59837,0.16396,0.00027,0.09226,0.0148
1746825.0,0.67781,227.73128,0.32081,-0.01125,0.15343,0.45943,0.29369,83.06953,0.17693,0.00321,0.09218,0.08625
1746830.0,0.47797,-39.96959,0.33652,-0.00636,0.15424,0.22845,-0.01352,-61.44243,0.16059,0.00304,0.09126,0.00018
1746835.0,0.03883,-87.82674,0.30676,-0.00591,0.15272,0.00151,-0.04566,-6.42753,0.1491,0.00255,0.09037,0.00208
1746840.0,0.51569,95.37212,0.32765,-0.00069,0.15386,0.26594,0.05753,20.63771,0.13994,0.0031,0.0895,0.00331
1746845.0,-0.10228,-123.59447,0.30511,-0.00171,0.15242,0.01046,-0.09915,-31.33567,0.13586,0.00208,0.08871,0.00983
1746850.0,0.73774,168.00301,0.34837,0.00569,0.15626,0.54425,0.20887,61.60424,0.14316,0.00415,0.08824,0.04363
1746855.0,0.35542,-76.46319,0.34908,0.00918,0.15589,0.12632,-0.17203,-76.18012,0.14605,0.00238,0.08766,0.02959
1746860.0,0.10113,-50.85796,0.32428,0.0101,0.15442,0.01023,-0.07003,20.39925,0.13845,0.00166,0.08684,0.0049
1746865.0,0.04838,-10.54939,0.29669,0.01049,0.15289,0.00234,-0.31493,-48.97927,0.1561,-0.00151,0.08695,0.09918
1746870.0,-0.52141,-113.95819,0.31917,0.00517,0.15413,0.27187,-0.43111,-23.23498,0.1836,-0.0058,0.08789,0.18585
1746875.0,0.2783,159.94128,0.31508,0.0079,0.15332,0.07745,-0.10921,64.37863,0.17616,-0.00684,0.08712,0.01193
1746880.0,-0.05516,-66.69185,0.28909,0.00727,0.15183,0.00304,-0.42048,-62.25432,0.20059,-0.01097,0.08792,0.17681
1746885.0,-0.17802,-24.57247,0.27798,0.00541,0.15065,0.03169,-0.26625,30.84725,0.20716,-0.01352,0.08768,0.07089
1746890.0,-0.02556,30.49228,0.25274,0.0051,0.14915,0.00065,-0.37162,-21.07502,0.2236,-0.01711,0.08806,0.1381
1746895.0,-0.58824,-112.53548,0.28629,-0.00083,0.15111,0.34603,-0.44547,-14.77023,0.24579,-0.02139,0.08898,0.19845
1746900.0,0.13377,144.40184,0.27104,0.00052,0.14977,0.01789,-0.17843,53.40828,0.23906,-0.02296,0.08833,0.03184
1746905.0,-0.35889,-98.53249,0.27982,-0.00308,0.14954,0.1288,-0.24898,-14.10948,0.24005,-0.02522,0.08795,0.06199
1746910.0,-0.01076,69.62627,0.25292,-0.00315,0.14805,0.00012,0.14728,79.25266,0.23077,-0.02349,0.08736,0.02169
1746915.0,0.12472,27.09695,0.2401,-0.00188,0.14673,0.01556,0.03279,-22.89781,0.21097,-0.02293,0.08652,0.00108
1746920.0,-0.63009,-150.87248,0.2791,-0.00816,0.14913,0.39702,-0.23725,-53.97543,0.2136,-0.02508,0.0861,0.05629
1746925.0,0.01125,128.26917,0.25231,-0.00796,0.14764,0.00013,-0.08569,30.3112,0.20081,-0.02568,0.08528,0.00734
1746930.0,-0.29316,-60.88272,0.2564,-0.01082,0.14696,0.08594,-0.04836,7.46671,0.18556,-0.02591,0.08443,0.00234
1746935.0,0.13709,86.05066,0.24447,-0.00934,0.14571,0.01879,0.38616,86.90406,0.20562,-0.02179,0.08525,0.14912
1746940.0,0.08206,-11.00682,0.22823,-0.00842,0.14433,0.00673,0.09245,-58.74285,0.19431,-0.02064,0.08453,0.00855
1746945.0,-0.49374,-115.15984,0.25478,-0.01328,0.1452,0.24378,-0.06688,-31.86686,0.18156,-0.02111,0.0837,0.00447
1746950.0,0.1348,125.70713,0.24278,-0.01179,0.14396,0.01817,0.06622,26.62091,0.17003,-0.02023,0.08294,0.00439
1746955.0,-0.35907,-98.77387,0.25441,-0.01527,0.1437,0.12893,0.00378,-12.48718,0.15341,-0.01999,0.08212,1e-05
1746960.0,0.51936,175.68637,0.2809,-0.00992,0.14507,0.26973,0.6934,137.92215,0.2074,-0.01286,0.08628,0.4808
1746965.0,0.42285,-19.30224,0.2951,-0.00559,0.14545,0.1788,0.36492,-65.69598,0.22316,-0.00908,0.08682,0.13316
1746970.0,-0.10359,-105.28848,0.27595,-0.00657,0.14409,0.01073,0.23369,-26.24489,0.22421,-0.00665,0.08653,0.05461
1746975.0,0.30734,82.18725,0.27909,-0.00343,0.14362,0.09446,0.25004,3.26977,0.22679,-0.00409,0.08631,0.06252
1746980.0,-0.29532,-120.53323,0.28071,-0.00635,0.14301,0.08722,0.07153,-35.70229,0.21127,-0.00333,0.0855,0.00512
1746985.0,0.66556,192.17763,0.3192,0.00037,0.14601,0.44297,0.38996,63.6868,0.22914,0.0006,0.08616,0.15207
1746990.0,0.46392,-40.32922,0.33367,0.005,0.14666,0.21522,0.10379,-57.23461,0.2166,0.00163,0.0854,0.01077
1746995.0,0.19542,-53.69966,0.31984,0.00691,0.14554,0.03819,0.21276,21.79437,0.21622,0.00374,0.08499,0.04527
1747000.0,0.48531,57.97754,0.33639,0.01169,0.14633,0.23552,0.20647,-1.25856,0.21524,0.00577,0.08454,0.04263
1747005.0,-0.22792,-142.64464,0.32554,0.00929,0.14543,0.05195,0.00733,-39.82789,0.19445,0.00579,0.0837,5e-05
1747010.0,0.7264,190.86276,0.36563,0.01646,0.14902,0.52765,0.36797,72.12897,0.2118,0.00941,0.08414,0.1354
1747015.0,0.3394,-77.39973,0.363,0.01969,0.14855,0.11519,-0.00074,-73.74293,0.1907,0.00931,0.0833,0.0
1747020.0,0.25922,-16.03607,0.35263,0.02209,0.14763,0.06719,0.20255,40.65735,0.19188,0.01124,0.08284,0.04102
1747025.0,0.36442,21.03951,0.35381,0.02551,0.1473,0.1328,0.07771,-24.96699,0.18046,0.0119,0.08205,0.00604
1747030.0,-0.25028,-122.93983,0.34345,0.02275,0.14657,0.06264,-0.08449,-32.44025,0.17087,0.01094,0.08132,0.00714
1747035.0,0.53021,156.09789,0.36213,0.02783,0.14763,0.28112,0.20288,57.47317,0.17407,0.01286,0.08087,0.04116
1747040.0,-0.01474,-108.98849,0.32739,0.0274,0.14617,0.00022,-0.26822,-94.21959,0.18348,0.01005,0.08084,0.07194
1747045.0,-0.05748,-8.54784,0.3004,0.02655,0.14478,0.0033,-0.03552,46.53961,0.16869,0.00959,0.08005,0.00126
1747050.0,0.08186,27.86673,0.27854,0.02711,0.14336,0.0067,-0.13467,-19.82836,0.16529,0.00815,0.07945,0.01813
1747055.0,-0.23767,-63.90568,0.27446,0.02446,0.14261,0.05649,-0.05948,15.03747,0.1547,0.00747,0.0787,0.00354
1747060.0,0.45424,138.38222,0.29243,0.02876,0.143,0.20633,0.20203,52.30256,0.15944,0.00942,0.07829,0.04082
1747065.0,-0.0839,-107.62897,0.27158,0.02763,0.14169,0.00704,0.12121,-16.16463,0.15562,0.01054,0.07762,0.01469
1747070.0,0.05835,28.45041,0.25026,0.02794,0.14029,0.0034,0.39592,54.94255,0.17965,0.01439,0.0783,0.15676
1747075.0,0.09624,7.5793,0.23486,0.02862,0.13893,0.00926,0.18941,-41.30214,0.18062,0.01614,0.07782,0.03588
1747080.0,-0.49281,-117.81065,0.26065,0.02341,0.1402,0.24286,0.01378,-35.12644,0.16394,0.01612,0.07704,0.00019
1747085.0,0.13942,126.44666,0.24853,0.02457,0.13893,0.01944,0.13601,24.44614,0.16115,0.01732,0.07641,0.0185
1747090.0,-0.36549,-100.98222,0.26023,0.02067,0.13904,0.13358,0.02571,-22.05935,0.1476,0.0174,0.07565,0.00066
1747095.0,0.34283,141.66318,0.26849,0.02389,0.13866,0.11753,0.63432,121.72052,0.19627,0.02357,0.07862,0.40236
1747100.0,0.26109,-16.34731,0.26775,0.02626,0.13783,0.06817,0.34062,-58.7391,0.21071,0.02674,0.07882,0.11602
1747105.0,-0.258,-103.81842,0.26677,0.02342,0.13724,0.06656,0.17127,-33.86947,0.20677,0.02819,0.07824,0.02933
1747110.0,0.26084,103.76818,0.26618,0.02579,0.13642,0.06804,0.21545,8.83605,0.20763,0.03006,0.0778,0.04642
1747115.0,-0.43727,-139.62288,0.28329,0.02116,0.13716,0.19121,-0.02508,-48.10637,0.18938,0.02951,0.07705,0.00063
1747120.0,0.72696,232.84581,0.32765,0.02822,0.14067,0.52847,0.85359,175.73268,0.2558,0.03775,0.08294,0.72861
1747125.0,0.51349,-42.69364,0.34624,0.03307,0.14157,0.26367,0.43816,-83.08488,0.27404,0.04175,0.08368,0.19199
1747130.0,-0.03504,-109.70532,0.31512,0.03239,0.1402,0.00123,0.22046,-43.5407,0.26868,0.04354,0.08316,0.0486
1747135.0,0.37034,81.07513,0.32064,0.03577,0.13992,0.13715,0.19765,-4.56262,0.26157,0.04508,0.08256,0.03906
1747140.0,-0.25298,-124.66373,0.31387,0.03288,0.13934,0.064,0.01695,-36.13967,0.23711,0.0448,0.08174,0.00029
1747145.0,0.71362,193.31938,0.35385,0.03969,0.14248,0.50925,0.30537,57.68408,0.24394,0.04741,0.08159,0.09325
1747150.0,0.49995,-42.73411,0.36846,0.04429,0.14314,0.24995,-0.01669,-64.41183,0.22121,0.04676,0.08081,0.00028
1747155.0,0.12963,-74.06306,0.34458,0.04515,0.14178,0.0168,0.00603,4.54383,0.19969,0.04636,0.08002,4e-05
1747160.0,0.42699,59.47274,0.35282,0.04896,0.14179,0.18232,0.01749,2.29234,0.18147,0.04607,0.07923,0.00031
1747165.0,-0.20545,-126.48936,0.33808,0.04642,0.141,0.04221,-0.14438,-32.37311,0.17776,0.04416,0.07879,0.02084
1747170.0,0.667,174.49055,0.37097,0.05263,0.14337,0.44489,0.17363,63.60144,0.17735,0.04546,0.07817,0.03015
1747175.0,0.2769,-78.02038,0.36157,0.05487,0.14243,0.07667,-0.18371,-71.46861,0.17799,0.04317,0.0779,0.03375
1747180.0,0.10843,-33.69411,0.33625,0.0554,0.14103,0.01176,-0.05787,25.16814,0.16598,0.04216,0.07722,0.00335
1747185.0,0.4975,77.81431,0.35238,0.05983,0.14154,0.2475,-0.05079,1.41581,0.15446,0.04123,0.07653,0.00258
1747190.0,-0.14542,-128.5834,0.33168,0.05777,0.14053,0.02115,-0.27737,-45.31509,0.16675,0.03804,0.07676,0.07693
1747195.0,0.54124,137.33257,0.35264,0.06261,0.14142,0.29295,-0.10073,35.32729,0.16015,0.03665,0.07618,0.01015
1747200.0,-0.01737,-111.72195,0.31911,0.06181,0.14007,0.0003,-0.2252,-24.89458,0.16665,0.03403,0.0761,0.05072
1747205.0,0.11503,26.47888,0.2987,0.06234,0.13869,0.01323,0.01562,48.16492,0.15155,0.03385,0.07534,0.00024
1747210.0,0.14287,5.56838,0.28312,0.06315,0.13737,0.02041,-0.22689,-48.50256,0.15908,0.03124,0.07525,0.05148
1747215.0,-0.46366,-121.30695,0.30117,0.05788,0.13872,0.21498,-0.39803,-34.22844,0.18298,0.02695,0.0763,0.15843
1747220.0,0.16868,126.46938,0.28792,0.05899,0.13745,0.02845,-0.19542,40.52314,0.18422,0.02473,0.07603,0.03819
1747225.0,-0.35068,-103.87303,0.2942,0.05489,0.13772,0.12298,-0.30892,-22.70059,0.19669,0.02139,0.07636,0.09543
1747230.0,0.08955,88.04546,0.27373,0.05524,0.13636,0.00802,0.08856,79.49663,0.18588,0.02206,0.07564,0.00784
1747235.0,0.12067,6.22495,0.25843,0.05589,0.13503,0.01456,-0.08912,-35.53571,0.1762,0.02095,0.075,0.00794
1747240.0,-0.39409,-102.9526,0.27199,0.05139,0.13567,0.15531,-0.17788,-17.75226,0.17637,0.01896,0.07464,0.03164
1747245.0,0.23253,125.32443,0.26805,0.0532,0.13463,0.05407,0.00192,35.96032,0.15893,0.01879,0.0739,0.0
1747250.0,-0.38521,-123.54738,0.27976,0.04882,0.13517,0.14839,-0.15744,-31.87347,0.15878,0.01703,0.07346,0.02479
1747255.0,0.69387,215.81589,0.32117,0.05527,0.1379,0.48146,0.72315,176.11879,0.21521,0.02409,0.07761,0.52295
1747260.0,0.47806,-43.16179,0.33686,0.0595,0.13827,0.22854,0.35413,-73.80312,0.22911,0.02739,0.0779,0.12541
1747265.0,-0.07738,-111.08866,0.31092,0.05813,0.13707,0.00599,0.17999,-34.82792,0.2242,0.02892,0.07735,0.0324
1747270.0,0.24336,64.14751,0.30416,0.05998,0.13604,0.05922,0.13747,-8.50503,0.21552,0.03,0.0767,0.0189
1747275.0,-0.378,-124.27065,0.31154,0.0556,0.13656,0.14288,-0.00196,-27.88573,0.19417,0.02968,0.07594,0.0
1747280.0,0.52041,179.6804,0.33243,0.06025,0.13731,0.27082,0.30472,61.33519,0.20522,0.03243,0.07592,0.09285
1747285.0,0.14067,-75.94749,0.31325,0.06105,0.136,0.01979,-0.10628,-82.1998,0.19533,0.03105,0.07535,0.0113
1747290.0,-0.19815,-67.76384,0.30174,0.05846,0.1353,0.03926,-0.07284,6.68862,0.18308,0.03001,0.0747,0.00531
1747295.0,0.04525,48.67968,0.27609,0.05833,0.13395,0.00205,-0.11295,-8.0215,0.17607,0.02858,0.07416,0.01276
1747300.0,-0.64717,-138.48286,0.3132,0.05127,0.13748,0.41882,-0.28662,-34.73499,0.18712,0.02543,0.07439,0.08215
1747305.0,0.19175,167.78282,0.30106,0.05268,0.1363,0.03677,-0.00915,55.49479,0.16932,0.02508,0.07366,8e-05
1747310.0,-0.15265,-68.88033,0.28622,0.05062,0.13535,0.0233,-0.35001,-68.17156,0.18739,0.02133,0.0743,0.1225
1747315.0,-0.27751,-24.97207,0.28535,0.04734,0.13506,0.07701,-0.13036,43.92836,0.18169,0.01981,0.07378,0.01699
1747320.0,0.06703,68.90803,0.26351,0.04754,0.13371,0.00449,-0.10222,5.62785,0.17374,0.01859,0.07319,0.01045
1747325.0,-0.53748,-120.9013,0.29091,0.04169,0.13573,0.28889,-0.25187,-29.92867,0.18156,0.01589,0.07317,0.06344
1747330.0,0.29216,165.92825,0.29104,0.04419,0.13498,0.08536,0.05979,62.33255,0.16938,0.01633,0.07246,0.00358
1747335.0,-0.24587,-107.60638,0.28652,0.04129,0.13446,0.06045,-0.41128,-94.21426,0.19357,0.01205,0.07353,0.16915
1747340.0,-0.26895,-4.61633,0.28476,0.03819,0.13406,0.07234,-0.19541,43.17284,0.19375,0.00998,0.07322,0.03819
1747345.0,-0.10657,32.47581,0.26694,0.03674,0.13292,0.01136,-0.28205,-17.32689,0.20258,0.00706,0.07332,0.07955
1747350.0,-0.60146,-98.97703,0.30039,0.03036,0.13558,0.36175,-0.3135,-6.29024,0.21367,0.00385,0.07359,0.09828
1747355.0,0.14654,149.60054,0.28501,0.03152,0.13436,0.02147,-0.01814,59.07148,0.19412,0.00363,0.07286,0.00033
1747360.0,-0.37587,-104.48252,0.2941,0.02745,0.13464,0.14128,-0.07796,-11.96485,0.18251,0.00281,0.0722,0.00608
1747365.0,-0.29222,16.72389,0.29391,0.02425,0.1343,0.08539,0.16455,48.48266,0.18071,0.00443,0.07173,0.02708
1747370.0,-0.03416,51.61074,0.26793,0.02367,0.13299,0.00117,0.06399,-20.11192,0.16904,0.00503,0.07105,0.00409
1747375.0,-0.62865,-118.89716,0.304,0.01715,0.13583,0.3952,-0.06657,-26.11147,0.15879,0.00431,0.07039,0.00443
1747380.0,-0.14983,95.76342,0.28859,0.01548,0.13475,0.02245,0.01776,16.86691,0.14469,0.00445,0.06969,0.00032
1747385.0,-0.63986,-98.00539,0.32371,0.00892,0.13761,0.40942,-0.08292,-20.13643,0.13851,0.00357,0.06907,0.00688
1747390.0,0.11668,151.30814,0.30301,0.01,0.13634,0.01361,0.55553,127.6908,0.18021,0.00909,0.07136,0.30862
1747395.0,0.14863,6.38894,0.28757,0.01139,0.13517,0.02209,0.32519,-46.06837,0.19471,0.01225,0.07163,0.10575
1747400.0,-0.46604,-122.93398,0.30542,0.00661,0.13605,0.2172,0.16522,-31.99491,0.19176,0.01378,0.07114,0.0273
1747405.0,0.18096,129.40019,0.29297,0.00836,0.13499,0.03275,0.31034,29.02482,0.20362,0.01675,0.07129,0.09631
1747410.0,-0.43753,-123.69844,0.30743,0.0039,0.13559,0.19144,0.11459,-39.15053,0.19472,0.01773,0.07067,0.01313
1747415.0,0.20723,128.9521,0.29741,0.00593,0.13464,0.04294,0.66989,111.06007,0.24223,0.02425,0.07413,0.44875
1747420.0,0.13778,-13.88914,0.28145,0.00725,0.13346,0.01898,0.36328,-61.32266,0.25434,0.02764,0.07452,0.13197
1747425.0,-0.38474,-104.50375,0.29178,0.00333,0.13363,0.14802,0.18541,-35.57279,0.24745,0.02922,0.07402,0.03438
1747430.0,0.16309,109.5665,0.27891,0.00493,0.13255,0.0266,0.2652,15.95793,0.24922,0.03158,0.07382,0.07033
1747435.0,-0.45464,-123.54645,0.29648,0.00033,0.13329,0.2067,0.10923,-31.19425,0.23522,0.03235,0.07314,0.01193
1747440.0,0.65495,221.91772,0.33233,0.00688,0.13616,0.42896,0.9748,173.11354,0.30918,0.04178,0.08112,0.95023
1747445.0,0.62894,-5.2012,0.36199,0.0131,0.13859,0.39557,0.69461,-56.03781,0.34772,0.0483,0.08448,0.48248
1747450.0,0.14355,-97.07866,0.34015,0.0144,0.13737,0.02061,0.57717,-23.48776,0.37067,0.05359,0.08638,0.33313
1747455.0,0.5418,79.64912,0.36031,0.01968,0.13872,0.29354,0.58696,1.95735,0.3923,0.05893,0.0883,0.34452
1747460.0,-0.12007,-132.37282,0.33629,0.01828,0.13753,0.01442,0.39278,-38.83488,0.39235,0.06227,0.08851,0.15428
1747465.0,0.954,214.81407,0.39806,0.02764,0.14473,0.91012,0.78257,77.95793,0.43137,0.06947,0.09271,0.61242
1747470.0,0.61598,-67.605,0.41985,0.03352,0.14668,0.37943,0.37031,-82.45274,0.42526,0.07248,0.09267,0.13713
1747475.0,0.12881,-97.43367,0.39075,0.03447,0.1453,0.01659,0.3223,-9.60278,0.41497,0.07498,0.09236,0.10387
1747480.0,0.52757,79.7517,0.40443,0.0394,0.14623,0.27833,0.35747,7.03429,0.40922,0.0778,0.09222,0.12778
1747485.0,-0.22902,-151.3168,0.38689,0.03672,0.14547,0.05245,0.1234,-46.81257,0.38063,0.07826,0.09132,0.01523
1747490.0,0.67215,180.23384,0.41541,0.04307,0.14798,0.45179,0.45407,66.13406,0.38798,0.08201,0.09179,0.20618
1747495.0,0.64063,-6.30474,0.43794,0.04905,0.15,0.41041,0.29907,-31.00146,0.37909,0.08419,0.09133,0.08944
1747500.0,0.24077,-79.97129,0.41822,0.05097,0.14886,0.05797,0.31956,4.0988,0.37314,0.08654,0.09096,0.10212
1747505.0,0.4409,40.02477,0.42049,0.05486,0.14886,0.19439,0.22889,-18.13402,0.35871,0.08796,0.09025,0.05239
1747510.0,-0.21692,-131.56293,0.40013,0.05215,0.14809,0.04705,0.06928,-31.92134,0.32977,0.08778,0.08935,0.0048
1747515.0,0.68335,180.05406,0.42845,0.05846,0.15052,0.46697,0.4425,74.64256,0.34104,0.09132,0.08969,0.1958
1747520.0,0.27705,-81.26051,0.41331,0.06065,0.14948,0.07676,0.07444,-73.61086,0.31438,0.09115,0.0888,0.00554
1747525.0,0.00743,-53.92495,0.37272,0.06011,0.14801,6e-05,0.1436,13.83172,0.2973,0.09168,0.08793,0.02062
1747530.0,0.41838,82.19073,0.37729,0.0637,0.14779,0.17504,0.196,10.47875,0.28717,0.09272,0.08716,0.03841
1747535.0,-0.23969,-131.61388,0.36353,0.06066,0.14722,0.05745,0.07596,-24.00746,0.26605,0.09255,0.08629,0.00577
1747540.0,0.57094,162.1268,0.38427,0.06576,0.1483,0.32598,0.38587,61.98198,0.27803,0.09549,0.08627,0.14889
1747545.0,0.17498,-79.19326,0.36334,0.06686,0.14693,0.03062,-0.01501,-80.17648,0.25173,0.09438,0.08553,0.00023
1747550.0,0.19465,3.9338,0.34647,0.06813,0.14562,0.03789,0.25124,53.25013,0.25168,0.09595,0.08492,0.06312
1747555.0,0.212,3.47137,0.33303,0.06957,0.14437,0.04495,0.0778,-34.68772,0.23429,0.09577,0.08407,0.00605
1747560.0,-0.42611,-127.6227,0.34233,0.06462,0.14533,0.18157,-0.06779,-29.11677,0.21764,0.09413,0.08349,0.00459
1747565.0,0.31261,147.74318,0.33936,0.0671,0.14448,0.09772,0.15777,45.11116,0.21166,0.09477,0.0827,0.02489
1747570.0,-0.2435,-111.22072,0.32977,0.06399,0.14398,0.05929,0.06606,-18.34114,0.1971,0.09448,0.08188,0.00436
1747575.0,0.19557,87.81351,0.31635,0.06531,0.14271,0.03825,0.53754,94.29484,0.23114,0.09891,0.08298,0.28895
1747580.0,0.11934,-15.246,0.29665,0.06585,0.14131,0.01424,0.26903,-53.70072,0.23493,0.10061,0.08244,0.07238
1747585.0,-0.51022,-125.91141,0.31801,0.06009,0.14315,0.26032,0.06394,-41.01983,0.21783,0.10025,0.08163,0.00409
1747590.0,0.14586,131.21625,0.30079,0.06094,0.14179,0.02128,0.21173,29.55966,0.21722,0.10136,0.08093,0.04483
1747595.0,-0.39315,-107.80366,0.31003,0.0564,0.1424,0.15457,0.11283,-19.78063,0.20678,0.10148,0.08012,0.01273
1747600.0,0.62593,203.81697,0.34162,0.0621,0.14415,0.39179,0.91955,161.34474,0.27806,0.10966,0.08588,0.84558
1747605.0,0.40909,-43.36734,0.34837,0.06557,0.14389,0.16736,0.50695,-82.51991,0.30095,0.11363,0.08657,0.257
1747610.0,-0.15993,-113.80437,0.32952,0.06331,0.14295,0.02558,0.3368,-34.03093,0.30453,0.11586,0.08619,0.11343
1747615.0,0.27129,86.24332,0.3237,0.06539,0.14194,0.0736,0.3647,5.58084,0.31055,0.11835,0.08594,0.13301
1747620.0,-0.47122,-148.50099,0.33845,0.06003,0.14335,0.22204,0.12056,-48.82931,0.29155,0.11837,0.08508,0.01453
1747625.0,0.37021,168.28561,0.34163,0.06313,0.14286,0.13706,0.34884,45.65648,0.29728,0.12068,0.08475,0.12169
1747630.0,-0.00765,-75.57233,0.30823,0.06242,0.14148,6e-05,-0.09298,-88.36385,0.27685,0.11854,0.08435,0.00865
1747635.0,-0.25061,-48.59209,0.30247,0.05929,0.14102,0.06281,-0.00979,16.63739,0.25014,0.11726,0.08366,0.0001
1747640.0,-0.0907,31.98224,0.28129,0.05779,0.13983,0.00823,-0.09686,-17.41308,0.23482,0.11512,0.08328,0.00938
1747645.0,-0.7011,-122.08034,0.32327,0.0502,0.14408,0.49154,-0.22842,-26.31312,0.23418,0.11168,0.0836,0.05218
1747650.0,0.16794,173.80893,0.30774,0.05138,0.14277,0.02821,0.07612,60.90792,0.21837,0.11133,0.08278,0.00579
1747655.0,-0.18792,-71.17284,0.29576,0.04899,0.14191,0.03531,-0.26134,-67.4908,0.22267,0.1076,0.08331,0.0683
1747660.0,-0.31657,-25.7307,0.29784,0.04533,0.1418,0.10022,-0.05809,40.64988,0.20621,0.10594,0.08275,0.00337
1747665.0,-0.05371,52.57277,0.27343,0.04434,0.14048,0.00288,-0.11392,-11.16732,0.19698,0.10374,0.08239,0.01298
1747670.0,-0.76296,-141.85017,0.32238,0.03627,0.14546,0.58211,-0.30682,-38.57903,0.20796,0.09964,0.08322,0.09414
1747675.0,0.02151,156.89505,0.29229,0.03612,0.14401,0.00046,-0.01807,57.74998,0.18898,0.09846,0.08253,0.00033
1747680.0,-0.318,-67.90326,0.29486,0.03258,0.1438,0.10113,-0.38317,-73.02012,0.20839,0.09364,0.08397,0.14682
1747685.0,-0.24245,15.1108,0.28962,0.02983,0.1431,0.05878,-0.07618,61.39747,0.19517,0.09195,0.08342,0.0058
1747690.0,-0.08027,32.43584,0.26869,0.02873,0.14179,0.00644,-0.19285,-23.33422,0.19494,0.0891,0.08338,0.03719
1747695.0,-0.69243,-122.43309,0.31106,0.02152,0.14547,0.47946,-0.27529,-16.48689,0.20298,0.08545,0.08384,0.07578
1747700.0,-0.10186,118.11432,0.29014,0.02028,0.14416,0.01038,-0.11558,31.94124,0.19424,0.08344,0.0834,0.01336
1747705.0,-0.6168,-102.98845,0.32281,0.01391,0.1467,0.38045,-0.18037,-12.95827,0.19285,0.08081,0.08325,0.03253
1747710.0,0.06154,135.66966,0.29668,0.01439,0.14525,0.00379,0.41228,118.53139,0.21479,0.08412,0.0835,0.16998
1747715.0,0.2873,45.15048,0.29574,0.01712,0.14453,0.08254,0.30633,-21.19079,0.22395,0.08634,0.08314,0.09384
1747720.0,-0.27041,-111.54147,0.29321,0.01424,0.14389,0.07312,0.19508,-22.25012,0.22106,0.08743,0.08243,0.03806
1747725.0,0.46607,147.29662,0.3105,0.01876,0.14446,0.21722,0.35502,31.98765,0.23446,0.09011,0.08231,0.12604
1747730.0,-0.11176,-115.56688,0.29062,0.01745,0.14318,0.01249,0.23786,-23.43162,0.2348,0.09158,0.0817,0.05658
1747735.0,0.98781,219.91516,0.36034,0.02716,0.15098,0.97578,1.0,152.42831,0.31132,0.10067,0.08897,1.0
1747740.0,0.73209,-51.14513,0.39752,0.03421,0.15434,0.53595,0.637,-72.60081,0.34388,0.10603,0.0909,0.40576
1747745.0,0.12297,-121.82286,0.37006,0.03509,0.15287,0.01512,0.46022,-35.35589,0.35552,0.10957,0.09122,0.2118
1747750.0,0.53092,81.59016,0.38615,0.04005,0.15375,0.28188,0.46734,1.42382,0.3667,0.11315,0.09156,0.2184
1747755.0,-0.15272,-136.7285,0.36281,0.03813,0.15258,0.02332,0.28451,-36.56504,0.35848,0.11486,0.09093,0.08095
1747760.0,0.85657,201.85774,0.41218,0.04631,0.15762,0.73371,0.6232,67.73713,0.38495,0.11995,0.09256,0.38837
1747765.0,0.51735,-67.84432,0.4227,0.05102,0.15822,0.26765,0.24,-76.63982,0.37046,0.12115,0.09177,0.0576
1747770.0,0.11899,-79.67216,0.39233,0.0517,0.15668,0.01416,0.21999,-4.002,0.35541,0.12214,0.09095,0.04839
1747775.0,0.24044,24.28993,0.37714,0.05359,0.15546,0.05781,0.07737,-28.523,0.32761,0.12169,0.09006,0.00599
1747780.0,-0.41482,-131.05209,0.38091,0.0489,0.15606,0.17208,-0.0649,-28.45398,0.30134,0.11982,0.0895,0.00421
1747785.0,0.52862,188.68767,0.39568,0.0537,0.15675,0.27943,0.25345,63.66887,0.29655,0.12116,0.08878,0.06424
1747790.0,0.03236,-99.25137,0.35935,0.05349,0.15519,0.00105,-0.17277,-85.24275,0.28417,0.11822,0.08874,0.02985
1747795.0,0.06753,7.03442,0.33016,0.05363,0.15364,0.00456,0.11898,58.34903,0.26765,0.11823,0.08785,0.01416
1747800.0,0.29006,44.50505,0.32615,0.05599,0.15265,0.08413,0.07965,-7.8657,0.24885,0.11784,0.08699,0.00634
1747805.0,-0.46833,-151.67668,0.34037,0.05075,0.15382,0.21933,-0.12163,-40.25597,0.23613,0.11545,0.08668,0.01479
1747810.0,0.38701,171.06743,0.34503,0.05411,0.15339,0.14978,0.14525,53.37653,0.22704,0.11574,0.08582,0.0211
1747815.0,-0.4783,-173.06218,0.35836,0.04879,0.15463,0.22877,-0.46864,-122.77934,0.2512,0.1099,0.08831,0.21963
1747820.0,-0.3874,18.18068,0.36127,0.04442,0.15495,0.15008,-0.17857,58.01457,0.24394,0.10702,0.08824,0.03189
1747825.0,-0.21011,35.45815,0.34615,0.04188,0.15404,0.04414,-0.27819,-19.92295,0.24736,0.10316,0.08882,0.07739
1747830.0,-0.81896,-121.77126,0.39343,0.03327,0.15976,0.6707,-0.38185,-20.73232,0.26081,0.09831,0.09023,0.14581
1747835.0,-0.11393,141.00574,0.36548,0.0318,0.15837,0.01298,-0.16692,42.98493,0.25142,0.09566,0.09002,0.02786
1747840.0,-0.73293,-123.79921,0.40223,0.02415,0.16252,0.53719,-0.24746,-16.10664,0.25103,0.09223,0.09027,0.06123
1747845.0,-0.22786,101.01456,0.38479,0.02163,0.16152,0.05192,0.18463,86.41711,0.24439,0.09315,0.08945,0.03409
1747850.0,-0.35371,-25.17033,0.38168,0.01788,0.16128,0.12511,-0.12924,-62.77452,0.23287,0.09093,0.08904,0.0167
1747855.0,-0.85017,-99.29191,0.42853,0.0092,0.16706,0.72279,-0.19016,-12.18398,0.2286,0.08812,0.08893,0.03616
1747860.0,-0.23411,123.21158,0.40909,0.00676,0.16597,0.05481,-0.05359,27.31442,0.2111,0.0867,0.08824,0.00287
1747865.0,-0.83924,-121.02525,0.4521,-0.0017,0.17132,0.70432,-0.18111,-25.50453,0.2081,0.08402,0.08806,0.0328
1747870.0,0.35492,238.83229,0.44239,0.00187,0.17086,0.12597,0.65529,167.2816,0.25282,0.08974,0.09037,0.42941
1747875.0,0.16736,-37.51238,0.41488,0.00353,0.16942,0.02801,0.2895,-73.15881,0.25649,0.09173,0.08986,0.08381
1747880.0,-0.38559,-110.59103,0.41195,-0.00037,0.1692,0.14868,0.14749,-28.40275,0.24559,0.09229,0.08899,0.02175
1747885.0,0.18229,113.5758,0.38899,0.00146,0.16784,0.03323,0.17696,5.89422,0.23873,0.09314,0.08817,0.03131
1747890.0,-0.4691,-130.27647,0.397,-0.00324,0.16833,0.22005,-0.01198,-37.78784,0.21605,0.09209,0.0874,0.00014
1747895.0,0.49475,192.76979,0.40677,0.00174,0.16908,0.24478,0.30461,63.31816,0.22491,0.09421,0.08697,0.09279
1747900.0,0.19508,-59.93456,0.3856,0.00367,0.16775,0.03806,-0.01354,-63.62973,0.20377,0.09314,0.08621,0.00018
1747905.0,-0.169,-72.81615,0.36394,0.00194,0.16637,0.02856,-0.00594,1.52019,0.18399,0.09214,0.08545,4e-05
1747910.0,0.08645,51.08926,0.33619,0.00279,0.16478,0.00747,-0.1016,-19.13303,0.17575,0.09021,0.08496,0.01032
1747915.0,-0.65297,-147.88249,0.36787,-0.00377,0.16734,0.42637,-0.24966,-29.61053,0.18314,0.08681,0.08524,0.06233
1747920.0,0.33317,197.22798,0.3644,-0.0004,0.16678,0.111,0.09359,68.64844,0.17418,0.08688,0.08439,0.00876
1747925.0,-0.143,-95.23362,0.34226,-0.00183,0.16531,0.02045,-0.31993,-82.70214,0.18876,0.08281,0.08517,0.10235
1747930.0,-0.37383,-46.16618,0.34542,-0.00555,0.16502,0.13975,-0.21952,20.0813,0.19183,0.07978,0.08521,0.04819
1747935.0,-0.0948,55.80556,0.32036,-0.00644,0.16344,0.00899,-0.25632,-7.36091,0.19828,0.07642,0.08547,0.0657
1747940.0,-0.81543,-144.12596,0.36986,-0.01453,0.16822,0.66492,-0.38702,-26.13959,0.21716,0.07179,0.08672,0.14979
1747945.0,0.09473,182.03191,0.34235,-0.01344,0.16666,0.00897,-0.08602,60.20062,0.20404,0.07021,0.0861,0.0074
1747950.0,-0.35532,-90.00961,0.34365,-0.01686,0.16614,0.12625,-0.47977,-78.75029,0.23162,0.06471,0.0882,0.23018
1747955.0,-0.27086,16.89224,0.33637,-0.0194,0.16511,0.07336,-0.18314,59.32626,0.22677,0.06223,0.08792,0.03354
1747960.0,-0.09812,34.54784,0.31254,-0.02018,0.16352,0.00963,-0.24656,-12.68486,0.22875,0.05915,0.08798,0.06079
1747965.0,-0.81877,-144.13087,0.36316,-0.02817,0.16813,0.67039,-0.41256,-33.19939,0.24713,0.05443,0.08928,0.17021
1747970.0,-0.002,163.35507,0.32705,-0.02791,0.16646,0.0,-0.16591,49.3303,0.23901,0.05222,0.08886,0.02753
1747975.0,-0.5384,-107.28077,0.34818,-0.03301,0.16735,0.28987,-0.18659,-4.13605,0.23376,0.04984,0.08853,0.03482
1747980.0,-0.04283,99.11295,0.31765,-0.03311,0.16568,0.00183,0.28171,93.65876,0.23856,0.05216,0.08817,0.07936
1747985.0,0.00961,10.48938,0.28684,-0.03268,0.16404,9e-05,0.07378,-41.58611,0.22208,0.05237,0.08729,0.00544
1747990.0,-0.62573,-127.06853,0.32073,-0.03861,0.16584,0.39154,-0.10308,-35.37173,0.21018,0.05082,0.08666,0.01063
1747995.0,0.07562,140.26939,0.29622,-0.03747,0.16431,0.00572,0.08658,37.93277,0.19782,0.05117,0.0858,0.0075
1748000.0,-0.56698,-128.51839,0.3233,-0.04277,0.16542,0.32146,-0.05647,-28.60975,0.18369,0.0501,0.08506,0.00319
1748005.0,0.3243,178.25523,0.3234,-0.0391,0.16508,0.10517,0.56536,124.36497,0.22185,0.05525,0.08681,0.31963
1748010.0,0.3378,2.69943,0.32484,-0.03533,0.16483,0.11411,0.29024,-55.0234,0.22869,0.0576,0.08648,0.08424
1748015.0,-0.62737,-193.03436,0.35509,-0.04125,0.16661,0.3936,-0.08967,-75.98195,0.21479,0.05613,0.08583,0.00804
1748020.0,-0.02154,121.16615,0.32174,-0.04105,0.16495,0.00046,0.03871,25.67568,0.19718,0.05595,0.08498,0.0015
1748025.0,-0.8502,-165.73045,0.37458,-0.04914,0.16972,0.72283,-0.21924,-51.59008,0.19939,0.0532,0.08487,0.04807
1748030.0,0.07474,184.98708,0.3446,-0.0479,0.16817,0.00559,0.38575,120.99883,0.21802,0.05653,0.0851,0.1488
1748035.0,-0.07923,-30.79405,0.31806,-0.04822,0.1665,0.00628,0.081,-60.95066,0.20432,0.05677,0.08426,0.00656
1748040.0,-0.70615,-125.3831,0.35687,-0.05479,0.16908,0.49864,-0.09847,-35.89378,0.19374,0.05522,0.08365,0.0097
1748045.0,-0.2848,84.26935,0.34966,-0.05709,0.1679,0.08111,-0.08828,2.03741,0.18319,0.05378,0.08302,0.00779
1748050.0,-0.79101,-101.24271,0.3938,-0.06443,0.1715,0.6257,-0.1897,-20.28382,0.18384,0.05135,0.08277,0.03599
1748055.0,0.32753,223.70854,0.38717,-0.06051,0.1713,0.10728,0.21292,80.52486,0.18675,0.05297,0.0822,0.04534
1748060.0,-0.04897,-75.30029,0.35335,-0.0604,0.16958,0.0024,-0.15752,-74.08842,0.18383,0.05086,0.08181,0.02481
1748065.0,-0.38472,-67.15033,0.35649,-0.06364,0.16892,0.14801,-0.13196,5.11177,0.17864,0.04903,0.08132,0.01741
1748070.0,0.10201,97.34617,0.33104,-0.06199,0.1675,0.01041,-0.05801,14.78984,0.16658,0.04796,0.08062,0.00337
1748075.0,-0.54502,-129.40527,0.35244,-0.06682,0.16811,0.29705,-0.15124,-18.64541,0.16504,0.04597,0.0802,0.02287
1748080.0,0.35331,179.66487,0.35252,-0.06261,0.16816,0.12483,0.16441,63.13015,0.16498,0.04715,0.07954,0.02703
1748085.0,-0.12469,-95.60018,0.32974,-0.06324,0.16652,0.01555,-0.26116,-85.11522,0.1746,0.04407,0.07967,0.06821
1748090.0,-0.25563,-26.187,0.32233,-0.06516,0.16521,0.06535,-0.13977,24.27873,0.17112,0.04223,0.07921,0.01954
1748095.0,0.02173,55.4713,0.29227,-0.06429,0.16364,0.00047,-0.18423,-8.89171,0.17243,0.03997,0.07892,0.03394
1748100.0,-0.42058,-88.46136,0.3051,-0.06785,0.16324,0.17689,-0.25064,-13.28126,0.18025,0.03706,0.07896,0.06282
1748105.0,0.56533,197.1828,0.33112,-0.06152,0.16554,0.3196,0.06577,63.28017,0.1688,0.03735,0.07817,0.00433
1748110.0,-0.03519,-120.10531,0.30153,-0.06126,0.16389,0.00124,-0.05195,-23.54334,0.15712,0.03646,0.07747,0.0027
1748115.0,0.11993,31.02444,0.28337,-0.05945,0.16257,0.01438,0.1919,48.77119,0.16059,0.03801,0.07693,0.03683
1748120.0,0.25817,27.64748,0.28085,-0.05627,0.16194,0.06665,0.01566,-35.24836,0.1461,0.03779,0.07617,0.00025
1748125.0,-0.60648,-172.92934,0.31341,-0.06177,0.16328,0.36782,-0.27726,-58.58412,0.15922,0.03464,0.07638,0.07687
1748130.0,0.1052,142.33646,0.29259,-0.0601,0.16193,0.01107,-0.1376,27.93063,0.15706,0.03291,0.07591,0.01894
1748135.0,-0.44657,-110.35455,0.30799,-0.06397,0.16177,0.19943,-0.19743,-11.96534,0.16109,0.03061,0.07567,0.03898
1748140.0,0.05091,99.49574,0.28228,-0.06282,0.16028,0.00259,0.2438,88.24706,0.16936,0.03274,0.07536,0.05944
1748145.0,-0.29718,-69.61756,0.28377,-0.06516,0.15922,0.08832,-0.23924,-96.60815,0.17635,0.03002,0.07533,0.05723
1748150.0,-0.90441,-121.44533,0.34584,-0.07355,0.16453,0.81795,-0.41998,-36.14923,0.20071,0.02552,0.07656,0.17639
1748155.0,-0.15727,149.42708,0.32698,-0.07439,0.16295,0.02473,-0.2279,38.41634,0.20343,0.02299,0.07642,0.05194
1748160.0,-0.77926,-124.39831,0.37221,-0.08144,0.16619,0.60725,-0.33759,-21.93811,0.21685,0.01938,0.07693,0.11397
1748165.0,0.35254,226.3596,0.37024,-0.0771,0.16638,0.12428,0.44703,156.92361,0.23987,0.02366,0.07796,0.19983
1748170.0,0.17106,-36.29451,0.35032,-0.07462,0.16532,0.02926,0.06232,-76.9417,0.22211,0.02405,0.07719,0.00388
1748175.0,-0.38801,-111.81455,0.35409,-0.07775,0.16462,0.15055,-0.05483,-23.42874,0.20538,0.02326,0.07648,0.00301
1748180.0,-0.19107,39.38715,0.33779,-0.07889,0.1631,0.03651,-0.20408,-29.85169,0.20525,0.02098,0.07622,0.04165
1748185.0,-0.81016,-123.81689,0.38503,-0.0862,0.16671,0.65636,-0.35263,-29.70848,0.21999,0.01725,0.07683,0.12435
1748190.0,0.22907,207.84586,0.36943,-0.08305,0.16602,0.05247,-0.0212,66.28468,0.20011,0.01686,0.07607,0.00045
1748195.0,0.06164,-33.48713,0.33865,-0.0816,0.16457,0.0038,-0.24721,-45.20216,0.20482,0.01422,0.076,0.06112
1748200.0,-0.28678,-69.68362,0.33346,-0.08365,0.16333,0.08224,-0.1369,22.06233,0.19803,0.01271,0.07546,0.01874
1748205.0,0.00012,57.37965,0.30013,-0.08281,0.16177,0.0,-0.18001,-8.62074,0.19623,0.01078,0.07507,0.0324
1748210.0,-0.64052,-128.12669,0.33417,-0.08839,0.1632,0.41026,-0.29455,-22.90833,0.20606,0.00773,0.07523,0.08676
1748215.0,0.38331,204.76608,0.33908,-0.08367,0.16375,0.14693,0.0683,72.56944,0.19228,0.00834,0.07452,0.00466
1748220.0,-0.39901,-156.46524,0.34508,-0.08683,0.16309,0.15921,-0.49515,-112.68913,0.22257,0.0033,0.07626,0.24517
1748225.0,-0.59758,-39.71249,0.37033,-0.09193,0.16401,0.3571,-0.36827,25.37509,0.23714,-0.00041,0.07685,0.13562
1748230.0,-0.27505,64.50615,0.3608,-0.09377,0.1627,0.07565,-0.38514,-3.37278,0.25194,-0.00426,0.07753,0.14833
1748235.0,-1.0,-144.99091,0.42472,-0.10283,0.16912,1.0,-0.74393,-71.75901,0.30114,-0.01166,0.08212,0.55343
1748240.0,-0.27128,145.74409,0.40937,-0.10451,0.16771,0.07359,-0.35414,77.95742,0.30644,-0.01508,0.08244,0.12542
1748245.0,-0.63138,-72.021,0.43158,-0.10978,0.16875,0.39865,-0.78534,-86.23962,0.35433,-0.02279,0.08743,0.61676
1748250.0,-0.51876,22.52498,0.44029,-0.11387,0.1687,0.26911,-0.44155,68.75807,0.36305,-0.02697,0.08828,0.19497
1748255.0,-0.41782,20.18784,0.43805,-0.11691,0.16792,0.17457,-0.56968,-25.62493,0.38371,-0.0324,0.09028,0.32453
1748260.0,-0.76103,-68.64285,0.47035,-0.12335,0.17031,0.57917,-0.57728,-1.52175,0.40307,-0.03785,0.09229,0.33326
1748265.0,-0.19872,112.46352,0.44318,-0.12411,0.16866,0.03949,-0.36028,43.39999,0.39879,-0.04107,0.09239,0.1298
1748270.0,-0.56514,-73.28529,0.45538,-0.12852,0.16888,0.31939,-0.38975,-5.89336,0.39789,-0.04456,0.09265,0.15191
1748275.0,-0.02285,108.4597,0.41213,-0.12746,0.1673,0.00052,0.2075,119.44927,0.37885,-0.04204,0.09235,0.04305
1748280.0,-0.04608,-4.64613,0.37552,-0.12665,0.16569,0.00212,-0.05088,-51.67416,0.34605,-0.04213,0.09143,0.00259
1748285.0,-0.50147,-91.07965,0.38812,-0.13039,0.16541,0.25148,-0.21125,-32.07551,0.33257,-0.04382,0.09079,0.04463
1748290.0,-0.03728,92.83806,0.35303,-0.12946,0.16385,0.00139,-0.13029,16.19333,0.31234,-0.04468,0.08996,0.01697
1748295.0,-0.49356,-91.25472,0.36708,-0.1331,0.16351,0.2436,-0.24546,-23.03396,0.30565,-0.04669,0.08945,0.06025
1748300.0,0.33353,165.41696,0.36373,-0.12844,0.16401,0.11124,0.58261,165.61349,0.33335,-0.0404,0.09244,0.33944
1748305.0,0.41749,16.79273,0.36911,-0.12298,0.16529,0.1743,0.40538,-35.4455,0.34055,-0.03594,0.09346,0.16434
1748310.0,-0.01646,-86.79092,0.33384,-0.12191,0.16374,0.00027,0.25589,-29.89955,0.33209,-0.03302,0.09336,0.06548
1748315.0,0.32323,67.93798,0.33278,-0.11746,0.16405,0.10448,0.29713,8.24786,0.32859,-0.02972,0.0935,0.08828
1748320.0,-0.1739,-99.42546,0.31689,-0.11803,0.16244,0.03024,0.13393,-32.63883,0.30912,-0.02808,0.09283,0.01794
1748325.0,0.61953,158.68674,0.34716,-0.11065,0.16615,0.38382,0.48293,69.79923,0.3265,-0.02297,0.09446,0.23322
1748330.0,0.38046,-47.81535,0.35049,-0.10574,0.16685,0.14475,0.10578,-75.42847,0.30443,-0.02169,0.09368,0.01119
1748335.0,0.02123,-71.84505,0.31756,-0.10447,0.16534,0.00045,0.08521,-4.11518,0.28251,-0.02062,0.09285,0.00726
1748340.0,0.28365,52.48335,0.31417,-0.10059,0.16516,0.08046,0.08262,-0.51713,0.26252,-0.01959,0.09203,0.00683
1748345.0,-0.28436,-113.60204,0.31119,-0.10243,0.16384,0.08086,-0.15654,-47.83168,0.25192,-0.02096,0.09129,0.0245
1748350.0,0.52198,161.26817,0.33227,-0.09618,0.16602,0.27246,0.22429,76.16572,0.24916,-0.0185,0.09097,0.05031
1748355.0,0.14621,-75.15369,0.31366,-0.09376,0.16494,0.02138,-0.21231,-87.32127,0.24548,-0.02044,0.09043,0.04508
1748360.0,0.02992,-23.25704,0.28529,-0.09252,0.16344,0.0009,-0.01379,39.70365,0.22231,-0.02037,0.08952,0.00019
1748365.0,0.21833,37.68036,0.27859,-0.08941,0.16275,0.04767,-0.06711,-10.66287,0.20679,-0.02084,0.08865,0.0045
1748370.0,-0.34457,-112.57945,0.28519,-0.09196,0.16176,0.11873,-0.25368,-37.31402,0.21148,-0.02317,0.08829,0.06435
1748375.0,0.32345,133.60518,0.28902,-0.08781,0.16184,0.10462,0.08907,68.55056,0.19924,-0.02205,0.08753,0.00793
1748380.0,-0.32452,-129.59489,0.29257,-0.09018,0.16077,0.10531,-0.61678,-141.17125,0.24099,-0.02799,0.09012,0.38042
1748385.0,-0.17031,30.84103,0.28034,-0.09098,0.15922,0.02901,-0.26147,71.06241,0.24304,-0.03033,0.08976,0.06837
1748390.0,-0.17906,-1.74842,0.27021,-0.09186,0.15771,0.03206,-0.47208,-42.12245,0.26594,-0.03475,0.09077,0.22286
1748395.0,-0.55296,-74.78096,0.29849,-0.09647,0.15821,0.30577,-0.49017,-3.61695,0.28837,-0.0393,0.0919,0.24026
1748400.0,0.06688,123.96767,0.27533,-0.09484,0.15689,0.00447,-0.18098,61.83847,0.27763,-0.04072,0.09118,0.03275
1748405.0,-0.40696,-94.7674,0.28849,-0.09796,0.15628,0.16562,-0.29187,-22.17821,0.27905,-0.04323,0.09088,0.08519
1748410.0,0.0512,91.63203,0.26476,-0.09647,0.15493,0.00262,0.24114,106.60137,0.27526,-0.04039,0.09077,0.05815
1748415.0,0.01937,-6.36617,0.24022,-0.09531,0.15352,0.00038,-0.02343,-52.91431,0.25008,-0.04022,0.08986,0.00055
1748420.0,-0.44967,-93.80832,0.26117,-0.09885,0.15321,0.20221,-0.15155,-25.62374,0.24022,-0.04133,0.08908,0.02297
1748425.0,-0.05935,78.06434,0.24099,-0.09846,0.1517,0.00352,-0.10076,10.15792,0.22628,-0.04192,0.08823,0.01015
1748430.0,-0.44629,-77.38857,0.26152,-0.10194,0.15136,0.19918,-0.1953,-18.90741,0.22318,-0.04346,0.08758,0.03814
1748435.0,0.3858,166.4194,0.27394,-0.09706,0.15218,0.14884,0.60178,159.41501,0.26104,-0.03701,0.09078,0.36214
1748440.0,0.17096,-42.9682,0.26365,-0.09438,0.15136,0.02923,0.17327,-85.70069,0.25226,-0.0349,0.09031,0.03002
1748445.0,-0.16806,-67.80416,0.25409,-0.09511,0.1499,0.02824,0.11031,-12.59374,0.23807,-0.03345,0.08961,0.01217
1748450.0,0.19267,72.14488,0.24795,-0.09224,0.14922,0.03712,0.13217,4.37359,0.22748,-0.03179,0.08898,0.01747
1748455.0,-0.22275,-83.0838,0.24543,-0.09354,0.14789,0.04962,0.04825,-16.78429,0.20956,-0.03099,0.08816,0.00233
1748460.0,0.66041,176.63342,0.28693,-0.086,0.15198,0.43615,0.51178,92.70599,0.23978,-0.02557,0.09016,0.26192
1748465.0,0.4147,-49.14362,0.2997,-0.081,0.15292,0.17197,0.12819,-76.71837,0.22862,-0.02403,0.08949,0.01643
1748470.0,0.04754,-73.43197,0.27449,-0.07971,0.15155,0.00226,0.06908,-11.82261,0.21267,-0.0231,0.08868,0.00477
1748475.0,0.31078,52.64801,0.27811,-0.07581,0.15153,0.09658,0.06943,0.0708,0.19834,-0.02217,0.08788,0.00482
1748480.0,-0.19354,-100.86426,0.26966,-0.07698,0.15015,0.03746,-0.03387,-20.65948,0.18189,-0.02229,0.087,0.00115
1748485.0,0.61344,161.39732,0.30404,-0.07008,0.15332,0.37631,0.33958,74.69,0.19766,-0.01867,0.08741,0.11532
1748490.0,0.22328,-78.03188,0.29596,-0.06714,0.15263,0.04985,-0.15139,-98.19556,0.19304,-0.02,0.08671,0.02292
1748495.0,-0.27289,-99.23514,0.29365,-0.0692,0.15152,0.07447,-0.26816,-23.3533,0.20055,-0.02248,0.08645,0.07191
1748500.0,-0.04891,44.79687,0.26918,-0.069,0.15001,0.00239,-0.25638,2.35631,0.20613,-0.02482,0.08612,0.06573
1748505.0,-0.44162,-78.54202,0.28642,-0.07273,0.14987,0.19503,-0.29892,-8.50807,0.21541,-0.02756,0.086,0.08935
1748510.0,0.24599,137.52113,0.28238,-0.06954,0.14937,0.06051,0.01713,63.21012,0.19558,-0.02711,0.08516,0.00029
1748515.0,-0.17894,-84.98446,0.27204,-0.07063,0.14799,0.03202,-0.4643,-96.28548,0.22245,-0.03148,0.08618,0.21557
1748520.0,-0.18687,-1.58589,0.26352,-0.07179,0.14665,0.03492,-0.20822,51.21501,0.22103,-0.03325,0.08562,0.04336
1748525.0,-0.04533,28.30675,0.2417,-0.07153,0.14519,0.00205,-0.30159,-18.67311,0.22909,-0.03593,0.08547,0.09095
1748530.0,-0.73582,-138.09837,0.29111,-0.07817,0.14806,0.54144,-0.5885,-57.38298,0.26503,-0.04146,0.08761,0.34633
1748535.0,-0.08806,129.5518,0.27081,-0.07827,0.14658,0.00776,-0.30138,57.42438,0.26866,-0.04406,0.0874,0.09083
1748540.0,-0.47648,-77.68396,0.29137,-0.08225,0.14667,0.22704,-0.33712,-7.14915,0.27551,-0.04699,0.08736,0.11365
1748545.0,-0.07883,79.53045,0.27012,-0.08222,0.1452,0.00621,0.14616,96.65743,0.26257,-0.04506,0.08686,0.02136
1748550.0,-0.02169,11.42756,0.24528,-0.08161,0.14378,0.00047,-0.0473,-38.6919,0.24105,-0.04508,0.08599,0.00224
1748555.0,-0.41734,-79.12856,0.26248,-0.08497,0.14345,0.17417,-0.11049,-12.63918,0.22799,-0.04574,0.08517,0.01221
1748560.0,0.12388,108.24347,0.24862,-0.08288,0.14244,0.01535,0.06317,34.73285,0.21151,-0.04465,0.08443,0.00399
1748565.0,-0.36218,-97.21287,0.25998,-0.08568,0.14178,0.13118,-0.11225,-35.08469,0.20158,-0.04532,0.08363,0.0126
1748570.0,0.39743,151.92242,0.27372,-0.08085,0.14265,0.15795,0.66201,154.85181,0.24763,-0.03825,0.0877,0.43825
1748575.0,0.32868,-13.74952,0.27922,-0.07675,0.14287,0.10803,0.34878,-62.64565,0.25774,-0.03438,0.08829,0.12165
1748580.0,-0.10606,-86.94885,0.2619,-0.07704,0.14145,0.01125,0.24156,-21.44406,0.25612,-0.03162,0.08816,0.05835
1748585.0,0.2529,71.79298,0.261,-0.07374,0.1411,0.06396,0.25034,1.756,0.25554,-0.0288,0.08805,0.06267
1748590.0,-0.24886,-100.35294,0.25979,-0.07549,0.13999,0.06193,0.09028,-32.0126,0.23902,-0.02761,0.08731,0.00815
1748595.0,0.57436,164.64461,0.29125,-0.069,0.14273,0.32989,0.90585,163.11578,0.3057,-0.01827,0.09498,0.82057
1748600.0,0.41076,-32.71908,0.3032,-0.0642,0.14356,0.16873,0.50068,-81.03383,0.3252,-0.01308,0.09667,0.25069
1748605.0,-0.03477,-89.10783,0.27636,-0.0639,0.14213,0.00121,0.33725,-32.68766,0.3264,-0.00958,0.0969,0.11374
1748610.0,0.31636,70.22792,0.28036,-0.0601,0.14213,0.10009,0.33365,-0.72026,0.32713,-0.00615,0.09709,0.11132
1748615.0,-0.11961,-87.19473,0.26428,-0.0607,0.14074,0.01431,0.22515,-21.69837,0.31693,-0.00384,0.09664,0.05069
1748620.0,0.61551,147.02295,0.2994,-0.05393,0.14382,0.37885,0.54897,64.76424,0.34014,0.00169,0.09867,0.30137
1748625.0,0.446,-33.90049,0.31406,-0.04894,0.14483,0.19892,0.21746,-66.30328,0.32787,0.00385,0.09814,0.04729
1748630.0,-0.15558,-120.3176,0.29822,-0.05,0.14349,0.02421,-0.04361,-52.21288,0.29944,0.00337,0.09718,0.0019
1748635.0,0.1334,57.79713,0.28174,-0.04817,0.14239,0.0178,-0.03265,2.19032,0.27276,0.00301,0.09622,0.00107
1748640.0,-0.35971,-98.62199,0.28953,-0.05128,0.14191,0.12939,-0.16576,-26.62021,0.26206,0.00133,0.09554,0.02747
1748645.0,0.4026,152.46156,0.30084,-0.04674,0.14251,0.16209,0.20084,73.3194,0.25594,0.00332,0.09498,0.04034
1748650.0,0.18034,-44.45225,0.28879,-0.04447,0.14159,0.03252,-0.15709,-71.58644,0.24606,0.00172,0.09428,0.02468
1748655.0,-0.16844,-69.75478,0.27675,-0.04571,0.14033,0.02837,-0.15001,1.41698,0.23645,0.0002,0.09356,0.0225
1748660.0,0.12244,58.17537,0.26132,-0.04403,0.1392,0.01499,-0.12718,4.56435,0.22552,-0.00107,0.09278,0.01618
1748665.0,-0.37085,-98.65867,0.27228,-0.0473,0.13886,0.13753,-0.24996,-24.55517,0.22797,-0.00356,0.09246,0.06248
1748670.0,0.31901,137.97318,0.27695,-0.04364,0.13878,0.10177,0.02586,55.1639,0.20776,-0.00327,0.09155,0.00067
1748675.0,-0.04537,-72.8772,0.25379,-0.04365,0.1374,0.00206,-0.44027,-93.2255,0.23101,-0.00764,0.0925,0.19384
1748680.0,-0.06883,-4.69113,0.2353,-0.04391,0.13603,0.00474,-0.14738,58.57829,0.22264,-0.00904,0.09177,0.02172
1748685.0,0.06114,25.99356,0.21788,-0.04286,0.13478,0.00374,-0.25102,-20.7282,0.22548,-0.01145,0.09143,0.06301
1748690.0,-0.4266,-97.54728,0.23875,-0.04669,0.13487,0.18199,-0.35963,-21.7231,0.2389,-0.01494,0.0917,0.12934
1748695.0,0.2711,139.54019,0.24199,-0.04351,0.13451,0.0735,0.00568,73.06255,0.21558,-0.01473,0.09079,3e-05
1748700.0,-0.16423,-87.06609,0.23421,-0.04472,0.13331,0.02697,-0.029,-6.93574,0.19692,-0.01487,0.08988,0.00084
1748705.0,-0.09896,13.05277,0.22069,-0.04526,0.13201,0.00979,0.20847,47.49428,0.19807,-0.01264,0.08947,0.04346
1748710.0,0.03494,26.78048,0.20211,-0.04446,0.13075,0.00122,0.06633,-28.42924,0.1849,-0.01185,0.08864,0.0044
1748715.0,-0.45077,-97.1426,0.22698,-0.04853,0.13106,0.2032,-0.07697,-28.65885,0.17411,-0.0125,0.08779,0.00592
1748720.0,0.10024,110.20228,0.2143,-0.04704,0.12997,0.01005,0.13072,41.53688,0.16977,-0.01107,0.08712,0.01709
1748725.0,-0.31698,-83.44413,0.22457,-0.04974,0.12938,0.10048,0.04407,-17.32956,0.1572,-0.01052,0.08627,0.00194
1748730.0,-0.00703,61.99036,0.20282,-0.04931,0.1281,5e-05,0.42736,76.65791,0.18421,-0.00614,0.08729,0.18263
1748735.0,-0.10953,-20.49994,0.19349,-0.04991,0.12686,0.012,0.0689,-71.69244,0.17268,-0.00539,0.08647,0.00475
1748740.0,-0.80747,-139.58749,0.25489,-0.05749,0.13122,0.65201,-0.26737,-67.25398,0.18215,-0.00801,0.08628,0.07149
1748745.0,-0.21534,118.42635,0.25093,-0.05907,0.13015,0.04637,-0.07701,38.07252,0.17164,-0.0087,0.08546,0.00593
1748750.0,-0.59786,-76.50424,0.28562,-0.06445,0.13169,0.35743,-0.17959,-20.51578,0.17243,-0.01041,0.0849,0.03225
1748755.0,0.12472,144.51558,0.26953,-0.06256,0.13073,0.01556,0.54905,145.72835,0.21009,-0.00481,0.08712,0.30146
1748760.0,0.16123,7.30164,0.2587,-0.06032,0.12991,0.02599,0.3046,-48.89033,0.21954,-0.00172,0.08718,0.09278
1748765.0,-0.26247,-84.73927,0.25908,-0.06235,0.12901,0.06889,0.15975,-28.97035,0.21356,-0.0001,0.08657,0.02552
1748770.0,0.1965,91.79353,0.25282,-0.05976,0.12838,0.03861,0.2011,8.27082,0.21232,0.00191,0.0861,0.04044
1748775.0,-0.30746,-100.79159,0.25829,-0.06223,0.12769,0.09453,0.04107,-32.006,0.19519,0.0023,0.08525,0.00169
1748780.0,0.53759,169.01042,0.28622,-0.05624,0.12994,0.28901,0.83641,159.06694,0.25932,0.01064,0.09122,0.69958
1748785.0,0.45291,-16.93594,0.30289,-0.05114,0.13119,0.20513,0.45631,-76.01889,0.27901,0.0151,0.09225,0.20822
1748790.0,-0.00408,-91.39831,0.27301,-0.05067,0.12989,2e-05,0.29301,-32.6599,0.28041,0.01788,0.09209,0.08586
1748795.0,0.42704,86.22423,0.28841,-0.0459,0.13083,0.18237,0.39477,20.35227,0.29185,0.02165,0.09256,0.15585
1748800.0,-0.18054,-121.51701,0.27762,-0.04724,0.1297,0.0326,0.14704,-49.54675,0.27737,0.0229,0.09179,0.02162
1748805.0,0.57521,151.14966,0.30738,-0.04102,0.1322,0.33086,0.44495,59.58163,0.29413,0.02712,0.09261,0.19798
1748810.0,0.33238,-48.56451,0.30988,-0.03728,0.13225,0.11048,0.01448,-86.09452,0.26616,0.02699,0.09169,0.00021
1748815.0,-0.0373,-73.93675,0.28262,-0.03729,0.13092,0.00139,-0.03804,-10.5027,0.24335,0.02634,0.09081,0.00145
1748820.0,0.24451,56.36217,0.27881,-0.03447,0.13039,0.05979,-0.02984,1.6391,0.222,0.02578,0.08994,0.00089
1748825.0,-0.3456,-118.02248,0.28549,-0.03758,0.13004,0.11944,-0.27092,-48.21608,0.22689,0.02281,0.0899,0.0734
1748830.0,0.50565,170.25011,0.30751,-0.03215,0.13163,0.25568,0.17592,89.36926,0.22179,0.02435,0.08923,0.03095
1748835.0,0.03957,-93.216,0.28071,-0.03143,0.13036,0.00157,-0.34288,-103.76169,0.2339,0.02067,0.08966,0.11757
1748840.0,-0.22298,-52.50992,0.27494,-0.03334,0.12942,0.04972,-0.29166,10.24501,0.23968,0.01755,0.08972,0.08507
1748845.0,0.07946,60.48837,0.25539,-0.03222,0.12825,0.00631,-0.29363,-0.39493,0.24507,0.01444,0.08977,0.08622
1748850.0,-0.41753,-99.39926,0.27161,-0.03607,0.12842,0.17433,-0.40255,-21.78282,0.26082,0.01027,0.09058,0.16205
1748855.0,0.29017,141.54042,0.27346,-0.03281,0.12818,0.0842,-0.03003,74.50454,0.23774,0.00987,0.08969,0.0009
1748860.0,-0.07658,-73.34894,0.25377,-0.03324,0.12692,0.00586,-0.46168,-86.33034,0.26014,0.00515,0.09097,0.21315
1748865.0,-0.17325,-19.33557,0.24572,-0.03465,0.12584,0.03002,-0.26659,39.01681,0.26078,0.00243,0.09079,0.07107
1748870.0,0.04796,44.24392,0.22595,-0.03382,0.12465,0.0023,-0.29611,-5.90264,0.26431,-0.00055,0.09075,0.08768
1748875.0,-0.60022,-129.63724,0.26337,-0.03948,0.12655,0.36027,-0.49464,-39.70591,0.28735,-0.00549,0.09224,0.24466
1748880.0,0.20638,161.32045,0.25767,-0.03702,0.12588,0.04259,-0.08353,82.22205,0.26696,-0.00627,0.09137,0.00698
1748885.0,-0.15151,-71.57769,0.24706,-0.03817,0.12475,0.02295,-0.50885,-85.06507,0.29115,-0.0113,0.09294,0.25893
1748890.0,-0.31662,-33.02155,0.25401,-0.04095,0.12426,0.10025,-0.37151,27.46791,0.29919,-0.0149,0.09328,0.13802
1748895.0,-0.07851,47.62065,0.23646,-0.04133,0.12303,0.00616,-0.38803,-3.30315,0.30807,-0.01863,0.09371,0.15057
1748900.0,-0.55953,-96.20432,0.26877,-0.04651,0.12443,0.31308,-0.48408,-19.21087,0.32567,-0.02329,0.0949,0.23434
1748905.0,0.24541,160.98854,0.26643,-0.04359,0.12402,0.06023,-0.11009,74.79916,0.30411,-0.02416,0.09402,0.01212
1748910.0,-0.11669,-72.4206,0.25146,-0.04432,0.12283,0.01362,-0.57047,-92.07716,0.33075,-0.02962,0.09601,0.32544
1748915.0,-0.20804,-18.26927,0.24712,-0.04596,0.12187,0.04328,-0.35926,42.24221,0.3336,-0.03292,0.09611,0.12907
1748920.0,0.17392,76.39159,0.2398,-0.04376,0.12112,0.03025,-0.24517,22.81772,0.32476,-0.03504,0.09559,0.06011
1748925.0,-0.33527,-101.83656,0.24934,-0.04668,0.12074,0.1124,-0.39408,-29.78251,0.33169,-0.03863,0.0959,0.1553
1748930.0,-0.01626,63.80144,0.22604,-0.04637,0.11955,0.00026,-0.37945,2.92749,0.33647,-0.04204,0.09608,0.14398
1748935.0,-0.35029,-66.8067,0.23846,-0.04941,0.11926,0.1227,-0.73219,-70.54758,0.37604,-0.04894,0.09979,0.5361
1748940.0,-0.33844,2.37013,0.24846,-0.0523,0.11888,0.11454,-0.43572,59.29278,0.38201,-0.05281,0.10025,0.18985
1748945.0,-0.17275,33.13766,0.24089,-0.05351,0.11784,0.02984,-0.50668,-14.19165,0.39447,-0.05734,0.10127,0.25672
1748950.0,-0.56688,-78.82455,0.27349,-0.05864,0.11924,0.32135,-0.55992,-10.64773,0.41102,-0.06237,0.10273,0.31351
1748955.0,0.08933,131.24197,0.25507,-0.05716,0.11826,0.00798,-0.26349,59.28555,0.39627,-0.06438,0.1021,0.06943
1748960.0,-0.33317,-84.50174,0.26288,-0.05992,0.11783,0.111,-0.30349,-8.00069,0.38699,-0.06677,0.10164,0.09211
1748965.0,-0.08926,48.78259,0.24552,-0.06021,0.11666,0.00797,0.0673,74.1597,0.35502,-0.06543,0.1008,0.00453
1748970.0,-0.02682,12.48859,0.22365,-0.05988,0.1155,0.00072,-0.16135,-45.73053,0.33565,-0.06639,0.09988,0.02603
1748975.0,-0.59215,-113.06633,0.2605,-0.0652,0.11712,0.35064,-0.382,-44.13045,0.34029,-0.06955,0.09986,0.14592
1748980.0,0.30226,178.88115,0.26468,-0.06153,0.11728,0.09136,0.09316,95.03251,0.31558,-0.06792,0.09912,0.00868
1748985.0,0.08947,-42.55786,0.24715,-0.06002,0.11633,0.008,0.17246,15.86025,0.30126,-0.06552,0.0987,0.02974
1748990.0,0.36608,55.32327,0.25905,-0.05576,0.11694,0.13402,0.51916,69.33839,0.32305,-0.05967,0.10106,0.26952
1748995.0,0.3013,-12.95601,0.26327,-0.05219,0.11702,0.09078,0.17508,-68.81438,0.30826,-0.05732,0.10059,0.03065
1749000.0,-0.22371,-105.00319,0.25932,-0.0539,0.11614,0.05005,-0.01766,-38.54896,0.2792,-0.05693,0.0996,0.00031
1749005.0,0.32048,108.83852,0.26543,-0.05016,0.11635,0.10271,0.11646,26.82378,0.26292,-0.05519,0.0989,0.01356
1749010.0,-0.20721,-105.53758,0.25961,-0.05173,0.11543,0.04294,-0.07019,-37.33001,0.24365,-0.05534,0.09791,0.00493
1749015.0,0.41354,124.15025,0.275,-0.04708,0.1164,0.17102,0.60497,135.03224,0.27978,-0.04874,0.10121,0.36599
1749020.0,0.42093,1.47659,0.2896,-0.0424,0.11738,0.17718,0.31579,-57.83569,0.28338,-0.04509,0.1015,0.09972
1749025.0,-0.04101,-92.38714,0.26474,-0.04238,0.11621,0.00168,0.13299,-36.56093,0.26834,-0.04331,0.10079,0.01769
1749030.0,0.40569,89.33951,0.27883,-0.0379,0.11701,0.16458,0.18419,10.2403,0.25993,-0.04104,0.10029,0.03392
1749035.0,-0.13347,-107.83217,0.2643,-0.03886,0.11593,0.01782,-0.01142,-39.12167,0.23508,-0.04074,0.0993,0.00013
1749040.0,0.63598,153.89078,0.30147,-0.03211,0.11924,0.40447,0.75031,152.34546,0.2866,-0.03283,0.10444,0.56296
1749045.0,0.30535,-66.12601,0.30185,-0.02873,0.11916,0.09324,0.17982,-114.09638,0.27592,-0.0307,0.10384,0.03234
1749050.0,-0.14626,-90.32149,0.28629,-0.02991,0.1181,0.02139,0.01016,-33.93211,0.24935,-0.0303,0.10281,0.0001
1749055.0,0.15539,60.32941,0.2732,-0.02806,0.11726,0.02415,-0.01889,-5.81128,0.2263,-0.03018,0.10179,0.00036
1749060.0,-0.35866,-102.81037,0.28175,-0.03136,0.11716,0.12864,-0.19382,-34.98506,0.22305,-0.03182,0.10103,0.03757
1749065.0,0.5932,190.37172,0.31289,-0.02512,0.11981,0.35188,0.24905,88.57377,0.22565,-0.02901,0.10079,0.06203
1749070.0,0.34438,-49.76422,0.31604,-0.02142,0.11995,0.11859,-0.16307,-82.42366,0.21939,-0.03035,0.09996,0.02659
1749075.0,-0.03469,-75.81405,0.28791,-0.02155,0.11875,0.0012,-0.1903,-5.44677,0.21648,-0.03195,0.09921,0.03621
1749080.0,0.25486,57.90994,0.2846,-0.01879,0.11831,0.06495,-0.15797,6.46563,0.21063,-0.03321,0.09838,0.02496
1749085.0,-0.19355,-89.6813,0.2755,-0.02054,0.11743,0.03746,-0.25162,-18.72956,0.21473,-0.03539,0.09786,0.06331
1749090.0,0.58464,155.63885,0.30641,-0.01449,0.11984,0.34181,0.10611,71.54712,0.20387,-0.03398,0.09708,0.01126
1749095.0,0.25676,-65.57607,0.30145,-0.01177,0.11937,0.06593,-0.31758,-84.73946,0.21524,-0.03681,0.0969,0.10086
1749100.0,-0.03591,-58.53506,0.27489,-0.01201,0.11818,0.00129,-0.26108,11.30105,0.21983,-0.03906,0.09642,0.06816
1749105.0,0.25362,57.90601,0.27277,-0.00936,0.11769,0.06432,-0.25964,0.28786,0.22381,-0.04126,0.09593,0.06741
1749110.0,-0.35394,-121.51247,0.28088,-0.0128,0.11768,0.12528,-0.47419,-42.91137,0.24885,-0.04559,0.09681,0.22486
1749115.0,0.44285,159.35925,0.29708,-0.00825,0.11853,0.19612,-0.05074,84.69049,0.22904,-0.04564,0.09584,0.00257
1749120.0,0.12914,-62.74281,0.28029,-0.00687,0.11753,0.01668,-0.41754,-73.3588,0.24789,-0.04936,0.09624,0.17434
1749125.0,-0.15078,-55.98426,0.26734,-0.00831,0.11656,0.02274,-0.38822,5.86374,0.26192,-0.05275,0.0964,0.15071
1749130.0,0.07276,44.70954,0.24788,-0.0075,0.11546,0.00529,-0.43792,-9.94031,0.27952,-0.0566,0.09689,0.19177
1749135.0,-0.51676,-117.90531,0.27477,-0.0126,0.11685,0.26704,-0.63196,-38.8078,0.31476,-0.06236,0.09917,0.39937
1749140.0,0.14178,131.70816,0.26147,-0.01105,0.11591,0.0201,-0.32158,62.07477,0.31544,-0.06495,0.09883,0.10342
1749145.0,-0.21856,-72.06799,0.25718,-0.01313,0.11518,0.04777,-0.76392,-88.46698,0.36029,-0.07194,0.10263,0.58357
1749150.0,-0.53974,-64.23527,0.28543,-0.01839,0.11674,0.29132,-0.76109,0.5659,0.40037,-0.07883,0.10626,0.57926
1749155.0,-0.27239,53.46974,0.28413,-0.02093,0.11621,0.0742,-0.72795,6.62882,0.43313,-0.08532,0.10933,0.5299
1749160.0,-0.74542,-94.60561,0.33026,-0.02818,0.12019,0.55565,-0.78153,-10.71721,0.46797,-0.09228,0.11299,0.61079
1749165.0,0.02021,153.12518,0.29925,-0.02769,0.11901,0.00041,-0.42398,71.50956,0.46357,-0.0956,0.11294,0.17976
1749170.0,-0.4052,-85.08186,0.30985,-0.03147,0.11922,0.16419,-0.91966,-99.13596,0.50918,-0.10384,0.11846,0.84578
1749175.0,-0.38824,3.39289,0.31769,-0.03504,0.11927,0.15073,-0.5897,65.99271,0.51723,-0.1087,0.11959,0.34775
1749180.0,-0.21426,34.79546,0.30734,-0.03683,0.11839,0.04591,-0.63863,-9.78625,0.52937,-0.114,0.12115,0.40785
1749185.0,-0.7724,-111.62815,0.35385,-0.04418,0.12251,0.5966,-0.80552,-33.37738,0.55699,-0.12091,0.12462,0.64886
1749190.0,-0.07969,138.54247,0.32643,-0.04454,0.1213,0.00635,-0.50816,59.47156,0.5521,-0.12479,0.12485,0.25823
1749195.0,-0.49345,-82.75219,0.34313,-0.04903,0.12206,0.24349,-0.51449,-1.26665,0.54834,-0.12868,0.12509,0.2647
1749200.0,-0.30623,37.44472,0.33944,-0.0516,0.12149,0.09377,-0.13088,76.72359,0.5066,-0.12871,0.12384,0.01713
1749205.0,-0.45671,-30.09604,0.35117,-0.05565,0.12188,0.20858,-0.53503,-80.83028,0.50944,-0.13277,0.12422,0.28625
1749210.0,-0.9084,-90.33795,0.40689,-0.06418,0.12779,0.82518,-0.64426,-21.84661,0.52292,-0.13788,0.12554,0.41507
1749215.0,-0.27667,126.34565,0.39387,-0.0663,0.12696,0.07654,-0.38865,51.12164,0.50949,-0.14039,0.1249,0.15105
1749220.0,-0.66766,-78.19814,0.42125,-0.07232,0.12923,0.44577,-0.4059,-3.44958,0.49914,-0.14305,0.12434,0.16475
1749225.0,-0.21978,89.57599,0.4011,-0.07379,0.12815,0.0483,0.09022,99.22438,0.45824,-0.14071,0.12363,0.00814
1749230.0,-0.21829,0.29662,0.38282,-0.07524,0.12707,0.04765,-0.20283,-58.60992,0.4327,-0.14133,0.12243,0.04114
1749235.0,-0.61515,-79.3706,0.40605,-0.08064,0.12866,0.37841,-0.27982,-15.39936,0.41741,-0.14272,0.1214,0.0783
1749240.0,-0.01192,120.64605,0.36664,-0.07995,0.12742,0.00014,-0.06212,43.54058,0.38189,-0.14191,0.12025,0.00386
1749245.0,-0.43097,-83.80987,0.37307,-0.08346,0.12735,0.18573,-0.15415,-18.4049,0.35911,-0.14204,0.11904,0.02376
1749250.0,0.55223,196.63962,0.39099,-0.0771,0.13004,0.30496,0.74718,180.26465,0.39792,-0.13314,0.1256,0.55827
1749255.0,0.39074,-32.29757,0.39096,-0.07242,0.13089,0.15268,0.31476,-86.48333,0.3896,-0.12866,0.12631,0.09907
1749260.0,-0.07316,-92.78072,0.35918,-0.07243,0.12958,0.00535,0.18076,-26.80032,0.36872,-0.12557,0.12599,0.03267
1749265.0,0.31232,77.09557,0.3545,-0.06858,0.12973,0.09754,0.17306,-1.54021,0.34915,-0.12258,0.1256,0.02995
1749270.0,-0.30365,-123.19319,0.34941,-0.07093,0.12898,0.0922,-0.08081,-50.77439,0.32232,-0.12217,0.12436,0.00653
1749275.0,0.66719,194.16766,0.38119,-0.06355,0.13303,0.44514,0.37166,90.49554,0.32725,-0.11723,0.12551,0.13813
1749280.0,0.49197,-35.04366,0.39227,-0.058,0.13472,0.24204,0.05852,-62.62819,0.30038,-0.11547,0.12456,0.00342
1749285.0,0.095,-79.39394,0.36254,-0.05647,0.1336,0.00903,0.01889,-7.92651,0.27223,-0.11413,0.12349,0.00036
1749290.0,0.46191,73.3806,0.37248,-0.05128,0.1349,0.21336,0.06846,9.91365,0.25185,-0.1123,0.12258,0.00469
1749295.0,-0.17317,-127.01492,0.35255,-0.0525,0.1337,0.02999,-0.13483,-40.6583,0.24015,-0.11253,0.12136,0.01818
1749300.0,0.70411,175.45639,0.3877,-0.04494,0.13797,0.49577,0.29689,86.34367,0.24582,-0.10843,0.12179,0.08814
1749305.0,0.36257,-68.30777,0.38519,-0.04086,0.13822,0.13146,-0.14441,-88.25814,0.23568,-0.10879,0.12058,0.02085
1749310.0,0.05761,-60.99193,0.35243,-0.03988,0.13693,0.00332,-0.09452,9.97665,0.22157,-0.10865,0.11938,0.00893
1749315.0,0.26747,41.97134,0.34394,-0.0368,0.13649,0.07154,-0.1276,-6.61456,0.21217,-0.10884,0.11819,0.01628
1749320.0,-0.42954,-139.40251,0.3525,-0.04073,0.13664,0.18451,-0.37762,-50.00576,0.22872,-0.11153,0.11772,0.1426
1749325.0,0.31596,149.10014,0.34884,-0.03716,0.13652,0.09983,-0.05361,64.80325,0.2112,-0.11095,0.11657,0.00287
1749330.0,-0.14556,-92.30338,0.32851,-0.03825,0.13527,0.02119,-0.59269,-107.81608,0.24935,-0.11577,0.11768,0.35128
1749335.0,-0.23513,-17.91487,0.31918,-0.04022,0.13429,0.05529,-0.35713,47.11206,0.26013,-0.11818,0.11708,0.12754
1749340.0,0.00727,48.48074,0.28799,-0.03974,0.13297,5e-05,-0.36029,-0.63275,0.27015,-0.1206,0.11648,0.12981
1749345.0,-0.50156,-101.76649,0.30934,-0.04436,0.13373,0.25156,-0.4886,-25.66257,0.29199,-0.12428,0.11664,0.23873
1749350.0,0.25407,151.12602,0.30382,-0.04138,0.13327,0.06455,-0.14997,67.7263,0.27779,-0.12454,0.11548,0.02249
1749355.0,-0.20117,-91.04873,0.29355,-0.04297,0.13219,0.04047,-0.19218,-8.44086,0.26923,-0.12521,0.11437,0.03693
1749360.0,0.1191,64.05506,0.27611,-0.04135,0.13112,0.01418,0.26092,90.62028,0.2684,-0.12135,0.11469,0.06808
1749365.0,0.32392,40.96395,0.28089,-0.0377,0.13112,0.10492,0.15097,-21.99057,0.25666,-0.11863,0.11427,0.02279
1749370.0,-0.13979,-92.74164,0.26678,-0.03872,0.12991,0.01954,-0.0053,-31.25481,0.23152,-0.1175,0.11325,3e-05
1749375.0,0.49717,127.39162,0.28982,-0.03336,0.13142,0.24718,0.25397,51.85458,0.23377,-0.11378,0.11347,0.0645
1749380.0,0.01387,-96.66062,0.26222,-0.03289,0.13013,0.00019,0.12672,-25.45075,0.22306,-0.11138,0.1129,0.01606
1749385.0,0.71514,140.25388,0.30751,-0.02541,0.13432,0.51142,0.84578,143.81316,0.28533,-0.1018,0.12075,0.71535
1749390.0,0.5307,-36.88724,0.32983,-0.01985,0.136,0.28164,0.39791,-89.57426,0.29659,-0.09681,0.12199,0.15833
1749395.0,-0.03911,-113.96196,0.30076,-0.02004,0.13465,0.00153,0.18526,-42.53106,0.28546,-0.09399,0.12155,0.03432
1749400.0,0.50575,108.97272,0.32126,-0.01478,0.13601,0.25579,0.3544,33.82903,0.29235,-0.0895,0.12231,0.1256
1749405.0,-0.06233,-113.61597,0.29537,-0.01526,0.13467,0.00388,0.14576,-41.72718,0.27769,-0.08715,0.12163,0.02125
1749410.0,0.89058,190.58035,0.35489,-0.0062,0.14137,0.79313,1.0,170.84703,0.34992,-0.07628,0.132,1.0
1749415.0,0.685,-41.11468,0.3879,0.00071,0.14464,0.46923,0.58149,-83.70244,0.37308,-0.0697,0.13492,0.33813
1749420.0,0.17634,-101.73166,0.36674,0.00247,0.14349,0.0311,0.41731,-32.83464,0.3775,-0.06483,0.13589,0.17415
1749425.0,0.53456,71.6441,0.38353,0.00779,0.14483,0.28576,0.38127,-7.20972,0.37788,-0.06037,0.13648,0.14536
1749430.0,-0.1214,-131.19276,0.35731,0.0065,0.14355,0.01474,0.06484,-63.2846,0.34658,-0.05912,0.13527,0.0042
1749435.0,0.67554,159.38806,0.38914,0.01319,0.1465,0.45636,0.40021,67.07342,0.35194,-0.05452,0.13599,0.16017
1749440.0,0.40976,-53.15651,0.3912,0.01715,0.14658,0.1679,0.01718,-76.60538,0.31846,-0.05381,0.13468,0.0003
1749445.0,0.00959,-80.03475,0.35304,0.01708,0.14511,9e-05,-0.06025,-15.48707,0.29264,-0.05387,0.13333,0.00363
1749450.0,0.30393,58.86971,0.34813,0.01995,0.14447,0.09238,-0.07227,-2.40363,0.27061,-0.05406,0.132,0.00522
1749455.0,-0.32977,-126.74102,0.34629,0.01645,0.14422,0.10875,-0.26086,-37.71838,0.26963,-0.05612,0.1311,0.06805
1749460.0,0.49068,164.09039,0.36073,0.02119,0.14498,0.24077,0.15053,82.27747,0.25772,-0.05406,0.13021,0.02266
1749465.0,0.16207,-65.72247,0.34086,0.0226,0.14373,0.02627,-0.27294,-84.69376,0.25924,-0.05625,0.12938,0.0745
1749470.0,-0.0496,-42.33341,0.31174,0.02188,0.14234,0.00246,-0.18465,17.65965,0.25178,-0.05753,0.12824,0.03409
1749475.0,0.16973,43.86512,0.29754,0.02336,0.14113,0.02881,-0.20966,-5.00194,0.24757,-0.05905,0.12719,0.04396
1749480.0,-0.45135,-124.21629,0.31292,0.01861,0.14193,0.20372,-0.38304,-34.67717,0.26112,-0.06229,0.12695,0.14672
1749485.0,0.30225,150.72,0.31185,0.02145,0.1413,0.09135,-0.06352,63.90366,0.24136,-0.0623,0.12568,0.00404
1749490.0,-0.1702,-94.48956,0.29769,0.01953,0.14024,0.02897,-0.59783,-106.86207,0.27701,-0.06766,0.12723,0.3574
1749495.0,-0.18253,-2.46607,0.28617,0.01751,0.13924,0.03332,-0.29846,59.87495,0.27915,-0.06997,0.12648,0.08908
1749500.0,0.05209,46.92522,0.26276,0.01785,0.13786,0.00271,-0.30967,-2.24202,0.2822,-0.07236,0.12578,0.09589
1749505.0,-0.55728,-121.87369,0.29221,0.0121,0.13972,0.31056,-0.51105,-40.2762,0.30509,-0.07675,0.12641,0.26117
1749510.0,0.21014,153.48398,0.28401,0.01408,0.13871,0.04416,-0.17515,67.17929,0.29209,-0.07773,0.12524,0.03068
1749515.0,-0.17082,-76.19233,0.27269,0.01223,0.13766,0.02918,-0.14885,5.25981,0.27777,-0.07845,0.12403,0.02216
1749520.0,0.2274,79.64272,0.26816,0.01439,0.13674,0.05171,0.36011,101.79203,0.286,-0.07406,0.12468,0.12968
1749525.0,0.09021,-27.43653,0.25036,0.01514,0.13543,0.00814,-0.0313,-78.28188,0.26053,-0.07363,0.12345,0.00098
1749530.0,-0.36047,-90.13752,0.26138,0.01139,0.13545,0.12994,-0.16839,-27.41674,0.25132,-0.07458,0.1223,0.02835
1749535.0,0.22315,116.72497,0.25755,0.01351,0.13454,0.0498,0.03654,40.98583,0.22984,-0.07347,0.1212,0.00134
1749540.0,-0.16013,-76.65552,0.24781,0.01177,0.13349,0.02564,-0.00033,-7.37469,0.20689,-0.07274,0.12004,0.0
1749545.0,0.23786,79.59684,0.24682,0.01403,0.13266,0.05658,0.45336,90.73863,0.23154,-0.06748,0.12155,0.20554
1749550.0,0.26368,5.1649,0.2485,0.01653,0.13194,0.06953,0.18564,-53.5439,0.22695,-0.06495,0.12097,0.03446
1749555.0,-0.28941,-110.61905,0.25259,0.01347,0.13154,0.08376,-0.00316,-37.76046,0.20457,-0.06433,0.11979,1e-05
1749560.0,0.28758,115.39948,0.25609,0.01621,0.13096,0.0827,0.14339,29.31013,0.19845,-0.06225,0.11902,0.02056
1749565.0,-0.10393,-78.3024,0.24088,0.01501,0.12979,0.0108,0.0538,-17.91893,0.18399,-0.06109,0.11796,0.00289
1749570.0,0.70047,160.8797,0.28684,0.02186,0.1331,0.49066,0.79977,149.19377,0.24556,-0.05248,0.12404,0.63962
1749575.0,0.34561,-70.9714,0.29271,0.0251,0.13279,0.11945,0.22208,-115.53779,0.24321,-0.04974,0.12354,0.04932
1749580.0,-0.13616,-96.35384,0.27706,0.02349,0.13172,0.01854,0.05505,-33.40511,0.2244,-0.04869,0.12242,0.00303
1749585.0,0.34196,95.62325,0.28355,0.02667,0.1314,0.11694,0.12665,14.32015,0.21462,-0.04693,0.12149,0.01604
1749590.0,-0.14006,-96.40456,0.2692,0.025,0.13036,0.01962,0.01002,-23.3263,0.19416,-0.04637,0.12031,0.0001
1749595.0,0.83433,194.87769,0.32571,0.0331,0.13547,0.6961,0.45284,88.56358,0.22003,-0.04137,0.12155,0.20506
1749600.0,0.62827,-41.2107,0.35597,0.03905,0.13759,0.39473,0.12716,-65.13473,0.21074,-0.03969,0.12061,0.01617
1749605.0,0.19586,-86.48261,0.33996,0.04062,0.13645,0.03836,0.03718,-17.99628,0.19339,-0.03892,0.11946,0.00138
1749610.0,0.55451,71.72983,0.36141,0.04576,0.13768,0.30748,0.04225,1.01437,0.17827,-0.03811,0.11833,0.00179
1749615.0,-0.03654,-118.20965,0.32892,0.04493,0.13637,0.00134,-0.13407,-35.26434,0.17385,-0.03907,0.11724,0.01797
1749620.0,0.76123,159.55287,0.37216,0.0521,0.14003,0.57946,0.22952,72.71706,0.17942,-0.03638,0.11678,0.05268
1749625.0,0.47787,-56.67164,0.38273,0.05635,0.14041,0.22836,-0.18141,-82.18593,0.17962,-0.03783,0.11581,0.03291
1749630.0,0.1418,-67.21288,0.35863,0.05721,0.13908,0.02011,-0.17004,2.27375,0.17866,-0.03915,0.11483,0.02891
1749635.0,0.42244,56.12753,0.36501,0.06086,0.13899,0.17846,-0.16977,0.05485,0.17777,-0.04046,0.11385,0.02882
1749640.0,-0.24034,-132.5564,0.35255,0.05785,0.13849,0.05776,-0.43174,-52.39389,0.20317,-0.04437,0.11421,0.1864
1749645.0,0.49695,147.4593,0.36699,0.06224,0.139,0.24696,-0.18355,49.63849,0.20121,-0.04576,0.11326,0.03369
1749650.0,0.07437,-84.51616,0.33773,0.06236,0.13761,0.00553,-0.6858,-100.45159,0.24967,-0.05216,0.11614,0.47033
1749655.0,-0.05331,-25.53588,0.30928,0.0612,0.13636,0.00284,-0.44103,48.95522,0.2688,-0.05605,0.11646,0.19451
1749660.0,0.08228,27.11707,0.28658,0.06142,0.13501,0.00677,-0.54594,-20.98249,0.29652,-0.06095,0.11765,0.29805
1749665.0,-0.54548,-125.55131,0.31247,0.05535,0.13726,0.29754,-0.76548,-43.90876,0.34341,-0.068,0.12133,0.58597
1749670.0,0.14345,137.78542,0.29557,0.05623,0.13597,0.02058,-0.54623,43.85014,0.36369,-0.07278,0.12236,0.29837
1749675.0,-0.24138,-76.96607,0.29015,0.05325,0.13548,0.05826,-1.0,-90.75338,0.42733,-0.08205,0.12957,1.0
1749680.0,-0.00125,48.02514,0.26126,0.05271,0.13415,0.0,-0.52804,94.39245,0.4374,-0.08651,0.13022,0.27882
1749685.0,0.12957,26.16464,0.24809,0.05348,0.13287,0.01679,-0.65982,-26.35621,0.45964,-0.09224,0.13214,0.43536
1749690.0,-0.42097,-110.10728,0.26538,0.04873,0.13374,0.17721,-0.83467,-34.97052,0.49714,-0.09967,0.13622,0.69668
1749695.0,0.25641,135.476,0.26448,0.05081,0.13283,0.06575,-0.56451,54.03178,0.50388,-0.10432,0.13697,0.31867
1749700.0,-0.47521,-146.32365,0.28556,0.04555,0.13421,0.22582,-0.84406,-55.90935,0.5379,-0.11171,0.14097,0.71244
1749705.0,-0.20865,53.31191,0.27786,0.04301,0.1335,0.04353,-0.46572,75.66721,0.53068,-0.11526,0.14079,0.2169
1749710.0,-0.05426,30.877,0.2555,0.04203,0.13226,0.00294,-0.60137,-27.12957,0.53775,-0.12012,0.1417,0.36165
1749715.0,-0.75247,-139.64183,0.3052,0.03409,0.13713,0.56621,-0.87551,-54.82858,0.57153,-0.12767,0.14587,0.76652
1749720.0,-0.03629,143.23676,0.27831,0.03338,0.1358,0.00132,-0.55654,63.79538,0.57003,-0.13196,0.14621,0.30973
1749725.0,-0.56901,-106.54377,0.30738,0.02736,0.138,0.32377,-0.6981,-28.31198,0.58283,-0.13762,0.14789,0.48734
1749730.0,-0.03894,106.01311,0.28054,0.0267,0.13667,0.00152,-0.08643,122.33389,0.53319,-0.13711,0.14644,0.00747
1749735.0,0.18257,44.30178,0.27074,0.02826,0.13554,0.03333,-0.152,-13.11542,0.49507,-0.13726,0.14498,0.02311
1749740.0,-0.37429,-111.37131,0.28109,0.02423,0.13577,0.14009,-0.33685,-36.96822,0.47925,-0.13925,0.14392,0.11347
1749745.0,0.13557,101.97236,0.26654,0.02534,0.13453,0.01838,-0.29195,8.97855,0.46052,-0.14078,0.14271,0.08524
1749750.0,-0.41648,-110.41071,0.28154,0.02093,0.1351,0.17345,-0.50188,-41.98548,0.46466,-0.14439,0.14256,0.25188
1749755.0,0.51837,186.96936,0.30522,0.0259,0.13618,0.26871,0.35165,170.70544,0.45336,-0.13943,0.14355,0.12366
1749760.0,0.17604,-68.46538,0.2923,0.0274,0.13503,0.03099,-0.21198,-112.72495,0.42922,-0.14016,0.14216,0.04493
1749765.0,-0.29747,-94.70274,0.29282,0.02415,0.13472,0.08849,-0.36214,-30.03282,0.42251,-0.14238,0.14122,0.13115
1749770.0,0.12105,83.70538,0.27564,0.02512,0.13346,0.01465,-0.34115,4.19868,0.41437,-0.14436,0.1402,0.11638
1749775.0,-0.51497,-127.20391,0.29957,0.01972,0.13499,0.26519,-0.53218,-38.20533,0.42615,-0.14824,0.14027,0.28321
1749780.0,0.4328,189.55289,0.3129,0.02385,0.13531,0.18731,-0.12139,82.15708,0.39568,-0.14797,0.13887,0.01474
1749785.0,0.2675,-33.06048,0.30836,0.02629,0.13454,0.07155,-0.45539,-66.79927,0.40165,-0.15105,0.13841,0.20738
1749790.0,-0.13286,-80.07193,0.29081,0.0247,0.13344,0.01765,-0.46825,-2.57202,0.40831,-0.15422,0.13801,0.21925
1749795.0,0.26859,80.2906,0.28859,0.02714,0.13269,0.07214,-0.35208,23.23301,0.40269,-0.1562,0.13702,0.12396
1749800.0,-0.21671,-97.05908,0.2814,0.0247,0.13195,0.04696,-0.40317,-10.21829,0.40273,-0.15867,0.13625,0.16255
1749805.0,0.61594,166.52968,0.31485,0.03061,0.13405,0.37939,-0.0315,74.33426,0.36561,-0.1574,0.13504,0.00099
1749810.0,0.26087,-71.01402,0.30945,0.03291,0.13323,0.06805,-0.47098,-87.89498,0.37615,-0.16053,0.13465,0.22182
1749815.0,0.11281,-29.61194,0.28979,0.03371,0.13196,0.01273,-0.23322,47.55147,0.36186,-0.16126,0.13336,0.05439
1749820.0,0.31857,41.15067,0.29267,0.03656,0.13144,0.10148,-0.23757,-0.87031,0.34943,-0.16202,0.13208,0.05644
1749825.0,-0.34343,-132.39941,0.29774,0.03276,0.13154,0.11794,-0.43766,-40.01823,0.35825,-0.16478,0.13151,0.19155
1749830.0,0.50403,169.49304,0.31837,0.03747,0.1324,0.25405,-0.01898,83.73669,0.32432,-0.16332,0.1304,0.00036
1749835.0,-0.00967,-102.74111,0.2875,0.037,0.1311,9e-05,-0.51527,-99.25755,0.34342,-0.16684,0.13031,0.2655
1749840.0,-0.04459,-6.98447,0.26321,0.03619,0.12985,0.00199,-0.2429,54.47406,0.33337,-0.1676,0.12906,0.059
1749845.0,0.17837,44.59309,0.25473,0.03761,0.12875,0.03182,-0.28591,-8.60339,0.32862,-0.16878,0.12791,0.08175
1749850.0,-0.47026,-129.72577,0.27628,0.03253,0.12999,0.22114,-0.47981,-38.77997,0.34374,-0.17189,0.12758,0.23022
1749855.0,0.13852,121.75633,0.26251,0.03359,0.1288,0.01919,-0.22014,51.93376,0.33138,-0.17238,0.12633,0.04846
1749860.0,-0.33644,-94.99372,0.2699,0.02989,0.12886,0.11319,-0.24134,-4.23889,0.32238,-0.17307,0.12511,0.05824
1749865.0,0.00399,68.08635,0.24331,0.02963,0.12757,2e-05,0.23868,96.00376,0.31401,-0.16895,0.12552,0.05697
1749870.0,0.05291,9.78389,0.22427,0.02986,0.1263,0.0028,0.00586,-46.56434,0.28319,-0.1672,0.12456,3e-05
1749875.0,-0.49812,-110.20567,0.25165,0.02458,0.12777,0.24812,-0.15037,-31.24637,0.26991,-0.16703,0.12332,0.02261
1749880.0,0.11572,122.76827,0.23806,0.02549,0.12658,0.01339,0.07442,44.95904,0.25036,-0.16462,0.12266,0.00554
1749885.0,-0.52732,-128.60793,0.26699,0.01997,0.12831,0.27807,-0.1586,-46.60505,0.24118,-0.16456,0.12143,0.02515
1749890.0,0.26081,157.62543,0.26637,0.02237,0.12759,0.06802,0.61883,155.48639,0.27895,-0.15672,0.12623,0.38295
1749895.0,0.19746,-12.67045,0.25948,0.02412,0.12662,0.03899,0.31579,-60.60741,0.28263,-0.152,0.12716,0.09972
1749900.0,-0.28502,-96.49487,0.26203,0.02103,0.12629,0.08124,0.1942,-24.31751,0.27379,-0.14854,0.12706,0.03772
1749905.0,0.22213,101.42992,0.25804,0.02304,0.12542,0.04934,0.27031,15.22181,0.27344,-0.14435,0.12751,0.07307
1749910.0,-0.34866,-114.15881,0.2671,0.01933,0.12552,0.12157,0.08366,-37.32991,0.25447,-0.14207,0.12675,0.007
1749915.0,0.76299,222.33134,0.31669,0.02676,0.12969,0.58216,1.0,183.26726,0.32902,-0.13065,0.13826,1.0
1749920.0,0.55916,-40.7658,0.34094,0.03209,0.13117,0.31266,0.652,-69.5997,0.36132,-0.12282,0.14288,0.42511
1749925.0,0.12073,-87.68681,0.31892,0.03297,0.12993,0.01458,0.56293,-17.81496,0.38148,-0.11596,0.14606,0.31689
1749930.0,0.4983,75.51351,0.33686,0.03763,0.13076,0.2483,0.56154,-0.27741,0.39948,-0.10919,0.1491,0.31533
1749935.0,-0.19089,-137.83827,0.32226,0.03534,0.12996,0.03644,0.2935,-53.60709,0.38889,-0.10516,0.1492,0.08614
1749940.0,0.73357,184.89357,0.36339,0.04232,0.13344,0.53813,0.62148,65.59579,0.41215,-0.09789,0.15288,0.38624
1749945.0,0.35983,-74.74937,0.36304,0.0455,0.13309,0.12948,0.11147,-102.00222,0.38208,-0.0958,0.15178,0.01243
1749950.0,0.02615,-66.73631,0.32935,0.04531,0.13176,0.00068,0.10421,-1.45281,0.35429,-0.0938,0.15066,0.01086
1749955.0,0.24228,43.22585,0.32064,0.04728,0.13083,0.0587,0.02572,-15.69673,0.32143,-0.09261,0.14929,0.00066
1749960.0,-0.33622,-115.69853,0.3222,0.04344,0.13096,0.11304,-0.08577,-22.29918,0.29787,-0.09254,0.1478,0.00736
1749965.0,0.43384,154.01097,0.33336,0.04734,0.13114,0.18821,0.1954,56.2342,0.28762,-0.08966,0.14713,0.03818
1749970.0,-0.1661,-119.98713,0.31663,0.04521,0.13028,0.02759,-0.38334,-115.74805,0.29719,-0.09259,0.14651,0.14695
1749975.0,-0.18623,-4.02589,0.30359,0.0429,0.1295,0.03468,-0.11094,54.4804,0.27857,-0.09278,0.14505,0.01231
1749980.0,-0.03232,30.78091,0.27647,0.04214,0.12826,0.00104,-0.19128,-16.06796,0.26984,-0.09376,0.14369,0.03659
1749985.0,-0.5821,-109.95559,0.30703,0.0359,0.1308,0.33884,-0.31635,-25.01529,0.27449,-0.09599,0.14274,0.10008
1749990.0,0.21701,159.82321,0.29803,0.03771,0.12981,0.0471,0.0288,69.03043,0.24992,-0.09474,0.14146,0.00083
1749995.0,-0.44599,-132.60046,0.31282,0.03288,0.13081,0.1989,-0.55772,-117.30373,0.2807,-0.09937,0.14215,0.31105
1750000.0,-0.4348,2.23725,0.32502,0.0282,0.13164,0.18905,-0.26467,58.61104,0.2791,-0.10102,0.141,0.07005
1750005.0,-0.2523,36.5,0.31775,0.02539,0.1311,0.06366,-0.32725,-12.51606,0.28391,-0.10329,0.14009,0.10709
1750010.0,-0.77809,-105.15727,0.36378,0.01736,0.13611,0.60542,-0.39896,-14.34271,0.29542,-0.10624,0.13954,0.15917
1750015.0,0.04584,164.78522,0.33199,0.01764,0.13476,0.0021,-0.00499,78.79411,0.26637,-0.10523,0.13825,2e-05
1750020.0,-0.42595,-94.35723,0.34139,0.01321,0.13534,0.18143,-0.01073,-1.14833,0.24081,-0.10429,0.13695,0.00012
1750025.0,-0.07027,71.1356,0.31427,0.01237,0.13406,0.00494,0.4018,82.50674,0.25691,-0.09922,0.1381,0.16145
1750030.0,-0.01179,11.69586,0.28403,0.01213,0.13272,0.00014,0.16624,-47.11336,0.24784,-0.09657,0.13741,0.02763
1750035.0,-0.56383,-110.40731,0.31201,0.00637,0.13465,0.3179,0.0029,-32.66642,0.22335,-0.09558,0.13613,1e-05
1750040.0,0.32608,177.98074,0.31341,0.00957,0.1343,0.10633,0.37913,75.24588,0.23893,-0.09083,0.13698,0.14374
1750045.0,-0.26295,-117.80615,0.30837,0.00684,0.13369,0.06914,0.19217,-37.39297,0.23425,-0.088,0.13639,0.03693
1750050.0,0.42216,137.0237,0.31975,0.011,0.13404,0.17822,0.79796,121.15755,0.29062,-0.07914,0.14272,0.63673
1750055.0,0.4274,1.04756,0.33051,0.01516,0.1344,0.18267,0.55506,-48.57866,0.31707,-0.0728,0.14523,0.30809
1750060.0,-0.26058,-137.59637,0.32352,0.0124,0.1338,0.0679,0.2839,-54.23347,0.31375,-0.06923,0.14503,0.0806
1750065.0,0.3381,119.73627,0.32498,0.01566,0.1335,0.11431,0.40051,23.32388,0.32243,-0.06453,0.14574,0.16041
1750070.0,-0.25429,-118.47754,0.31791,0.01296,0.13288,0.06466,0.20863,-38.37658,0.31105,-0.0618,0.14502,0.04353
1750075.0,0.69084,189.02609,0.3552,0.01974,0.13606,0.47727,1.0,158.27367,0.37994,-0.05118,0.15462,1.0
1750080.0,0.4927,-39.62996,0.36895,0.02447,0.13689,0.24275,0.61638,-76.7234,0.40359,-0.04451,0.15744,0.37993
1750085.0,0.14201,-70.13789,0.34626,0.02564,0.13565,0.02017,0.55152,-12.97237,0.41838,-0.03855,0.15934,0.30418
1750090.0,0.61021,93.64149,0.37265,0.03149,0.13765,0.37236,0.60632,10.96011,0.43717,-0.0321,0.16183,0.36763
1750095.0,-0.10162,-142.36694,0.34555,0.03016,0.13644,0.01033,0.33335,-54.59344,0.42679,-0.02844,0.16152,0.11113
1750100.0,0.8274,185.8038,0.39373,0.03813,0.14131,0.68459,0.68029,69.38788,0.45214,-0.02136,0.16483,0.4628
1750105.0,0.52522,-60.43542,0.40688,0.043,0.14222,0.27586,0.30316,-75.42714,0.43724,-0.01811,0.16421,0.0919
1750110.0,0.08129,-88.78693,0.37432,0.04339,0.14081,0.00661,0.24508,-11.61534,0.41803,-0.01548,0.16325,0.06006
1750115.0,0.38133,60.00983,0.37502,0.04676,0.14052,0.14542,0.24526,0.03613,0.40075,-0.01287,0.16228,0.06015
1750120.0,-0.22193,-120.65376,0.35972,0.04408,0.13983,0.04925,0.10692,-27.66873,0.37137,-0.01167,0.1608,0.01143
1750125.0,0.72085,188.55595,0.39583,0.05085,0.14292,0.51962,0.47781,74.17763,0.38201,-0.00678,0.16154,0.2283
1750130.0,0.42821,-58.52617,0.39907,0.05462,0.14288,0.18337,0.12051,-71.45967,0.35586,-0.00551,0.16008,0.01452
1750135.0,-0.00755,-87.15322,0.35992,0.054,0.14149,6e-05,0.11755,-0.5923,0.33203,-0.00428,0.15863,0.01382
1750140.0,0.21438,44.38696,0.34536,0.0556,0.14033,0.04596,0.10574,-2.36116,0.3094,-0.00318,0.15716,0.01118
1750145.0,-0.72239,-187.35472,0.38306,0.04782,0.14486,0.52185,-0.26433,-74.01421,0.30489,-0.00579,0.15626,0.06987
1750150.0,0.10175,164.82864,0.35493,0.04836,0.14344,0.01035,0.06095,65.0569,0.2805,-0.00512,0.15474,0.00372
1750155.0,-0.21158,-62.66728,0.3406,0.04576,0.14267,0.04477,-0.27686,-67.56341,0.28014,-0.00784,0.15392,0.07665
1750160.0,-0.40345,-38.37237,0.34688,0.04127,0.14322,0.16277,-0.15002,25.36879,0.26712,-0.00926,0.15257,0.02251
1750165.0,-0.13696,53.29718,0.32589,0.03949,0.1421,0.01876,-0.16891,-3.77858,0.2573,-0.01086,0.1513,0.02853
1750170.0,-0.77404,-127.41522,0.37071,0.03135,0.14716,0.59913,-0.36122,-38.46159,0.26769,-0.01436,0.15099,0.13048
1750175.0,0.05901,166.6087,0.33954,0.03163,0.1457,0.00348,-0.02378,67.48788,0.2433,-0.01445,0.14948,0.00057
1750180.0,-0.33655,-79.11162,0.33924,0.02795,0.14557,0.11327,-0.41388,-78.01953,0.26036,-0.01845,0.14955,0.17129
1750185.0,-0.33855,-0.39931,0.33917,0.02428,0.14543,0.11461,-0.1842,45.9359,0.25274,-0.0201,0.14832,0.03393
1750190.0,-0.07702,52.30621,0.31295,0.02327,0.14408,0.00593,-0.19831,-2.82327,0.2473,-0.02189,0.14715,0.03933
1750195.0,-0.63305,-111.20738,0.34496,0.01671,0.14686,0.40076,-0.28828,-17.99376,0.2514,-0.02455,0.14637,0.08311
1750200.0,0.10014,146.63818,0.32048,0.01754,0.14546,0.01003,-0.01866,53.92457,0.22813,-0.02449,0.14491,0.00035
1750205.0,-0.21177,-62.38272,0.30961,0.01525,0.14452,0.04485,0.02062,7.8569,0.20738,-0.02404,0.14348,0.00043
1750210.0,0.12511,67.37609,0.29116,0.01635,0.14319,0.01565,0.41472,78.81829,0.22811,-0.01965,0.14393,0.17199
1750215.0,0.1618,7.33889,0.27822,0.0178,0.14197,0.02618,0.21187,-40.56818,0.22649,-0.01734,0.14302,0.04489
1750220.0,-0.42112,-116.58318,0.29251,0.01341,0.14244,0.17734,0.07676,-27.02351,0.21151,-0.0164,0.14168,0.00589
1750225.0,0.20301,124.82461,0.28356,0.01531,0.14136,0.04121,0.24474,33.59579,0.21484,-0.01379,0.14093,0.0599
1750230.0,-0.29672,-99.94455,0.28488,0.01219,0.1409,0.08804,0.13067,-22.81378,0.20642,-0.01234,0.13972,0.01707
1750235.0,0.0504,69.42262,0.26143,0.01257,0.13951,0.00254,0.51272,76.41138,0.23705,-0.00709,0.14103,0.26289
1750240.0,0.09563,9.04629,0.24485,0.0134,0.13818,0.00914,0.29767,-43.01077,0.24311,-0.00404,0.14053,0.08861
1750245.0,-0.48115,-115.35609,0.26848,0.00845,0.1392,0.23151,0.11474,-36.58522,0.23027,-0.00286,0.13926,0.01317
1750250.0,0.15136,126.50307,0.25677,0.00988,0.13801,0.02291,0.24077,25.20504,0.23132,-0.00042,0.13845,0.05797
1750255.0,-0.25523,-81.31927,0.25661,0.00723,0.13731,0.06514,0.2247,-3.21462,0.23066,0.00183,0.13756,0.05049
1750260.0,0.53,157.0471,0.28395,0.01246,0.13862,0.2809,0.90678,136.41628,0.29827,0.01088,0.14421,0.82225
1750265.0,0.16996,-72.0084,0.27255,0.01403,0.13748,0.02889,0.36111,-109.13346,0.30456,0.01438,0.14397,0.1304
1750270.0,-0.23968,-81.92918,0.26927,0.0115,0.13673,0.05745,0.2564,-20.94215,0.29974,0.0168,0.14311,0.06574
1750275.0,0.2793,103.79784,0.27027,0.01418,0.13607,0.07801,0.34025,16.77092,0.30379,0.02004,0.1427,0.11577
1750280.0,-0.31955,-119.77152,0.2752,0.01084,0.1358,0.10211,0.1868,-30.69041,0.29209,0.02171,0.14155,0.0349
1750285.0,0.73964,211.83949,0.32164,0.01813,0.13965,0.54707,0.57729,78.09827,0.32061,0.02726,0.14316,0.33327
1750290.0,0.53255,-41.41856,0.34273,0.02327,0.14084,0.28361,0.26341,-62.77723,0.31489,0.02962,0.14227,0.06938
1750295.0,0.08158,-90.19486,0.31662,0.02385,0.13947,0.00665,0.24179,-4.32303,0.30758,0.03175,0.14129,0.05846
1750300.0,0.47698,79.08071,0.33265,0.02838,0.14009,0.22751,0.30067,11.77595,0.30689,0.03443,0.14059,0.0904
1750305.0,-0.23495,-142.38525,0.32288,0.02575,0.13937,0.0552,0.05008,-50.11741,0.28121,0.03459,0.13918,0.00251
1750310.0,0.63859,174.70753,0.35445,0.03188,0.14165,0.4078,0.36732,63.44613,0.28982,0.03792,0.13888,0.13492
1750315.0,0.35189,-57.34049,0.3542,0.03508,0.14124,0.12383,0.04911,-63.64178,0.26575,0.03803,0.13749,0.00241
1750320.0,0.00704,-68.97028,0.31948,0.0348,0.13984,5e-05,0.11227,12.6326,0.2504,0.03877,0.13617,0.0126
1750325.0,0.14374,27.34031,0.30191,0.03589,0.13855,0.02066,-0.00306,-23.06546,0.22567,0.03835,0.13482,1e-05
1750330.0,-0.62347,-153.44208,0.33406,0.0293,0.14143,0.38872,-0.24709,-48.80633,0.22781,0.0355,0.13427,0.06105
1750335.0,0.2049,165.67513,0.32115,0.03105,0.14032,0.04199,0.07762,64.94115,0.21279,0.03592,0.13295,0.00602
1750340.0,-0.21332,-83.64519,0.31037,0.02861,0.1395,0.04551,-0.33508,-82.53941,0.22502,0.03221,0.13297,0.11228
1750345.0,-0.67517,-92.3689,0.34685,0.02157,0.14296,0.45585,-0.39228,-11.43918,0.24175,0.02797,0.1334,0.15388
1750350.0,-0.37382,60.26945,0.34954,0.01762,0.14306,0.13974,-0.3895,0.55447,0.25652,0.02379,0.13378,0.15171
1750355.0,-0.99592,-124.42018,0.41418,0.00748,0.1517,0.99185,-0.52818,-27.73545,0.28369,0.01827,0.13543,0.27898
1750360.0,-0.12315,174.55341,0.38508,0.00617,0.15035,0.01517,-0.17065,71.50589,0.27238,0.01638,0.13442,0.02912
1750365.0,-0.32595,-40.55973,0.37916,0.00285,0.14993,0.10624,-0.01865,30.40055,0.24701,0.01603,0.13309,0.00035
1750370.0,-0.23875,17.44054,0.36512,0.00044,0.149,0.057,0.19313,42.35542,0.24162,0.0178,0.13207,0.0373
1750375.0,-0.07145,33.4604,0.33576,-0.00028,0.14756,0.0051,0.07032,-24.5616,0.22449,0.01833,0.13077,0.00494
1750380.0,-0.90497,-166.70436,0.39268,-0.00933,0.15411,0.81897,-0.24403,-62.86928,0.22645,0.0157,0.13014,0.05955
1750385.0,-0.21728,137.53857,0.37514,-0.01141,0.15299,0.04721,-0.04224,40.35698,0.20802,0.01513,0.12887,0.00178
1750390.0,-0.3192,-20.38524,0.36954,-0.01449,0.15239,0.10189,0.12165,32.7779,0.19939,0.01619,0.12769,0.0148
1750395.0,0.12707,89.25497,0.3453,-0.01307,0.15106,0.01615,0.60802,97.27457,0.24025,0.02211,0.12985,0.36969
1750400.0,0.16688,7.96185,0.32745,-0.01127,0.14987,0.02785,0.37641,-46.32291,0.25387,0.02565,0.12978,0.14168
1750405.0,-0.51432,-136.2412,0.34614,-0.0163,0.15085,0.26453,0.11577,-52.1277,0.24006,0.02655,0.12856,0.0134
1750410.0,0.1332,129.50417,0.32485,-0.01481,0.14956,0.01774,0.24019,24.88481,0.24007,0.02869,0.12772,0.05769
1750415.0,-0.36532,-99.70264,0.32889,-0.01831,0.14927,0.13346,0.15755,-16.52864,0.23182,0.02998,0.12661,0.02482
1750420.0,0.44626,162.31541,0.34063,-0.01367,0.14989,0.19915,0.85468,139.42686,0.2941,0.03822,0.13201,0.73048
1750425.0,0.36194,-16.86444,0.34276,-0.00991,0.14977,0.131,0.49335,-72.26688,0.31403,0.04278,0.13272,0.24339
1750430.0,-0.07279,-86.94492,0.31576,-0.01054,0.14832,0.0053,0.40717,-17.23552,0.32334,0.04642,0.13269,0.16579
1750435.0,0.43794,102.14494,0.32798,-0.00605,0.1488,0.19179,0.47259,13.08364,0.33827,0.05068,0.13315,0.22334
1750440.0,-0.18556,-124.70074,0.31374,-0.00785,0.14763,0.03443,0.29892,-34.7337,0.33433,0.05316,0.13242,0.08935
1750445.0,0.7873,194.57191,0.3611,0.0001,0.15235,0.61983,1.0,140.21588,0.4009,0.06263,0.13988,1.0
1750450.0,0.57455,-42.52254,0.38244,0.00585,0.15406,0.33011,0.61304,-77.34611,0.42211,0.06814,0.14145,0.37581
1750455.0,0.38427,-38.05704,0.38262,0.00963,0.15393,0.14766,0.69098,15.58793,0.449,0.07437,0.14384,0.47745
1750460.0,0.75457,74.06033,0.41982,0.01708,0.15782,0.56938,0.69178,0.16062,0.47328,0.08054,0.14614,0.47856
1750465.0,0.00282,-150.34932,0.37812,0.01694,0.15625,1e-05,0.40395,-57.56565,0.46635,0.08377,0.1457,0.16318
1750470.0,0.95511,190.45706,0.43582,0.02632,0.16331,0.91224,0.72033,63.27615,0.49174,0.09014,0.14822,0.51888
1750475.0,0.81136,-28.75073,0.47337,0.03417,0.16772,0.6583,0.49004,-46.05786,0.49157,0.09414,0.1483,0.24014
1750480.0,0.3214,-97.99107,0.45818,0.03704,0.16685,0.1033,0.43584,-10.84139,0.486,0.09755,0.14796,0.18995
1750485.0,0.60642,57.00411,0.473,0.04274,0.16836,0.36775,0.36691,-13.78445,0.47409,0.10025,0.14719,0.13463
1750490.0,-0.13362,-148.00829,0.43906,0.04097,0.16698,0.01785,0.11141,-51.10182,0.43782,0.10036,0.14572,0.01241
1750495.0,0.65254,157.23161,0.46041,0.04709,0.16898,0.42581,0.37474,52.66684,0.43151,0.1031,0.145,0.14043
1750500.0,0.17757,-94.99358,0.43213,0.04839,0.16745,0.03153,-0.05835,-86.6181,0.3942,0.10149,0.14381,0.0034
1750505.0,-0.06528,-48.57003,0.39544,0.04726,0.16591,0.00426,-0.00609,10.45239,0.35539,0.10041,0.14249,4e-05
1750510.0,-0.01027,11.00217,0.35692,0.04668,0.16428,0.00011,-0.17118,-33.01799,0.33697,0.0977,0.14178,0.0293
1750515.0,-0.77624,-153.1937,0.39886,0.03845,0.16927,0.60254,-0.39318,-44.39949,0.34259,0.09279,0.14273,0.15459
1750520.0,0.17224,189.69473,0.37619,0.03979,0.16776,0.02967,-0.01447,75.74122,0.30978,0.09172,0.14141,0.00021
1750525.0,-0.2511,-84.66765,0.36368,0.03688,0.16691,0.06305,-0.4412,-85.34678,0.32292,0.08639,0.14278,0.19466
1750530.0,-0.26565,-2.90985,0.35388,0.03386,0.16614,0.07057,-0.2268,42.88029,0.31331,0.08326,0.14232,0.05144
1750535.0,0.17533,88.19677,0.33603,0.03527,0.16467,0.03074,-0.09252,26.85608,0.29123,0.0815,0.1412,0.00856
1750540.0,-0.52097,-139.26033,0.35452,0.02971,0.16606,0.27141,-0.26271,-34.03739,0.28838,0.07806,0.14094,0.06902
1750545.0,0.22098,148.3907,0.34117,0.03162,0.16475,0.04883,-0.05153,42.23683,0.26469,0.07676,0.1397,0.00265
1750550.0,-0.66241,-176.67883,0.37329,0.02468,0.16783,0.43879,-0.3457,-58.83436,0.27279,0.07253,0.14005,0.11951
1750555.0,-0.44951,42.57927,0.38091,0.01994,0.16835,0.20206,-0.02053,65.03444,0.24757,0.0716,0.13874,0.00042
1750560.0,-0.44115,1.67348,0.38694,0.01533,0.16875,0.19461,-0.24275,-44.44587,0.24708,0.06846,0.13832,0.05893
1750565.0,-1.0,-111.77084,0.44824,0.00517,0.17717,1.0,-0.43185,-37.81933,0.26556,0.06346,0.13939,0.1865
1750570.0,-0.50248,99.50483,0.45367,0.0001,0.17792,0.25248,-0.38063,10.24446,0.27707,0.05902,0.13993,0.14488
1750575.0,-0.82431,-64.3664,0.49073,-0.00815,0.18281,0.67948,-0.33847,8.43219,0.28321,0.05504,0.14008,0.11456
1750580.0,-0.0035,164.16087,0.44201,-0.0081,0.18098,1e-05,0.37242,142.17668,0.29213,0.05822,0.13966,0.13869
1750585.0,-0.03824,-6.94814,0.40163,-0.0084,0.17918,0.00146,0.07223,-60.03756,0.27014,0.05836,0.13827,0.00522
1750590.0,-0.6659,-125.53087,0.42806,-0.01498,0.18162,0.44342,-0.18668,-51.78236,0.26179,0.05591,0.13747,0.03485
1750595.0,0.13952,161.08301,0.3992,-0.01343,0.18004,0.01946,0.15044,67.42451,0.25066,0.05685,0.13619,0.02263
1750600.0,-0.42221,-112.34558,0.4015,-0.01752,0.17988,0.17826,0.01461,-27.16637,0.22705,0.05643,0.13484,0.00021
1750605.0,0.2724,138.92134,0.38859,-0.01462,0.1789,0.0742,0.59242,115.56258,0.26359,0.06179,0.13631,0.35096
1750610.0,0.12292,-29.89477,0.36203,-0.01324,0.1773,0.01511,0.24272,-69.94021,0.2615,0.0636,0.13527,0.05891
1750615.0,-0.35234,-95.05214,0.36106,-0.01664,0.17665,0.12414,0.12019,-24.50639,0.24737,0.06416,0.13395,0.01444
1750620.0,0.07911,86.2903,0.33286,-0.01568,0.17498,0.00626,0.14675,5.31228,0.23731,0.06499,0.13267,0.02153
1750625.0,-0.64821,-145.46469,0.3644,-0.022,0.17715,0.42018,-0.14659,-58.66755,0.22824,0.06287,0.13178,0.02149
1750630.0,0.24425,178.49208,0.35238,-0.01934,0.17607,0.05966,0.17462,64.24241,0.22288,0.06399,0.13059,0.03049
1750635.0,-0.07317,-63.48481,0.32446,-0.01988,0.17434,0.00535,-0.17979,-70.88162,0.21857,0.06155,0.12987,0.03232
1750640.0,-0.18487,-22.33908,0.3105,-0.02153,0.17286,0.03418,-0.01529,32.89826,0.19824,0.06078,0.12863,0.00023
1750645.0,-0.11289,14.3967,0.29074,-0.02244,0.17122,0.01274,-0.17956,-32.8531,0.19637,0.05838,0.12791,0.03224
1750650.0,-0.39161,-55.74393,0.30083,-0.02613,0.17084,0.15336,-0.13563,8.78543,0.1903,0.05644,0.12699,0.0184
1750655.0,0.38978,156.27669,0.30972,-0.02198,0.17083,0.15193,0.16104,59.33532,0.18737,0.05749,0.12583,0.02594
1750660.0,-0.11548,-101.05215,0.2903,-0.02291,0.1692,0.01334,-0.27734,-87.67622,0.19637,0.05414,0.12567,0.07692
1750665.0,-0.13658,-4.21973,0.27493,-0.02405,0.16764,0.01865,-0.07697,40.07262,0.18443,0.05283,0.12458,0.00593
1750670.0,0.27437,82.19128,0.27487,-0.02106,0.16683,0.07528,0.00779,16.95278,0.16677,0.05238,0.12336,6e-05
1750675.0,-0.30505,-115.88393,0.27789,-0.0239,0.16596,0.09305,-0.11391,-24.34025,0.16148,0.05071,0.1224,0.01298
1750680.0,0.46868,154.74586,0.29697,-0.01898,0.16668,0.21966,0.18141,59.06456,0.16347,0.05202,0.12134,0.03291
1750685.0,-0.04649,-103.0341,0.27192,-0.01925,0.16502,0.00216,0.0652,-23.24206,0.15365,0.05215,0.12013,0.00425
1750690.0,0.35509,80.31496,0.28024,-0.01551,0.16474,0.12609,0.496,86.16019,0.18788,0.05659,0.12086,0.24602
1750695.0,0.28219,-14.57885,0.28043,-0.01253,0.16396,0.07963,0.21456,-56.28771,0.19055,0.05817,0.11989,0.04604
1750700.0,-0.30021,-116.48083,0.28241,-0.01541,0.16313,0.09013,0.03309,-36.29562,0.1748,0.05792,0.1187,0.00109
1750705.0,0.21539,103.12105,0.27571,-0.0131,0.16202,0.04639,0.12985,19.35324,0.17031,0.05864,0.11756,0.01686
1750710.0,-0.27395,-97.86894,0.27553,-0.01571,0.16107,0.07505,0.01805,-22.35938,0.15508,0.05823,0.1164,0.00033
1750715.0,0.84356,223.5025,0.33234,-0.00712,0.1667,0.7116,0.94083,184.55592,0.23366,0.06706,0.12288,0.88517
1750720.0,0.54407,-59.89871,0.35351,-0.0016,0.16801,0.29601,0.48748,-90.67088,0.25904,0.07126,0.12338,0.23764
1750725.0,0.01723,-105.36804,0.31988,-0.00142,0.16633,0.0003,0.29898,-37.69932,0.26303,0.07354,0.12265,0.08939
1750730.0,0.32534,61.62267,0.32043,0.00185,0.16571,0.10585,0.20713,-18.37086,0.25744,0.07488,0.1216,0.0429
1750735.0,-0.26505,-118.07935,0.31489,-0.00082,0.16475,0.07025,0.02378,-36.67032,0.23408,0.07437,0.12041,0.00057
1750740.0,0.67968,188.94684,0.35137,0.00599,0.16764,0.46196,0.3884,72.92409,0.24951,0.07751,0.12017,0.15085
1750745.0,0.39615,-56.7056,0.35585,0.00989,0.16746,0.15694,0.02907,-71.86627,0.22746,0.07702,0.119,0.00084
1750750.0,-0.03034,-85.298,0.3233,0.00949,0.1658,0.00092,-0.01354,-8.52192,0.20607,0.07612,0.11789,0.00018
1750755.0,0.28261,62.58902,0.31923,0.01222,0.16487,0.07987,0.0005,2.80879,0.18552,0.07536,0.11676,0.0
1750760.0,-0.30561,-117.64257,0.31787,0.00904,0.16422,0.0934,-0.12485,-25.06986,0.17945,0.07336,0.11599,0.01559
1750765.0,0.73155,207.43094,0.35923,0.01627,0.16769,0.53516,0.35409,95.78853,0.19691,0.07617,0.1156,0.12538
1750770.0,0.2672,-92.86879,0.35003,0.01877,0.16663,0.0714,-0.08846,-88.50996,0.18607,0.07452,0.11471,0.00782
1750775.0,0.37382,21.32391,0.35241,0.02233,0.1662,0.13974,0.24866,67.42367,0.19233,0.07626,0.11386,0.06183
1750780.0,0.46856,18.94787,0.36403,0.02679,0.16649,0.21955,0.11143,-27.44713,0.18424,0.07661,0.11273,0.01242
1750785.0,-0.14277,-122.26594,0.3419,0.02509,0.16511,0.02038,-0.06327,-34.93899,0.17214,0.07521,0.1118,0.004
1750790.0,0.52966,134.48518,0.36068,0.03014,0.16595,0.28054,0.16443,45.53985,0.17137,0.07611,0.11076,0.02704
1750795.0,-0.00224,-106.38008,0.32483,0.02981,0.1643,1e-05,0.1181,-9.26634,0.16604,0.07653,0.10967,0.01395
1750800.0,0.30685,61.81725,0.32303,0.03258,0.16341,0.09415,0.51919,80.21861,0.20136,0.08095,0.11049,0.26956
1750805.0,0.32093,2.8178,0.32282,0.03547,0.16259,0.103,0.25352,-53.13519,0.20657,0.08268,0.10968,0.06427
1750810.0,-0.36393,-136.97224,0.32693,0.03147,0.16253,0.13244,-0.036,-57.90309,0.18952,0.08149,0.10872,0.0013
1750815.0,0.15899,104.58314,0.31014,0.03275,0.16106,0.02528,0.06539,20.27686,0.1771,0.08133,0.10764,0.00428
1750820.0,-0.33428,-98.65456,0.31255,0.02908,0.16077,0.11175,-0.04443,-21.96287,0.16384,0.08007,0.10671,0.00197
1750825.0,0.79697,226.25168,0.361,0.03676,0.16494,0.63517,0.85486,179.85683,0.23294,0.08782,0.11153,0.73078
1750830.0,0.67008,-25.37841,0.3919,0.04309,0.16723,0.44901,0.48959,-73.05283,0.2586,0.09184,0.112,0.2397
1750835.0,0.11948,-110.12035,0.36466,0.04385,0.16561,0.01428,0.33227,-31.46521,0.26597,0.09424,0.11144,0.1104
1750840.0,0.50232,76.56705,0.37843,0.04844,0.16601,0.25232,0.33063,-0.32771,0.27243,0.09661,0.11088,0.10931
1750845.0,-0.03117,-106.69811,0.3437,0.04764,0.16442,0.00097,0.18979,-28.16706,0.26417,0.09754,0.10985,0.03602
1750850.0,0.80539,167.31261,0.38987,0.05522,0.1684,0.64865,0.4747,56.98148,0.28522,0.10131,0.11015,0.22534
1750855.0,0.50034,-61.0088,0.40092,0.05967,0.16866,0.25034,0.09831,-75.27771,0.26653,0.10128,0.10905,0.00966
1750860.0,0.05265,-89.53922,0.36609,0.0596,0.16697,0.00277,0.08026,-3.61004,0.2479,0.10107,0.10796,0.00644
1750865.0,0.4419,77.84939,0.37367,0.06342,0.16673,0.19527,0.10488,4.92476,0.2336,0.10111,0.10688,0.011
1750870.0,-0.17568,-123.51414,0.35387,0.06103,0.16563,0.03086,-0.07444,-35.86469,0.21769,0.09935,0.10612,0.00554
1750875.0,0.67703,170.54083,0.38619,0.06719,0.16769,0.45837,0.27604,70.09677,0.22352,0.10112,0.10536,0.0762
1750880.0,0.12061,-111.28292,0.35963,0.06773,0.16604,0.01455,-0.22878,-100.96432,0.22405,0.09782,0.10537,0.05234
1750885.0,-0.11237,-46.59709,0.3349,0.06593,0.1647,0.01263,-0.1246,20.83522,0.2141,0.0956,0.1048,0.01553
1750890.0,0.11914,46.30228,0.31333,0.06646,0.16308,0.01419,-0.16455,-7.99002,0.20915,0.09299,0.10442,0.02708
1750895.0,-0.55334,-134.49536,0.33733,0.06026,0.16521,0.30618,-0.33977,-35.04452,0.22221,0.08867,0.10521,0.11545
1750900.0,0.25427,161.45647,0.32902,0.0622,0.16393,0.06465,0.01589,71.10497,0.20158,0.08794,0.10421,0.00025
1750905.0,-0.25729,-102.31204,0.32185,0.05901,0.16329,0.0662,-0.49797,-102.77216,0.23122,0.08208,0.10653,0.24797
1750910.0,-0.27322,-3.18572,0.31699,0.05568,0.16274,0.07465,-0.2392,51.75397,0.23202,0.07887,0.10648,0.05722
1750915.0,-0.11105,32.4345,0.29639,0.05402,0.16139,0.01233,-0.29071,-10.30178,0.23788,0.07517,0.10675,0.08451
1750920.0,-0.67114,-112.01865,0.33387,0.04676,0.16493,0.45043,-0.38927,-19.71343,0.25302,0.07053,0.1078,0.15153
1750925.0,0.06403,147.03503,0.30688,0.04694,0.16328,0.0041,-0.12516,52.82293,0.24024,0.06857,0.1071,0.01566
1750930.0,-0.42684,-98.17408,0.31888,0.0422,0.16385,0.18219,-0.21618,-18.20344,0.23783,0.06572,0.10682,0.04673
1750935.0,0.01814,88.9944,0.28881,0.04196,0.16221,0.00033,0.28767,100.76868,0.24281,0.06794,0.10624,0.08275
1750940.0,-0.02642,-8.91128,0.26257,0.04128,0.16064,0.0007,0.01801,-53.93102,0.22033,0.06744,0.1052,0.00032
1750945.0,-0.50776,-96.26807,0.28709,0.03579,0.16199,0.25782,-0.0888,-21.36221,0.20718,0.06588,0.10438,0.00789
1750950.0,0.12385,126.32249,0.27076,0.03667,0.16044,0.01534,0.04401,26.56107,0.19086,0.06566,0.10335,0.00194
1750955.0,-0.55073,-134.91586,0.29876,0.03079,0.16222,0.3033,-0.15319,-39.43855,0.1871,0.06347,0.10278,0.02347
1750960.0,0.44039,198.22269,0.31292,0.03489,0.16224,0.19394,0.68183,167.00285,0.23657,0.06966,0.1055,0.46489
1750965.0,0.35041,-17.9951,0.31667,0.03804,0.16159,0.12279,0.36829,-62.70728,0.24974,0.07264,0.10532,0.13564
1750970.0,-0.1729,-104.66226,0.30229,0.03593,0.16041,0.02989,0.22234,-29.19035,0.247,0.07414,0.10449,0.04943
1750975.0,0.24643,83.8671,0.29671,0.03804,0.15924,0.06073,0.27003,9.53797,0.2493,0.0761,0.10382,0.07292
1750980.0,-0.35478,-120.24326,0.30252,0.03411,0.15916,0.12587,0.10889,-32.22761,0.23526,0.07643,0.10279,0.01186
1750985.0,0.70556,212.06911,0.34282,0.04082,0.16199,0.49782,0.53161,84.54469,0.2649,0.08098,0.10379,0.28261
1750990.0,0.31975,-77.16263,0.34051,0.04361,0.16113,0.10224,0.08193,-89.93589,0.2466,0.08099,0.10276,0.00671
1750995.0,-0.20219,-104.38855,0.32668,0.04116,0.16011,0.04088,0.00286,-15.81534,0.22223,0.08021,0.10179,1e-05
1751000.0,0.22061,84.56016,0.31607,0.04295,0.15883,0.04867,0.07355,14.1382,0.20736,0.08014,0.10077,0.00541
1751005.0,-0.46879,-137.87988,0.33135,0.03783,0.15981,0.21976,-0.13001,-40.7111,0.19962,0.07804,0.1002,0.0169
1751010.0,0.42811,179.37985,0.34102,0.04174,0.1597,0.18328,0.19386,64.77311,0.19905,0.0792,0.09932,0.03758
1751015.0,0.07134,-71.35296,0.31405,0.04203,0.15811,0.00509,-0.22036,-82.84427,0.20118,0.0762,0.09921,0.04856
1751020.0,-0.15793,-45.85424,0.29844,0.04003,0.15692,0.02494,-0.07856,28.3604,0.18892,0.07465,0.09845,0.00617
1751025.0,0.08291,48.16799,0.27689,0.04046,0.15537,0.00687,-0.12419,-9.12552,0.18244,0.07267,0.09786,0.01542
1751030.0,-0.50408,-117.39826,0.29961,0.03502,0.15673,0.2541,-0.24363,-23.88751,0.18856,0.0695,0.09786,0.05935
1751035.0,0.30973,162.76085,0.30062,0.03776,0.1559,0.09593,0.10584,69.89357,0.18029,0.06987,0.09689,0.0112
1751040.0,-0.2131,-104.56593,0.29187,0.03525,0.15496,0.04541,-0.35006,-91.18086,0.19727,0.06567,0.09765,0.12254
1751045.0,-0.14393,13.83511,0.27707,0.03346,0.15372,0.02072,-0.04202,61.60752,0.18174,0.06459,0.09679,0.00177
1751050.0,0.00716,30.21799,0.25008,0.0332,0.15219,5e-05,-0.154,-22.39593,0.17897,0.0624,0.09629,0.02372
1751055.0,-0.57251,-115.93452,0.28233,0.02714,0.15426,0.32777,-0.26986,-23.17037,0.18806,0.05908,0.09641,0.07282
1751060.0,0.16189,146.87935,0.27028,0.02849,0.1529,0.02621,0.02101,58.17341,0.17135,0.0587,0.09546,0.00044
1751065.0,-0.43475,-119.32782,0.28673,0.02386,0.15347,0.18901,-0.11372,-26.94601,0.16559,0.05698,0.0948,0.01293
1751070.0,-0.16155,54.64054,0.27421,0.022,0.15228,0.0261,0.22086,66.91669,0.17112,0.05862,0.09411,0.04878
1751075.0,-0.18618,-4.92489,0.26541,0.01992,0.15118,0.03466,-0.04578,-53.32877,0.15858,0.05757,0.09328,0.0021
1751080.0,-0.74512,-111.78896,0.31338,0.01227,0.1554,0.5552,-0.17353,-25.54925,0.16008,0.05526,0.09287,0.03011
1751085.0,-0.16808,115.40779,0.29885,0.01047,0.15417,0.02825,-0.05623,23.45955,0.14969,0.05415,0.09206,0.00316
1751090.0,-0.72866,-112.11493,0.34183,0.00308,0.15798,0.53094,-0.22036,-32.82666,0.15676,0.0514,0.09188,0.04856
1751095.0,0.20663,187.05733,0.32831,0.00511,0.15681,0.0427,0.5692,157.91254,0.198,0.05658,0.09359,0.32399
1751100.0,0.14355,-12.6153,0.30983,0.0065,0.15543,0.02061,0.30172,-53.49548,0.20838,0.05903,0.09324,0.09104
1751105.0,-0.45134,-118.97874,0.32398,0.00192,0.15593,0.20371,0.09782,-40.78064,0.19732,0.05942,0.09232,0.00957
1751110.0,0.09605,109.47794,0.30119,0.00286,0.15445,0.00923,0.18522,17.47967,0.19611,0.06068,0.09155,0.03431
1751115.0,-0.49391,-117.99221,0.32046,-0.00211,0.15533,0.24395,0.03123,-30.79829,0.17962,0.06038,0.09065,0.00098
1751120.0,0.50842,200.46623,0.33926,0.003,0.15633,0.25849,0.44247,82.24809,0.20591,0.0642,0.09117,0.19578
1751125.0,0.14289,-73.10598,0.31962,0.0044,0.15496,0.02042,-0.00297,-89.08746,0.18561,0.06353,0.0903,1e-05
1751130.0,-0.00331,-29.23956,0.28799,0.00432,0.15341,1e-05,0.14208,29.0098,0.18126,0.06432,0.08946,0.02019
1751135.0,0.04634,9.9303,0.26383,0.00474,0.15189,0.00215,-0.0553,-39.47667,0.16866,0.06312,0.08871,0.00306
1751140.0,-0.53987,-117.24346,0.29143,-0.00071,0.15328,0.29146,-0.18408,-25.75526,0.17021,0.06065,0.08842,0.03389
1751145.0,0.37956,183.886,0.30024,0.0031,0.15316,0.14406,0.14989,66.79449,0.16817,0.06154,0.08761,0.02247
1751150.0,0.02721,-70.46917,0.27294,0.00334,0.15164,0.00074,-0.22698,-75.3746,0.17405,0.05866,0.08755,0.05152
1751155.0,-0.19687,-44.81602,0.26533,0.00133,0.15052,0.03876,-0.08278,28.84004,0.16493,0.05724,0.08687,0.00685
1751160.0,-0.1258,14.21372,0.25138,6e-05,0.14917,0.01583,-0.21792,-27.02903,0.17023,0.05449,0.08675,0.04749
1751165.0,-0.78462,-131.7641,0.3047,-0.00778,0.15371,0.61563,-0.39246,-34.90613,0.19245,0.05002,0.08784,0.15402
1751170.0,0.0739,171.70351,0.28162,-0.00697,0.15224,0.00546,-0.09797,58.8963,0.183,0.04854,0.08717,0.0096
1751175.0,-0.4258,-99.93984,0.29604,-0.01116,0.15244,0.18131,-0.53727,-87.86002,0.21843,0.04268,0.08967,0.28866
1751180.0,-0.41895,1.37104,0.30833,-0.01523,0.15254,0.17552,-0.26827,53.80153,0.22341,0.03957,0.08972,0.07197
1751185.0,-0.23149,37.49062,0.30065,-0.0174,0.15148,0.05359,-0.35634,-17.61562,0.23671,0.03561,0.09036,0.12698
1751190.0,-0.87874,-129.44856,0.35846,-0.02601,0.15723,0.77218,-0.55269,-39.26944,0.2683,0.02973,0.09284,0.30547
1751195.0,-0.18731,138.28549,0.34134,-0.02762,0.15591,0.03508,-0.328,44.93803,0.27427,0.02615,0.09317,0.10758
1751200.0,-0.74835,-112.208,0.38204,-0.03483,0.15945,0.56003,-0.42488,-19.37585,0.28934,0.02164,0.09423,0.18052
1751205.0,-0.06954,135.76096,0.35079,-0.03518,0.15786,0.00484,0.20549,126.07391,0.28095,0.02348,0.09362,0.04223
1751210.0,-0.37104,-60.29882,0.35282,-0.03854,0.15739,0.13767,-0.25245,-91.58859,0.2781,0.02072,0.09343,0.06373
1751215.0,-0.91182,-108.15565,0.40872,-0.04727,0.16329,0.83141,-0.39536,-28.58209,0.28983,0.01656,0.09419,0.15631
1751220.0,-0.30381,121.60216,0.39823,-0.04983,0.1623,0.0923,-0.25013,29.04792,0.28586,0.01389,0.09395,0.06256
1751225.0,-0.85125,-109.48849,0.44353,-0.05785,0.16698,0.72462,-0.35468,-20.91029,0.29274,0.01021,0.09434,0.1258
1751230.0,0.20625,211.50015,0.4198,-0.05521,0.16599,0.04254,0.48862,168.65921,0.31233,0.01499,0.09564,0.23875
1751235.0,0.05813,-29.62376,0.38363,-0.05407,0.16446,0.00338,0.16595,-64.5332,0.29769,0.0165,0.09491,0.02754
1751240.0,-0.43791,-99.20884,0.38906,-0.05791,0.16425,0.19177,0.04165,-24.85995,0.27209,0.01675,0.09396,0.00174
1751245.0,0.03025,93.63163,0.35318,-0.05703,0.16269,0.00091,0.07548,6.76492,0.25243,0.01734,0.09306,0.0057
1751250.0,-0.46285,-98.61987,0.36415,-0.06109,0.16268,0.21423,-0.03922,-22.94006,0.2311,0.01677,0.09216,0.00154
1751255.0,0.55551,203.67207,0.38328,-0.05492,0.16478,0.30859,0.38863,85.57079,0.24686,0.02049,0.09259,0.15103
1751260.0,0.27827,-55.44868,0.37278,-0.05159,0.16422,0.07743,0.04953,-67.81987,0.22713,0.02078,0.09168,0.00245
1751265.0,-0.15167,-85.98653,0.35067,-0.05259,0.16267,0.023,-0.03692,-17.29077,0.2081,0.02021,0.09079,0.00136
1751270.0,0.19498,69.32852,0.3351,-0.05012,0.16165,0.03802,-0.02092,3.20089,0.18939,0.0198,0.0899,0.00044
1751275.0,-0.40894,-120.78227,0.34248,-0.0537,0.16129,0.16723,-0.15177,-26.17033,0.18562,0.01808,0.08929,0.02303
1751280.0,0.60553,202.89255,0.36879,-0.04711,0.16394,0.36666,0.32747,95.848,0.19981,0.02117,0.08933,0.10724
1751285.0,0.13903,-93.29921,0.34581,-0.04525,0.16264,0.01933,-0.13471,-92.43551,0.1933,0.01962,0.08868,0.01815
1751290.0,-0.09431,-46.66821,0.32066,-0.04574,0.16103,0.00889,-0.03409,20.12325,0.17738,0.01908,0.08782,0.00116
1751295.0,0.15503,49.86716,0.3041,-0.04373,0.15982,0.02403,-0.08282,-9.7453,0.16792,0.01806,0.08704,0.00686
1751300.0,-0.4464,-120.28573,0.31833,-0.04776,0.15981,0.19928,-0.2072,-24.87719,0.17185,0.01581,0.08667,0.04293
1751305.0,0.39107,167.49429,0.3256,-0.04337,0.1601,0.15293,0.11184,63.80877,0.16585,0.01677,0.0859,0.01251
1751310.0,-0.14491,-107.19471,0.30753,-0.04439,0.1586,0.021,-0.39221,-100.81079,0.18849,0.01268,0.08668,0.15383
1751315.0,-0.07287,14.40813,0.28407,-0.04467,0.15702,0.00531,-0.06904,64.63506,0.17654,0.01186,0.08587,0.00477
1751320.0,-0.00854,12.86456,0.25651,-0.04431,0.15546,7e-05,-0.20422,-27.03567,0.17931,0.0097,0.08547,0.0417
1751325.0,-0.5934,-116.97118,0.2902,-0.0498,0.15686,0.35212,-0.315,-22.15686,0.19288,0.00645,0.08565,0.09922
1751330.0,0.17064,152.80783,0.27825,-0.0476,0.15577,0.02912,-0.04733,53.53368,0.17832,0.00591,0.08482,0.00224
1751335.0,-0.34199,-102.52631,0.28462,-0.05054,0.15506,0.11696,-0.11019,-12.57111,0.17151,0.00475,0.08411,0.01214
1751340.0,0.02809,73.95609,0.25897,-0.04975,0.15357,0.00079,0.33952,89.86869,0.18831,0.0081,0.08436,0.11527
1751345.0,0.17426,29.23553,0.2505,-0.04751,0.15253,0.03037,0.14756,-38.39025,0.18424,0.0095,0.08371,0.02178
1751350.0,-0.33937,-102.72598,0.25938,-0.05043,0.15184,0.11517,0.02445,-24.62283,0.16826,0.00965,0.08288,0.0006
1751355.0,0.21511,110.8946,0.25496,-0.04778,0.15101,0.04627,0.12579,20.26791,0.16401,0.01081,0.08218,0.01582
1751360.0,-0.3954,-122.10085,0.269,-0.05125,0.15069,0.15634,-0.02145,-29.44801,0.14975,0.01048,0.08137,0.00046
1751365.0,0.71854,222.78848,0.31395,-0.04356,0.15499,0.51631,0.8611,176.51006,0.22089,0.01899,0.08765,0.74149
1751370.0,0.51329,-41.05178,0.33389,-0.03799,0.15648,0.26346,0.49353,-73.51391,0.24815,0.02374,0.08898,0.24357
1751375.0,-0.0391,-110.47684,0.30441,-0.038,0.15491,0.00153,0.3311,-32.48552,0.25645,0.02681,0.08901,0.10963
1751380.0,0.2063,49.07986,0.2946,-0.03556,0.15395,0.04256,0.24131,-17.95945,0.25493,0.02895,0.08857,0.05823
1751385.0,-0.40572,-122.40453,0.30571,-0.03926,0.15375,0.16461,0.04053,-40.15524,0.23349,0.02907,0.08769,0.00164
1751390.0,0.52634,186.4117,0.32777,-0.0336,0.15535,0.27703,0.35997,63.88843,0.24614,0.03238,0.08789,0.12958
1751395.0,0.24843,-55.58171,0.31984,-0.03078,0.15458,0.06172,0.01832,-68.33106,0.22336,0.03224,0.08701,0.00034
1751400.0,-0.18455,-86.59523,0.30631,-0.03232,0.15326,0.03406,0.01017,-1.62958,0.20204,0.03202,0.08614,0.0001
1751405.0,0.07685,52.27967,0.28336,-0.03123,0.15185,0.00591,-0.0456,-11.15401,0.1864,0.03124,0.08534,0.00208
1751410.0,-0.61539,-138.44826,0.31657,-0.03707,0.15367,0.37871,-0.24242,-39.36304,0.192,0.0285,0.08522,0.05877
1751415.0,0.3416,191.39764,0.31907,-0.03328,0.15354,0.11669,0.14731,77.94514,0.18753,0.02969,0.08451,0.0217
1751420.0,-0.10192,-88.70432,0.29735,-0.03397,0.15205,0.01039,-0.30246,-89.95446,0.19902,0.02637,0.08474,0.09148
1751425.0,-0.21939,-23.4933,0.28956,-0.03582,0.15087,0.04813,-0.11834,36.82434,0.19095,0.02492,0.0841,0.014
1751430.0,0.04692,53.26121,0.26529,-0.03499,0.14943,0.0022,-0.15974,-8.27885,0.18783,0.02308,0.0836,0.02552
1751435.0,-0.55048,-119.47803,0.29381,-0.04015,0.15054,0.30302,-0.27861,-23.775,0.19691,0.02006,0.08365,0.07762
1751440.0,0.21656,153.40717,0.28609,-0.03758,0.14968,0.0469,0.02481,60.68497,0.1797,0.02011,0.08282,0.00062
1751445.0,-0.3995,-123.21279,0.29743,-0.0412,0.14946,0.1596,-0.11397,-27.75692,0.17313,0.01877,0.08216,0.01299
1751450.0,-0.11247,57.40637,0.27893,-0.04191,0.14802,0.01265,0.23461,69.71585,0.17928,0.02093,0.0818,0.05504
1751455.0,0.23658,69.81091,0.2747,-0.03913,0.1473,0.05597,0.22056,-2.80951,0.1834,0.02292,0.08137,0.04865
1751460.0,-0.38227,-123.77052,0.28546,-0.04256,0.14698,0.14613,0.05998,-32.11621,0.17106,0.02329,0.08057,0.0036
1751465.0,0.27568,131.58951,0.28448,-0.03938,0.1465,0.076,0.22227,32.45806,0.17618,0.02528,0.08015,0.0494
1751470.0,-0.34791,-124.71671,0.29082,-0.04246,0.14597,0.12104,0.02201,-40.05246,0.16077,0.02525,0.07935,0.00048
1751475.0,0.40013,149.60802,0.30175,-0.03804,0.14643,0.16011,0.68409,132.41714,0.2131,0.03184,0.08281,0.46798
1751480.0,0.13512,-53.00337,0.28509,-0.03631,0.14526,0.01826,0.22605,-91.6088,0.21439,0.03378,0.08235,0.0511
1751485.0,-0.38106,-103.23551,0.29469,-0.03975,0.14497,0.14521,0.0116,-42.89068,0.19411,0.03356,0.08154,0.00013
1751490.0,0.18494,113.2004,0.28371,-0.03751,0.14402,0.0342,0.03434,4.54951,0.17814,0.03357,0.08072,0.00118
1751495.0,-0.43027,-123.04218,0.29837,-0.04143,0.14409,0.18513,-0.18612,-44.09338,0.17894,0.03137,0.08039,0.03464
1751500.0,0.70205,226.46391,0.33874,-0.034,0.14807,0.49288,0.21387,79.99865,0.18243,0.03319,0.07991,0.04574
1751505.0,0.40349,-59.7117,0.34521,-0.02962,0.14846,0.16281,-0.23362,-89.49764,0.18755,0.03053,0.07981,0.05458
1751510.0,-0.05009,-90.7171,0.3157,-0.02983,0.14698,0.00251,-0.33262,-19.80005,0.20205,0.0269,0.0803,0.11063
1751515.0,0.29347,68.71187,0.31348,-0.0266,0.14654,0.08612,-0.32523,1.47675,0.21437,0.02337,0.08071,0.10578
1751520.0,-0.33594,-125.881,0.31572,-0.02969,0.14601,0.11285,-0.46707,-28.36663,0.23964,0.01847,0.08226,0.21815
1751525.0,0.69424,206.03548,0.35357,-0.02245,0.14968,0.48197,-0.02186,89.04121,0.21786,0.01807,0.08146,0.00048
1751530.0,0.20767,-97.31464,0.33898,-0.02015,0.14871,0.04312,-0.53613,-102.8529,0.24969,0.01252,0.08365,0.28743
1751535.0,-0.03911,-49.35543,0.309,-0.02034,0.14722,0.00153,-0.42951,21.32257,0.26767,0.0081,0.08473,0.18448
1751540.0,0.11579,30.98114,0.28968,-0.01898,0.14593,0.01341,-0.54203,-22.50439,0.29511,0.0026,0.08685,0.2938
1751545.0,-0.49647,-122.45227,0.31035,-0.02375,0.14671,0.24648,-0.65878,-23.34914,0.33148,-0.00401,0.09027,0.43399
1751550.0,0.36547,172.38687,0.31587,-0.01986,0.14673,0.13357,-0.32185,67.38643,0.33051,-0.00719,0.09036,0.10359
1751555.0,-0.18048,-109.1899,0.30233,-0.02147,0.14551,0.03257,-0.78968,-93.56622,0.37643,-0.01501,0.09545,0.62359
1751560.0,-0.10366,15.36379,0.28246,-0.02229,0.14412,0.01075,-0.41465,75.00631,0.38025,-0.01901,0.09606,0.17193
1751565.0,0.05893,32.51809,0.26011,-0.02148,0.14275,0.00347,-0.52645,-22.35985,0.39487,-0.02409,0.09763,0.27715
1751570.0,-0.5483,-121.44611,0.28893,-0.02674,0.14404,0.30064,-0.68208,-31.12729,0.42359,-0.03067,0.10089,0.46524
1751575.0,0.32169,173.9986,0.2922,-0.02326,0.14379,0.10348,-0.33921,68.57385,0.41515,-0.03375,0.10082,0.11507
1751580.0,-0.22032,-108.40272,0.28502,-0.02523,0.14273,0.04854,-0.40852,-13.8608,0.41449,-0.0375,0.10119,0.16689
1751585.0,0.04979,54.02198,0.26149,-0.02448,0.14136,0.00248,-0.0181,78.08306,0.37485,-0.0373,0.10018,0.00033
1751590.0,0.10222,10.48748,0.24557,-0.02321,0.1401,0.01045,-0.27732,-51.8427,0.3651,-0.0397,0.09974,0.0769
1751595.0,-0.51092,-122.62827,0.2721,-0.02809,0.14103,0.26104,-0.41923,-28.38252,0.37051,-0.0435,0.10016,0.17575
1751600.0,0.16869,135.92166,0.26176,-0.02612,0.14,0.02846,-0.19609,44.62783,0.35307,-0.04503,0.09938,0.03845
1751605.0,-0.35757,-105.25265,0.27134,-0.02944,0.13968,0.12786,-0.27988,-16.75718,0.34575,-0.04737,0.09893,0.07833
1751610.0,0.1174,94.99514,0.25595,-0.02797,0.13849,0.01378,0.19206,94.38684,0.33038,-0.04498,0.0985,0.03689
1751615.0,0.06868,-9.74469,0.23722,-0.027,0.1372,0.00472,-0.0769,-53.79098,0.30503,-0.0453,0.09753,0.00591
1751620.0,-0.54181,-122.09799,0.26768,-0.03215,0.13842,0.29356,-0.24021,-32.66325,0.29855,-0.04725,0.09692,0.0577
1751625.0,0.04872,118.10576,0.24578,-0.03134,0.1371,0.00237,-0.14178,19.68649,0.28287,-0.04819,0.09604,0.0201
1751630.0,-0.65431,-140.60486,0.28664,-0.03757,0.13954,0.42812,-0.3645,-44.54464,0.29104,-0.05136,0.09606,0.13286
1751635.0,0.23348,177.55783,0.28132,-0.03486,0.13886,0.05451,0.38514,149.92857,0.30045,-0.04699,0.09697,0.14833
1751640.0,0.17292,-12.11327,0.27048,-0.03278,0.1379,0.0299,0.05529,-65.96917,0.27593,-0.04597,0.0961,0.00306
1751645.0,-0.35492,-105.56779,0.27892,-0.036,0.13753,0.12597,-0.13528,-38.1138,0.26187,-0.04686,0.09522,0.0183
1751650.0,0.12243,95.47016,0.26327,-0.03442,0.13641,0.01499,-0.15443,-3.83167,0.25112,-0.04794,0.09438,0.02385
1751655.0,-0.49503,-123.49245,0.28645,-0.03903,0.13712,0.24506,-0.30934,-30.98093,0.25694,-0.05055,0.09411,0.09569
1751660.0,0.56758,212.52313,0.31456,-0.03296,0.13936,0.32215,0.53015,167.89706,0.28426,-0.04474,0.09647,0.28106
1751665.0,0.09096,-95.32355,0.2922,-0.03172,0.13811,0.00827,-0.08373,-122.77473,0.26421,-0.04513,0.09552,0.00701
1751670.0,-0.33421,-85.03527,0.2964,-0.03475,0.13763,0.1117,-0.19259,-21.77195,0.25705,-0.04661,0.09478,0.03709
1751675.0,0.04702,76.24711,0.27147,-0.03393,0.13632,0.00221,-0.23246,-7.9745,0.25459,-0.04847,0.09417,0.05404
1751680.0,-0.56364,-122.13241,0.30068,-0.03923,0.1377,0.31769,-0.37904,-29.31658,0.26703,-0.05177,0.0943,0.14367
1751685.0,0.50914,214.55627,0.32153,-0.03374,0.13927,0.25923,0.03116,82.04012,0.24345,-0.05094,0.09342,0.00097
1751690.0,0.32356,-37.11673,0.32173,-0.03017,0.13913,0.10469,-0.32789,-71.81005,0.25189,-0.05371,0.09324,0.10751
1751695.0,-0.12789,-90.289,0.30235,-0.03115,0.13784,0.01635,-0.40944,-16.30878,0.26765,-0.05727,0.09355,0.16764
1751700.0,0.23163,71.90308,0.29528,-0.02852,0.13713,0.05365,-0.4246,-3.03378,0.28334,-0.06094,0.09394,0.18029
1751705.0,-0.40096,-126.51763,0.30584,-0.03224,0.13712,0.16077,-0.58925,-32.92939,0.31393,-0.06623,0.09573,0.34722
1751710.0,0.56081,192.35463,0.33134,-0.02631,0.1392,0.31451,-0.26082,65.687,0.30862,-0.06817,0.09515,0.06803
1751715.0,0.17792,-76.57937,0.316,-0.02427,0.13822,0.03165,-0.68146,-84.12877,0.34591,-0.07431,0.09788,0.46439
1751720.0,-0.16376,-68.33451,0.30077,-0.02566,0.13702,0.02682,-0.61521,13.25023,0.37284,-0.07971,0.09977,0.37848
1751725.0,0.10462,53.67553,0.28116,-0.02436,0.13582,0.01095,-0.67291,-11.54118,0.40284,-0.08565,0.10222,0.45281
1751730.0,-0.61152,-143.22795,0.3142,-0.03023,0.13784,0.37395,-0.87564,-40.54548,0.45012,-0.09355,0.10731,0.76675
1751735.0,0.37534,197.37244,0.32031,-0.02618,0.13807,0.14088,-0.47222,80.68516,0.45233,-0.09733,0.10765,0.22299
1751740.0,0.0119,-72.68992,0.28947,-0.0258,0.13671,0.00014,-0.82756,-71.06902,0.48986,-0.10464,0.1118,0.68486
1751745.0,-0.21659,-45.69685,0.28218,-0.0277,0.1357,0.04691,-0.67456,30.60005,0.50833,-0.11034,0.11386,0.45503
1751750.0,-0.13297,16.72375,0.26726,-0.02876,0.13445,0.01768,-0.85754,-36.59625,0.54325,-0.11781,0.1182,0.73538
1751755.0,-0.72872,-119.15038,0.31341,-0.03576,0.13791,0.53104,-0.92949,-14.38922,0.58187,-0.12592,0.12347,0.86395
1751760.0,0.17803,181.35143,0.29987,-0.03362,0.13698,0.0317,-0.58321,69.25546,0.58201,-0.1305,0.12429,0.34014
1751765.0,-0.45154,-125.9146,0.31504,-0.0378,0.13732,0.20389,-1.0,-83.3577,0.62381,-0.13919,0.13045,1.0
1751770.0,-0.72485,-54.66247,0.35602,-0.04467,0.14057,0.52541,-0.8915,21.69969,0.65057,-0.14672,0.1347,0.79478
1751775.0,-0.48807,47.35584,0.36922,-0.0491,0.14109,0.23821,-0.91845,-5.38884,0.67736,-0.15443,0.13919,0.84354
1751780.0,-1.0,-102.38577,0.4323,-0.05861,0.14854,1.0,-0.95646,-7.60211,0.70527,-0.16245,0.1441,0.91481
1751785.0,-0.00274,199.45154,0.38934,-0.05805,0.14709,1e-05,-0.57946,75.39997,0.69269,-0.16662,0.14436,0.33577
1751790.0,-0.40148,-79.7476,0.39056,-0.06149,0.14677,0.16119,-0.91722,-67.55197,0.71514,-0.17413,0.14844,0.84129
1751795.0,-0.3885,2.59692,0.39035,-0.06476,0.14635,0.15093,-0.60455,62.53376,0.70408,-0.17843,0.14877,0.36548
1751800.0,-0.10023,57.65306,0.36134,-0.06511,0.1449,0.01005,-0.60085,0.74037,0.69376,-0.18266,0.14903,0.36102
1751805.0,-0.6724,-114.43353,0.39245,-0.07119,0.14707,0.45212,-0.67001,-13.83382,0.69138,-0.18753,0.14987,0.44892
1751810.0,0.10869,156.2179,0.36407,-0.06939,0.14591,0.01181,-0.40175,53.65255,0.66242,-0.18967,0.14882,0.1614
1751815.0,-0.30169,-82.07585,0.35783,-0.07171,0.14498,0.09102,-0.79128,-77.90587,0.67531,-0.19569,0.15088,0.62613
1751820.0,-0.29826,0.68612,0.35187,-0.07397,0.14404,0.08896,-0.48868,60.52003,0.65664,-0.19862,0.15021,0.23881
1751825.0,-0.11024,37.60274,0.32771,-0.07434,0.14261,0.01215,-0.55302,-12.86799,0.64628,-0.20216,0.14994,0.30583
1751830.0,-0.68151,-114.25326,0.36309,-0.08041,0.1448,0.46446,-0.62481,-14.35874,0.64414,-0.20639,0.15019,0.39039
1751835.0,0.28848,193.99821,0.35563,-0.07672,0.14468,0.08322,-0.24145,76.67316,0.60387,-0.20674,0.1487,0.0583
1751840.0,-0.23378,-104.45304,0.34345,-0.07829,0.14348,0.05465,-0.28797,-9.30372,0.57228,-0.20755,0.14728,0.08293
1751845.0,0.0408,54.91677,0.31318,-0.0771,0.14218,0.00166,0.03356,64.30457,0.51841,-0.20514,0.14638,0.00113
1751850.0,0.10053,11.94557,0.29192,-0.07532,0.14107,0.01011,-0.17931,-42.57229,0.4845,-0.20488,0.14492,0.03215
1751855.0,-0.67982,-156.06889,0.33071,-0.08137,0.14324,0.46215,-0.40758,-45.65439,0.4768,-0.20691,0.14387,0.16612
1751860.0,0.01474,138.91118,0.29911,-0.08041,0.1419,0.00022,-0.18651,44.21385,0.44777,-0.20671,0.14244,0.03479
1751865.0,-0.57099,-117.14522,0.3263,-0.08531,0.14284,0.32603,-0.29664,-22.02711,0.43266,-0.20761,0.14109,0.088
1751870.0,0.11293,136.784,0.30496,-0.08333,0.14179,0.01275,0.26171,111.67112,0.41557,-0.20291,0.14184,0.06849
1751875.0,0.16601,10.61617,0.29107,-0.08084,0.14099,0.02756,0.05925,-40.49194,0.37993,-0.20029,0.1411,0.00351
1751880.0,-0.34387,-101.97726,0.29635,-0.08347,0.14025,0.11825,-0.0192,-15.68968,0.34386,-0.19848,0.14001,0.00037
1751885.0,0.31639,132.0524,0.29835,-0.07947,0.14042,0.1001,0.12542,28.92297,0.32202,-0.19524,0.13964,0.01573
1751890.0,-0.21029,-105.33502,0.28954,-0.08078,0.13918,0.04422,0.00467,-24.14866,0.29028,-0.19324,0.13863,2e-05
1751895.0,0.52898,147.85297,0.31349,-0.07468,0.14143,0.27982,0.55493,110.05062,0.31675,-0.18576,0.14273,0.30794
1751900.0,0.44357,-17.08145,0.3265,-0.0695,0.14265,0.19676,0.26077,-58.83132,0.31115,-0.18129,0.14326,0.068
1751905.0,-0.09841,-108.39674,0.30369,-0.06979,0.14123,0.00968,0.08936,-34.28205,0.28897,-0.17859,0.14254,0.00799
1751910.0,0.44266,108.21388,0.31758,-0.06466,0.1424,0.19595,0.12774,7.67614,0.27285,-0.17552,0.14204,0.01632
1751915.0,-0.19324,-127.17886,0.30515,-0.06595,0.14113,0.03734,-0.01833,-29.21526,0.2474,-0.17395,0.14086,0.00034
1751920.0,0.82449,203.54614,0.35708,-0.05704,0.14749,0.67979,0.74629,152.92502,0.29729,-0.16475,0.14775,0.55695
1751925.0,0.70551,-23.79617,0.39193,-0.04942,0.15172,0.49775,0.42957,-63.34403,0.31051,-0.15881,0.14973,0.18453
1751930.0,0.13217,-114.66797,0.36595,-0.0476,0.15052,0.01747,0.27317,-31.27964,0.30678,-0.15449,0.15007,0.07462
1751935.0,0.55427,84.41834,0.38478,-0.04158,0.15257,0.30721,0.30144,5.65298,0.30625,-0.14993,0.1506,0.09086
1751940.0,-0.09724,-130.30191,0.35603,-0.04214,0.15107,0.00946,0.13443,-33.40071,0.28906,-0.14708,0.14989,0.01807
1751945.0,0.91044,201.53635,0.41147,-0.03261,0.15846,0.8289,0.81224,135.56059,0.34138,-0.13749,0.15741,0.65973
1751950.0,0.59285,-63.51761,0.42961,-0.02636,0.16071,0.35147,0.36781,-88.88467,0.34402,-0.13244,0.15834,0.13529
1751955.0,0.12194,-94.18116,0.39884,-0.02488,0.15931,0.01487,0.31014,-11.53416,0.34064,-0.12801,0.15868,0.09619
1751960.0,0.63775,103.16039,0.42273,-0.01825,0.16202,0.40672,0.42686,23.34265,0.34926,-0.12246,0.16011,0.18221
1751965.0,-0.02648,-132.84425,0.38311,-0.01833,0.16041,0.0007,0.24384,-36.6024,0.33872,-0.1188,0.15982,0.05946
1751970.0,0.88009,181.31409,0.43281,-0.00935,0.16671,0.77457,0.49806,50.84331,0.35465,-0.11263,0.16195,0.24806
1751975.0,0.65678,-44.66384,0.4552,-0.00269,0.16939,0.43135,0.21461,-56.68904,0.34065,-0.10936,0.16138,0.04606
1751980.0,0.26942,-77.47112,0.43662,3e-05,0.16843,0.07259,0.23102,3.28112,0.32968,-0.10596,0.1609,0.05337
1751985.0,0.39281,24.67895,0.43224,0.00396,0.16825,0.1543,0.08298,-29.60882,0.30501,-0.10407,0.15964,0.00689
1751990.0,-0.24848,-128.25941,0.41387,0.00144,0.1672,0.06174,-0.06432,-29.45885,0.28094,-0.10367,0.15806,0.00414
1751995.0,0.77642,204.97964,0.45012,0.00919,0.17141,0.60282,0.35296,83.45617,0.28815,-0.0991,0.15853,0.12458
1752000.0,0.37425,-80.43319,0.44253,0.01284,0.171,0.14006,0.0006,-70.47195,0.25939,-0.09811,0.15704,0.0
1752005.0,0.10922,-53.00553,0.4092,0.0138,0.16938,0.01193,0.09907,19.69281,0.24336,-0.09613,0.15585,0.00981
1752010.0,0.34305,46.76466,0.40259,0.01709,0.16875,0.11768,0.02392,-15.02881,0.22142,-0.09493,0.15443,0.00057
1752015.0,-0.2957,-127.74992,0.3919,0.01397,0.16802,0.08744,-0.08234,-21.25295,0.20751,-0.09481,0.15289,0.00678
1752020.0,0.5472,168.58083,0.40743,0.0193,0.16913,0.29943,0.21869,60.20715,0.20863,-0.09167,0.15232,0.04783
1752025.0,0.07384,-94.67255,0.37407,0.01984,0.16747,0.00545,-0.21499,-86.7378,0.20926,-0.09291,0.15095,0.04622
1752030.0,-0.06568,-27.9026,0.34323,0.01899,0.16586,0.00431,-0.03345,36.30857,0.19168,-0.09231,0.14947,0.00112
1752035.0,-0.09575,-6.0145,0.31848,0.01784,0.16434,0.00917,-0.23735,-40.78048,0.19625,-0.09376,0.14819,0.05634
1752040.0,-0.68854,-118.55776,0.35549,0.01078,0.16758,0.47408,-0.31517,-15.56305,0.20814,-0.09598,0.14718,0.09933
1752045.0,0.29366,196.43915,0.34931,0.01361,0.16669,0.08624,0.03654,70.342,0.19098,-0.09465,0.14588,0.00134
1752050.0,-0.53048,-164.82845,0.36742,0.00817,0.16793,0.28141,-0.61601,-130.51045,0.23348,-0.09986,0.14709,0.37947
1752055.0,-0.41466,23.1644,0.37215,0.00394,0.168,0.17194,-0.27013,69.17707,0.23715,-0.10157,0.1459,0.07297
1752060.0,-0.21644,39.64522,0.35658,0.00173,0.16679,0.04684,-0.32814,-11.60195,0.24625,-0.10383,0.14495,0.10767
1752065.0,-0.89065,-134.84256,0.40998,-0.00719,0.17293,0.79325,-0.4901,-32.39231,0.27063,-0.10769,0.14496,0.2402
1752070.0,-0.07173,163.78409,0.37616,-0.00784,0.17124,0.00514,-0.23635,50.74866,0.2672,-0.10898,0.14367,0.05586
1752075.0,-0.57204,-100.06171,0.39575,-0.01348,0.17265,0.32723,-0.25267,-3.26295,0.26575,-0.11042,0.14244,0.06384
1752080.0,-0.35466,43.47431,0.39164,-0.01689,0.17206,0.12579,0.08022,66.57844,0.2472,-0.10851,0.14137,0.00644
1752085.0,0.02908,76.74898,0.35538,-0.01643,0.17036,0.00085,0.06917,-2.20961,0.2294,-0.10673,0.14027,0.00479
1752090.0,-0.57685,-121.18628,0.37753,-0.02203,0.17174,0.33276,-0.07574,-28.98362,0.21403,-0.10643,0.13887,0.00574
1752095.0,0.1165,138.66974,0.35143,-0.02065,0.17021,0.01357,0.10973,37.09505,0.2036,-0.10426,0.13794,0.01204
1752100.0,-0.40416,-104.1307,0.3567,-0.02448,0.16995,0.16334,0.05581,-10.78367,0.18882,-0.10266,0.13681,0.00312
1752105.0,0.1764,116.11201,0.33867,-0.02247,0.16865,0.03112,0.55974,100.78546,0.22591,-0.09604,0.13975,0.31331
1752110.0,-0.06602,-48.4842,0.3114,-0.02291,0.16698,0.00436,0.13619,-84.70959,0.21694,-0.09372,0.13888,0.01855
1752115.0,-0.66238,-119.27343,0.3465,-0.02931,0.16932,0.43875,-0.01714,-30.66639,0.19696,-0.09295,0.13755,0.00029
1752120.0,-0.24264,83.94862,0.33612,-0.03144,0.16807,0.05887,-0.01847,-0.2655,0.17911,-0.09221,0.13622,0.00034
1752125.0,-0.81954,-115.37887,0.38446,-0.03932,0.17248,0.67164,-0.15511,-27.32914,0.17671,-0.09283,0.1349,0.02406
1752130.0,-0.09574,144.75995,0.35559,-0.03988,0.17078,0.00917,0.39676,110.37487,0.19872,-0.08794,0.1359,0.15742
1752135.0,-0.1168,-4.21327,0.33171,-0.04065,0.16913,0.01364,0.10986,-57.37987,0.18983,-0.08596,0.13493,0.01207
1752140.0,-0.70723,-118.08546,0.36926,-0.04732,0.1718,0.50017,-0.04128,-30.22839,0.17498,-0.08551,0.1336,0.0017
1752145.0,0.10159,161.76447,0.34249,-0.04583,0.17029,0.01032,0.16453,41.16234,0.17393,-0.08301,0.13287,0.02707
1752150.0,-0.51254,-122.82622,0.3595,-0.0505,0.17073,0.2627,0.0072,-31.46674,0.15726,-0.08211,0.13162,5e-05
1752155.0,0.65804,234.11475,0.38935,-0.04341,0.17394,0.43301,0.84328,167.21529,0.22586,-0.07286,0.1387,0.71111
1752160.0,0.55565,-20.4772,0.40598,-0.03742,0.17572,0.30875,0.54211,-60.23377,0.25749,-0.06671,0.14102,0.29388
1752165.0,-0.01385,-113.8992,0.36677,-0.03718,0.17397,0.00019,0.36655,-35.11075,0.26839,-0.06238,0.14145,0.13436
1752170.0,0.5296,108.68838,0.38305,-0.03152,0.17537,0.28047,0.40605,7.89863,0.28216,-0.05769,0.14219,0.16487
1752175.0,-0.22935,-151.78955,0.36768,-0.0335,0.174,0.0526,0.15963,-49.28361,0.2699,-0.05552,0.14123,0.02548
1752180.0,0.81609,209.08916,0.41252,-0.025,0.17934,0.66601,0.52296,72.66718,0.29521,-0.04973,0.14309,0.27349
1752185.0,0.59909,-43.40118,0.43118,-0.01876,0.18136,0.35891,0.19363,-65.86742,0.28505,-0.0473,0.14224,0.03749
1752190.0,0.11767,-96.28405,0.39983,-0.01739,0.17973,0.01385,0.1504,-8.64562,0.27159,-0.04532,0.1412,0.02262
1752195.0,0.55054,86.57375,0.4149,-0.01172,0.1811,0.30309,0.22368,14.65644,0.2668,-0.04263,0.1405,0.05003
1752200.0,-0.11843,-133.79317,0.38525,-0.01278,0.1794,0.01403,0.09184,-26.36821,0.2493,-0.04129,0.13927,0.00843
1752205.0,0.81965,187.61612,0.42869,-0.00446,0.18439,0.67183,0.40177,61.98671,0.26455,-0.03686,0.13981,0.16142
1752210.0,0.50401,-63.12886,0.43622,0.00063,0.18508,0.25402,0.05936,-68.48243,0.24403,-0.03589,0.1385,0.00352
1752215.0,0.02999,-94.80289,0.3956,0.00092,0.18324,0.0009,0.02973,-5.92598,0.2226,-0.03524,0.13716,0.00088
1752220.0,0.37565,69.13219,0.39361,0.00467,0.18279,0.14112,0.05491,5.03605,0.20583,-0.03434,0.13586,0.00302
1752225.0,-0.27746,-130.62311,0.38199,0.00185,0.18174,0.07699,-0.09563,-30.10926,0.19481,-0.03495,0.13454,0.00915
1752230.0,0.67875,191.24199,0.41167,0.00862,0.18441,0.4607,0.235,66.12641,0.19883,-0.03225,0.13391,0.05522
1752235.0,0.28032,-79.68501,0.39853,0.01133,0.18329,0.07858,-0.15105,-77.20924,0.19405,-0.03344,0.13271,0.02282
1752240.0,-0.0753,-71.1237,0.36621,0.01047,0.18153,0.00567,-0.09722,10.76482,0.18437,-0.03408,0.13142,0.00945
1752245.0,0.18539,52.13732,0.34813,0.01222,0.18002,0.03437,-0.1913,-18.81591,0.18506,-0.03565,0.13035,0.0366
1752250.0,-0.44939,-126.95704,0.35825,0.0076,0.1803,0.20196,-0.31518,-24.77537,0.19807,-0.03844,0.12981,0.09934
1752255.0,0.43078,176.03584,0.36551,0.01183,0.18026,0.18558,0.01601,66.23853,0.17987,-0.0379,0.12854,0.00026
1752260.0,0.05809,-74.53865,0.33477,0.01229,0.17847,0.00337,-0.31017,-65.23672,0.1929,-0.04062,0.12798,0.09621
1752265.0,-0.17787,-47.19292,0.31908,0.01039,0.17704,0.03164,-0.17719,26.59679,0.19133,-0.04199,0.12689,0.0314
1752270.0,0.09453,54.48156,0.29662,0.01123,0.17534,0.00894,-0.22558,-9.67839,0.19475,-0.04382,0.12595,0.05089
1752275.0,-0.62847,-144.60085,0.32981,0.00484,0.1776,0.39497,-0.36973,-28.82919,0.21225,-0.04708,0.12573,0.1367
1752280.0,0.46672,219.0383,0.3435,0.00946,0.17792,0.21783,0.09116,92.17696,0.20014,-0.0457,0.12466,0.00831
1752285.0,-0.10387,-114.11828,0.31954,0.00832,0.17626,0.01079,-0.40137,-98.50633,0.22026,-0.04926,0.12465,0.1611
1752290.0,-0.03228,14.31745,0.29081,0.00792,0.17452,0.00104,-0.11039,58.1965,0.20928,-0.04987,0.12344,0.01219
1752295.0,0.22516,51.48785,0.28424,0.01009,0.17323,0.0507,-0.12881,-3.68312,0.20123,-0.05066,0.12227,0.01659
1752300.0,-0.41691,-128.4131,0.29751,0.00582,0.17329,0.17381,-0.22185,-18.6097,0.20329,-0.05237,0.12134,0.04922
1752305.0,0.27024,137.43013,0.29478,0.00846,0.17224,0.07303,-0.05615,33.1415,0.18858,-0.05241,0.12012,0.00315
1752310.0,-0.28026,-110.10053,0.29333,0.00558,0.17133,0.07855,-0.13218,-15.20588,0.18294,-0.05321,0.11898,0.01747
1752315.0,-0.09216,37.61955,0.27321,0.0046,0.16971,0.00849,0.19205,64.84586,0.18385,-0.05075,0.11838,0.03688
1752320.0,0.07569,33.56968,0.25346,0.00531,0.16807,0.00573,0.07985,-22.44,0.17345,-0.04945,0.11737,0.00638
1752325.0,-0.64833,-144.80272,0.29295,-0.00123,0.17057,0.42033,-0.17021,-50.01278,0.17313,-0.05065,0.11634,0.02897
1752330.0,0.06622,142.9106,0.27028,-0.00055,0.16891,0.00439,-0.00967,32.10815,0.15678,-0.05024,0.11519,9e-05
1752335.0,-0.46256,-105.75669,0.2895,-0.00517,0.16932,0.21396,-0.09091,-16.24801,0.15019,-0.05065,0.11405,0.00826
1752340.0,0.03844,100.19878,0.2644,-0.00474,0.16764,0.00148,0.37711,93.6049,0.17289,-0.04637,0.11471,0.14221
1752345.0,-0.0011,-7.90695,0.23807,-0.0047,0.16596,0.0,0.08509,-58.4054,0.16411,-0.04506,0.11373,0.00724
1752350.0,-0.71756,-143.29201,0.28602,-0.01183,0.16929,0.51489,-0.16634,-50.28553,0.16433,-0.04627,0.11273,0.02767
1752355.0,0.0072,144.95178,0.25814,-0.01164,0.1676,5e-05,-0.00606,32.0566,0.1485,-0.04587,0.11162,4e-05
1752360.0,-0.61276,-123.99129,0.2936,-0.01765,0.16946,0.37547,-0.14957,-28.70198,0.14861,-0.04691,0.11061,0.02237
1752365.0,0.10188,142.92682,0.27443,-0.01645,0.16791,0.01038,0.37556,105.02527,0.1713,-0.04268,0.11126,0.14104
1752370.0,0.05659,-9.05692,0.25264,-0.01572,0.16628,0.0032,0.04628,-65.85602,0.1588,-0.04179,0.11022,0.00214
1752375.0,-0.66676,-144.66985,0.29405,-0.02223,0.16877,0.44456,-0.16497,-42.24953,0.15942,-0.04302,0.10927,0.02721
1752380.0,0.05522,144.39572,0.27017,-0.02146,0.16714,0.00305,-0.00458,32.07788,0.14393,-0.04264,0.10819,2e-05
1752385.0,-0.47277,-105.59904,0.29043,-0.02597,0.16747,0.22351,-0.08709,-16.50169,0.13825,-0.04308,0.10713,0.00758
1752390.0,0.62004,218.56187,0.32339,-0.01951,0.16988,0.38444,0.67899,153.21552,0.19232,-0.03586,0.11117,0.46103
1752395.0,0.42107,-39.79241,0.33316,-0.01511,0.17009,0.1773,0.29064,-77.66934,0.20216,-0.0326,0.1111,0.08447
1752400.0,-0.24579,-133.37279,0.32442,-0.01741,0.16891,0.06041,0.11335,-35.45773,0.19328,-0.03114,0.1102,0.01285
1752405.0,0.23604,96.36544,0.31558,-0.01488,0.16785,0.05571,0.1194,1.20922,0.18589,-0.02963,0.10932,0.01426
1752410.0,-0.50925,-149.05812,0.33495,-0.01982,0.16857,0.25934,-0.10146,-44.17128,0.17744,-0.03035,0.10827,0.01029
1752415.0,0.5896,219.7702,0.36042,-0.01373,0.17052,0.34763,0.22513,65.31666,0.18221,-0.0278,0.10783,0.05068
1752420.0,0.39311,-39.29681,0.36369,-0.00966,0.17044,0.15454,-0.04172,-53.36894,0.16816,-0.02794,0.10675,0.00174
1752425.0,-0.27274,-133.17003,0.35459,-0.01229,0.16941,0.07439,-0.22046,-35.74803,0.17339,-0.02986,0.10605,0.0486
1752430.0,0.31081,116.70969,0.35021,-0.00906,0.16874,0.0966,-0.11622,20.84782,0.16768,-0.03072,0.10506,0.01351
1752435.0,-0.34677,-131.51544,0.34987,-0.01244,0.16817,0.12025,-0.24982,-26.72023,0.17589,-0.03292,0.10448,0.06241
1752440.0,0.63819,196.99097,0.3787,-0.00593,0.17064,0.40729,0.10591,71.14627,0.16889,-0.03153,0.10363,0.01122
1752445.0,0.33713,-60.2113,0.37454,-0.0025,0.17008,0.11366,-0.28394,-77.97084,0.1804,-0.03405,0.10321,0.08062
1752450.0,-0.02999,-73.42455,0.34009,-0.00278,0.16839,0.0009,-0.28695,-0.60078,0.19105,-0.03658,0.10281,0.08234
1752455.0,0.23266,52.52977,0.32935,-0.00042,0.16725,0.05413,-0.3976,-22.13151,0.21171,-0.04019,0.10306,0.15809
1752460.0,-0.41883,-130.29747,0.33829,-0.0046,0.16729,0.17542,-0.5369,-27.85902,0.24423,-0.04516,0.10445,0.28826
1752465.0,0.57556,198.87746,0.36202,0.0012,0.16892,0.33127,-0.18479,70.42234,0.23828,-0.04655,0.10359,0.03415
1752470.0,0.08304,-98.50285,0.33412,0.00202,0.1673,0.0069,-0.62962,-88.96584,0.27742,-0.05238,0.10589,0.39642
1752475.0,-0.15922,-48.45369,0.31663,0.0004,0.16588,0.02535,-0.49391,27.14065,0.29907,-0.0568,0.10674,0.24395
1752480.0,0.21638,75.12097,0.30661,0.00256,0.16468,0.04682,-0.40681,17.42054,0.30984,-0.0603,0.10687,0.16549
1752485.0,-0.53384,-150.04399,0.32933,-0.0028,0.16585,0.28498,-0.56847,-32.3316,0.3357,-0.06538,0.10834,0.32316
1752490.0,0.47523,201.81387,0.34392,0.00198,0.16643,0.22584,-0.17281,79.13213,0.31941,-0.06646,0.10737,0.02986
1752495.0,0.09119,-76.80822,0.31865,0.00287,0.16484,0.00832,-0.48128,-61.69463,0.3356,-0.0706,0.10798,0.23163
1752500.0,-0.05385,-29.00789,0.29217,0.0023,0.16323,0.0029,-0.2599,44.27528,0.32803,-0.0725,0.10725,0.06755
1752505.0,-0.08432,-6.09476,0.27138,0.00144,0.16167,0.00711,-0.48286,-44.592,0.34351,-0.0766,0.10783,0.23316
1752510.0,-1.0,-183.13525,0.34425,-0.00858,0.16988,1.0,-0.75962,-55.35028,0.38512,-0.08343,0.11132,0.57702
1752515.0,-0.03749,192.5015,0.31357,-0.00887,0.16819,0.00141,-0.36545,78.83276,0.38316,-0.08625,0.11099,0.13356
1752520.0,-0.46401,-85.30319,0.32861,-0.01342,0.16854,0.2153,-0.71394,-69.69834,0.41624,-0.09253,0.11374,0.50972
1752525.0,-0.3495,22.90251,0.3307,-0.01678,0.16796,0.12215,-0.37654,67.48026,0.41227,-0.09537,0.11339,0.14178
1752530.0,-0.14809,40.28152,0.31244,-0.01809,0.16645,0.02193,-0.49696,-24.08437,0.42074,-0.09938,0.11384,0.24697
1752535.0,-0.76027,-122.43686,0.35722,-0.02551,0.17018,0.57801,-0.65715,-32.0377,0.44438,-0.10496,0.11575,0.43185
1752540.0,-0.01798,148.4592,0.3233,-0.02544,0.16848,0.00032,-0.43318,44.79506,0.44326,-0.10824,0.11565,0.18764
1752545.0,-0.54504,-105.41278,0.34547,-0.03063,0.16944,0.29707,-0.46218,-5.80087,0.44515,-0.11178,0.11572,0.21361
1752550.0,-0.3206,44.88772,0.34299,-0.03353,0.16857,0.10279,-0.16103,60.23137,0.41674,-0.11228,0.11459,0.02593
1752555.0,-0.21932,20.25719,0.33062,-0.03539,0.16723,0.0481,-0.36571,-40.93754,0.41164,-0.11481,0.11407,0.13375
1752560.0,-0.92272,-140.68007,0.38983,-0.04426,0.17327,0.85141,-0.5266,-32.17659,0.42313,-0.11893,0.11459,0.2773
1752565.0,-0.15911,152.72185,0.36676,-0.04541,0.17167,0.02532,-0.31446,42.42707,0.41226,-0.12088,0.11382,0.09889
1752570.0,-0.67,-102.17947,0.39708,-0.05166,0.17377,0.44891,-0.39211,-15.52906,0.41025,-0.1236,0.1134,0.15375
1752575.0,-0.23051,87.89901,0.38042,-0.05345,0.17235,0.05313,0.06687,91.79464,0.37591,-0.12169,0.11263,0.00447
1752580.0,-0.13663,18.77511,0.35605,-0.05428,0.17069,0.01867,-0.12415,-38.20269,0.35073,-0.12172,0.1115,0.01541
1752585.0,-0.64972,-102.61798,0.38541,-0.06023,0.17246,0.42214,-0.22217,-19.60528,0.33788,-0.12272,0.11048,0.04936
1752590.0,0.08776,147.49738,0.35565,-0.05875,0.17095,0.0077,-0.0417,36.09351,0.30826,-0.12191,0.10944,0.00174
1752595.0,-0.44965,-107.48331,0.36505,-0.06266,0.17074,0.20219,-0.07354,-6.36777,0.28479,-0.12143,0.10837,0.00541
1752600.0,0.46643,183.21571,0.37519,-0.05737,0.17178,0.21755,0.66711,148.13075,0.32302,-0.11354,0.11338,0.44504
1752605.0,0.38581,-16.12247,0.37625,-0.05294,0.17198,0.14885,0.34728,-63.96551,0.32545,-0.10893,0.11433,0.12061
1752610.0,-0.28489,-134.14133,0.36711,-0.05526,0.17079,0.08116,0.17164,-35.12934,0.31007,-0.10613,0.11396,0.02946
1752615.0,0.41445,139.86952,0.37185,-0.05056,0.17125,0.17177,0.34624,34.92183,0.31368,-0.1016,0.11482,0.11989
1752620.0,-0.16028,-114.9464,0.35069,-0.05166,0.16965,0.02569,0.23315,-22.61863,0.30563,-0.09826,0.11477,0.05436
1752625.0,0.72574,177.20302,0.3882,-0.04389,0.17388,0.52669,0.86537,126.44331,0.3616,-0.08862,0.12273,0.74886
1752630.0,0.61582,-21.98367,0.41096,-0.03729,0.17641,0.37923,0.52144,-68.7866,0.37759,-0.08252,0.12515,0.27189
1752635.0,0.01725,-119.71371,0.37159,-0.03674,0.17467,0.0003,0.38758,-26.77026,0.37859,-0.07782,0.12606,0.15022
1752640.0,0.7839,153.32976,0.41282,-0.02854,0.17952,0.6145,0.6001,42.50294,0.40074,-0.07104,0.12931,0.36012
1752645.0,0.06566,-143.64726,0.3781,-0.02759,0.17782,0.00431,0.3934,-41.33995,0.4,-0.06639,0.13013,0.15476
1752650.0,1.0,186.86752,0.44029,-0.01732,0.18639,1.0,1.0,121.32023,0.46,-0.05573,0.13997,1.0
1752655.0,0.70057,-59.88556,0.46632,-0.01014,0.18957,0.4908,0.60519,-78.96159,0.47452,-0.04912,0.14285,0.36626
1752660.0,0.18787,-102.53984,0.43848,-0.00816,0.18806,0.0353,0.47203,-26.63152,0.47427,-0.04391,0.14409,0.22282
1752665.0,0.54743,71.91128,0.44937,-0.0026,0.18921,0.29968,0.44073,-6.26066,0.47092,-0.03906,0.14495,0.19424
1752670.0,-0.03156,-115.79812,0.40759,-0.00289,0.18732,0.001,0.27147,-33.85199,0.45097,-0.03596,0.14444,0.0737
1752675.0,1.0,206.31223,0.46683,0.00714,0.19531,1.0,1.0,145.70575,0.50588,-0.0256,0.15352,1.0
1752680.0,0.72562,-54.87563,0.49271,0.01432,0.19841,0.52653,0.62959,-74.08172,0.51825,-0.01905,0.15619,0.39639
1752685.0,0.34022,-77.07995,0.47746,0.01758,0.19747,0.11575,0.51682,-22.55402,0.51811,-0.01369,0.15744,0.2671
1752690.0,0.62647,57.25032,0.49236,0.02367,0.19913,0.39247,0.47599,-8.16725,0.51389,-0.00879,0.15822,0.22656
1752695.0,0.11042,-103.21004,0.45417,0.02454,0.19721,0.01219,0.34006,-27.18541,0.49651,-0.0053,0.15783,0.11564
1752700.0,0.63152,104.21911,0.4719,0.03061,0.19885,0.39882,0.4616,24.3089,0.49302,-0.00063,0.15839,0.21308
1752705.0,0.32415,-61.47429,0.45713,0.03354,0.19771,0.10507,0.09853,-72.61433,0.45357,0.00036,0.1569,0.00971
1752710.0,0.19005,-26.81977,0.43042,0.03511,0.19597,0.03612,0.21416,23.1265,0.42963,0.0025,0.15578,0.04587
1752715.0,0.42132,46.25349,0.42951,0.03897,0.19547,0.17751,0.21383,-0.06727,0.40805,0.00461,0.15466,0.04572
1752720.0,-0.07527,-99.31638,0.39409,0.03783,0.19365,0.00566,0.10482,-21.80239,0.37773,0.00561,0.15321,0.01099
1752725.0,0.60639,136.33038,0.41532,0.04351,0.19488,0.3677,0.34744,48.52428,0.3747,0.00903,0.15282,0.12071
1752730.0,0.29968,-61.34202,0.40375,0.04607,0.19357,0.08981,0.02367,-64.75275,0.33959,0.00918,0.1513,0.00056
1752735.0,0.09619,-40.69707,0.373,0.04657,0.19166,0.00925,0.09868,15.00056,0.3155,0.01007,0.14986,0.00974
1752740.0,0.26654,34.06971,0.36235,0.04877,0.19022,0.07104,0.06195,-7.34527,0.29015,0.01059,0.14839,0.00384
1752745.0,-0.28599,-110.50535,0.35471,0.04543,0.18942,0.08179,-0.10836,-34.06274,0.27197,0.0094,0.14704,0.01174
1752750.0,0.34878,126.95394,0.35412,0.04846,0.18842,0.12165,0.10937,43.54629,0.25571,0.0104,0.14567,0.01196
1752755.0,-0.00179,-70.11402,0.31889,0.04796,0.18656,0.0,-0.20897,-63.66756,0.25104,0.00821,0.14469,0.04367
1752760.0,-0.10288,-20.2177,0.29729,0.04645,0.18492,0.01058,-0.06018,29.75741,0.23195,0.00752,0.14329,0.00362
1752765.0,0.23043,66.66145,0.2906,0.04829,0.1834,0.0531,0.0171,15.45625,0.21046,0.00762,0.14185,0.00029
1752770.0,-0.31968,-110.02138,0.29351,0.04461,0.1829,0.10219,-0.1485,-33.1202,0.20427,0.00606,0.14067,0.02205
1752775.0,0.32011,127.95675,0.29617,0.04736,0.18181,0.10247,0.1032,50.34037,0.19416,0.00703,0.13936,0.01065
1752780.0,-0.09892,-83.8061,0.27644,0.0459,0.1802,0.00979,-0.2345,-67.53957,0.1982,0.00461,0.13854,0.05499
1752785.0,-0.04834,10.11627,0.25363,0.04496,0.17849,0.00234,-0.01432,44.03628,0.17981,0.00442,0.13716,0.00021
1752790.0,0.06756,23.17941,0.23503,0.04518,0.17671,0.00456,-0.11571,-20.27869,0.1734,0.00322,0.13593,0.01339
1752795.0,-0.39533,-92.5773,0.25106,0.04078,0.17684,0.15629,-0.18957,-14.7721,0.17502,0.00129,0.13493,0.03594
1752800.0,0.18353,115.77135,0.2443,0.04221,0.17527,0.03368,0.01915,41.74402,0.15943,0.00147,0.13358,0.00037
1752805.0,-0.29219,-95.14418,0.24909,0.03886,0.17462,0.08538,-0.09816,-23.46155,0.1533,0.00048,0.13235,0.00964
1752810.0,-0.00741,56.95711,0.22492,0.0384,0.17289,5e-05,0.22479,64.58955,0.16045,0.00272,0.13152,0.05053
1752815.0,0.03385,8.25149,0.20582,0.03835,0.17116,0.00115,0.04878,-35.20071,0.14928,0.00318,0.13022,0.00238
1752820.0,-0.42604,-91.97837,0.22784,0.03371,0.17157,0.18151,-0.07209,-24.17543,0.14156,0.00243,0.12897,0.0052
1752825.0,0.08701,102.61069,0.21376,0.03424,0.16988,0.00757,0.04667,23.75187,0.13207,0.00287,0.1277,0.00218
1752830.0,-0.37877,-93.15575,0.23026,0.03011,0.16985,0.14347,-0.07407,-24.1467,0.12627,0.0021,0.12649,0.00549
1752835.0,0.20097,115.94787,0.22733,0.03182,0.16844,0.04039,0.44148,103.10903,0.15779,0.00649,0.12711,0.1949
1752840.0,0.1491,-10.37408,0.21951,0.033,0.16689,0.02223,0.2215,-43.99492,0.16417,0.00864,0.12629,0.04906
1752845.0,-0.32407,-94.63492,0.22996,0.02942,0.16647,0.10502,0.05201,-33.89816,0.15295,0.00908,0.12505,0.00271
1752850.0,0.10818,86.45126,0.21778,0.03021,0.16487,0.0117,0.10817,11.23095,0.14847,0.01007,0.1239,0.0117
1752855.0,-0.50319,-122.27452,0.24633,0.02488,0.16601,0.2532,-0.11778,-45.18969,0.1454,0.00879,0.12282,0.01387
1752860.0,0.23424,147.48705,0.24512,0.02697,0.16478,0.05487,0.50062,123.67998,0.18092,0.01371,0.12396,0.25062
1752865.0,0.17902,-11.044,0.23851,0.02849,0.16335,0.03205,0.24396,-51.33125,0.18723,0.01601,0.12324,0.05952
1752870.0,-0.22693,-81.19058,0.23735,0.02594,0.16236,0.0515,0.1197,-24.85215,0.18048,0.01705,0.12211,0.01433
1752875.0,0.19599,84.58317,0.23321,0.02764,0.16102,0.03841,0.19691,15.44152,0.18212,0.01885,0.12121,0.03877
1752880.0,-0.28354,-95.90538,0.23825,0.02453,0.16036,0.08039,0.0867,-22.04252,0.17258,0.01953,0.12004,0.00752
1752885.0,0.57449,171.60614,0.27187,0.03003,0.16172,0.33004,0.7228,127.22079,0.2276,0.02656,0.12369,0.52244
1752890.0,0.33893,-47.11295,0.27858,0.03312,0.16104,0.11487,0.37145,-70.26955,0.24198,0.03001,0.12362,0.13798
1752895.0,-0.08595,-84.97472,0.25931,0.03192,0.15957,0.00739,0.26076,-22.13791,0.24386,0.03231,0.1229,0.068
1752900.0,0.2504,67.27013,0.25842,0.03411,0.15844,0.0627,0.30145,8.1372,0.24962,0.03501,0.12238,0.09087
1752905.0,-0.23697,-97.47452,0.25628,0.0314,0.15757,0.05615,0.14874,-30.54275,0.23953,0.03614,0.12129,0.02212
1752910.0,0.40246,127.88569,0.2709,0.03511,0.15735,0.16197,0.33887,38.02731,0.24947,0.03917,0.12097,0.11483
1752915.0,0.18447,-43.59853,0.26225,0.0366,0.15599,0.03403,0.05631,-56.51302,0.23015,0.03934,0.11977,0.00317
1752920.0,-0.36846,-110.58453,0.27287,0.03255,0.15604,0.13576,-0.09036,-29.33292,0.21617,0.03805,0.11873,0.00816
1752925.0,-0.00085,73.52042,0.24567,0.03222,0.15449,0.0,-0.04139,9.79377,0.19869,0.03725,0.11761,0.00171
1752930.0,-0.53382,-106.59372,0.27449,0.02656,0.15609,0.28497,-0.17745,-27.21298,0.19657,0.0351,0.11688,0.03149
1752935.0,0.21145,149.05492,0.26818,0.02841,0.15486,0.04471,0.12693,60.87605,0.1896,0.03602,0.1158,0.01611
1752940.0,-0.05755,-53.79945,0.24712,0.02755,0.15338,0.00331,-0.153,-55.98612,0.18594,0.03413,0.11499,0.02341
1752945.0,-0.22556,-33.60389,0.24496,0.02502,0.15248,0.05088,-0.06031,18.53829,0.17338,0.03319,0.11393,0.00364
1752950.0,-0.01581,41.95132,0.22205,0.02461,0.15097,0.00025,-0.11264,-10.46459,0.16731,0.03173,0.113,0.01269
1752955.0,-0.47595,-92.02917,0.24744,0.0196,0.15192,0.22653,-0.22103,-21.6798,0.17268,0.0292,0.11249,0.04886
1752960.0,0.26532,148.25476,0.24923,0.02206,0.15099,0.07039,0.08921,62.04819,0.16433,0.0298,0.1114,0.00796
1752965.0,-0.00963,-54.99075,0.22527,0.02174,0.14949,9e-05,-0.18684,-55.20939,0.16658,0.02763,0.11075,0.03491
1752970.0,-0.11081,-20.2344,0.21382,0.02042,0.14817,0.01228,-0.04048,29.27217,0.15397,0.02695,0.10969,0.00164
1752975.0,0.0873,39.62148,0.20117,0.02109,0.14673,0.00762,-0.06524,-4.95263,0.1451,0.02603,0.10867,0.00426
1752980.0,-0.38495,-94.45054,0.21955,0.01703,0.14688,0.14819,-0.14926,-16.80303,0.14552,0.02428,0.10789,0.02228
1752985.0,0.27619,132.22855,0.22521,0.01962,0.14607,0.07628,0.07545,44.94221,0.13851,0.02479,0.10683,0.00569
1752990.0,-0.14475,-84.18864,0.21717,0.01797,0.14487,0.02095,-0.29822,-74.73544,0.15448,0.02156,0.10679,0.08894
1752995.0,-0.08683,11.58494,0.20413,0.01693,0.14353,0.00754,-0.04011,51.62364,0.14304,0.02094,0.10576,0.00161
1753000.0,0.1094,39.24475,0.19466,0.01785,0.14218,0.01197,-0.0645,-4.87951,0.13519,0.02009,0.10477,0.00416
1753005.0,-0.36618,-95.11557,0.21181,0.01401,0.1422,0.13409,-0.17783,-22.66519,0.13945,0.01811,0.10411,0.03162
1753010.0,0.22237,117.71096,0.21287,0.01609,0.14121,0.04945,0.0015,35.86621,0.12566,0.01794,0.10307,0.0
1753015.0,-0.19344,-83.16293,0.21092,0.014,0.14022,0.03742,-0.03989,-8.27749,0.11708,0.01737,0.10207,0.00159
1753020.0,-0.12981,12.72582,0.20281,0.01256,0.13902,0.01685,0.16155,40.28757,0.12153,0.01881,0.10125,0.0261
1753025.0,-0.00052,25.8587,0.18258,0.01243,0.13764,0.0,0.03619,-25.07321,0.11299,0.01898,0.10025,0.00131
1753030.0,-0.53732,-107.3595,0.21806,0.00693,0.13922,0.28871,-0.13796,-34.82964,0.11549,0.01741,0.09948,0.01903
1753035.0,-0.00067,107.32977,0.19632,0.00686,0.13783,0.0,-0.01222,25.14884,0.10516,0.01712,0.0985,0.00015
1753040.0,-0.39239,-78.34429,0.21593,0.00286,0.13801,0.15397,-0.05223,-8.00174,0.09987,0.01642,0.09756,0.00273
1753045.0,-0.16086,46.30493,0.21042,0.00123,0.1369,0.02588,0.22082,54.60919,0.11196,0.01847,0.09699,0.04876
1753050.0,-0.02682,26.80894,0.19206,0.00095,0.13553,0.00072,0.05908,-32.34753,0.10668,0.01887,0.09604,0.00349
1753055.0,-0.34307,-63.25054,0.20716,-0.00249,0.13534,0.1177,0.03115,-5.58733,0.09912,0.019,0.09508,0.00097
1753060.0,0.17461,103.53723,0.20391,-0.00072,0.13429,0.03049,0.16821,27.41235,0.10603,0.02049,0.09435,0.02829
1753065.0,-0.01823,-38.56926,0.18534,-0.0009,0.13295,0.00033,0.22777,11.91332,0.11821,0.02256,0.09383,0.05188
1753070.0,0.24627,52.90104,0.19143,0.00157,0.13222,0.06065,0.52019,58.48379,0.1584,0.02754,0.09531,0.2706
1753075.0,0.19081,-11.09183,0.19137,0.00347,0.13125,0.03641,0.28431,-47.1757,0.171,0.0301,0.09501,0.08083
1753080.0,-0.29575,-97.31358,0.20181,0.00047,0.13082,0.08747,0.16062,-24.7387,0.16996,0.03141,0.09422,0.0258
1753085.0,0.07199,73.54811,0.18883,0.00119,0.12956,0.00518,0.15314,-1.49671,0.16828,0.03263,0.09343,0.02345
1753090.0,-0.32903,-80.2033,0.20285,-0.00211,0.12933,0.10826,0.06346,-17.93596,0.15779,0.03294,0.0925,0.00403
1753095.0,0.18877,103.56088,0.20144,-0.0002,0.1284,0.03564,0.52312,91.93274,0.19433,0.03784,0.09393,0.27366
1753100.0,0.21262,4.7671,0.20256,0.00192,0.12756,0.04521,0.33525,-37.55166,0.20842,0.04081,0.09386,0.11239
1753105.0,-0.27732,-97.9896,0.21003,-0.00087,0.12704,0.07691,0.14501,-38.04864,0.20208,0.04185,0.09303,0.02103
1753110.0,0.16243,87.95058,0.20527,0.00076,0.12604,0.02638,0.18803,8.60517,0.20067,0.04331,0.09231,0.03536
1753115.0,-0.24935,-82.35507,0.20968,-0.00174,0.12539,0.06217,0.09312,-18.98193,0.18992,0.04381,0.09141,0.00867
1753120.0,0.4072,131.31004,0.22943,0.00235,0.12577,0.16581,0.64956,111.28811,0.23588,0.04987,0.09409,0.42193
1753125.0,0.33405,-14.63062,0.2399,0.00567,0.12559,0.11159,0.36631,-56.65012,0.24893,0.05303,0.09413,0.13419
1753130.0,-0.09744,-86.29791,0.22565,0.00464,0.12444,0.00949,0.22097,-29.06789,0.24613,0.05471,0.09347,0.04883
1753135.0,0.39648,98.78345,0.24273,0.00856,0.1247,0.1572,0.33438,22.68182,0.25496,0.05751,0.0933,0.11181
1753140.0,-0.189,-117.09538,0.23736,0.00658,0.12384,0.03572,0.12141,-42.59398,0.2416,0.05815,0.09241,0.01474
1753145.0,0.60832,159.463,0.27445,0.0126,0.12615,0.37005,0.71508,118.73414,0.28895,0.06472,0.09571,0.51134
1753150.0,0.43887,-33.8883,0.2909,0.01686,0.12667,0.19261,0.37222,-68.57275,0.29728,0.06779,0.09568,0.13855
1753155.0,-0.00614,-89.00287,0.26242,0.01663,0.12541,4e-05,0.22421,-29.60225,0.28997,0.06936,0.09496,0.05027
1753160.0,0.25761,52.75013,0.26194,0.01904,0.12472,0.06636,0.18507,-7.8286,0.27948,0.07052,0.09415,0.03425
1753165.0,-0.31526,-114.57435,0.26727,0.0157,0.12457,0.09939,-0.01376,-39.76544,0.25291,0.06967,0.09327,0.00019
1753170.0,0.71716,206.48361,0.31226,0.02271,0.12815,0.51432,0.4159,85.93161,0.26921,0.07313,0.09352,0.17297
1753175.0,0.46103,-51.22495,0.32714,0.0271,0.12875,0.21255,0.11329,-60.52166,0.25361,0.07354,0.0926,0.01283
1753180.0,0.08506,-75.19556,0.30293,0.02768,0.12749,0.00723,0.07255,-8.14669,0.23551,0.07353,0.09167,0.00526
1753185.0,0.26477,35.94259,0.29911,0.03005,0.12677,0.0701,-0.00133,-14.77684,0.21209,0.07278,0.09081,0.0
1753190.0,-0.23783,-100.52038,0.29299,0.02737,0.1262,0.05656,-0.13054,-25.84249,0.20394,0.07074,0.09031,0.01704
1753195.0,0.5664,160.84589,0.32033,0.03276,0.12779,0.3208,0.19112,64.33306,0.20265,0.07195,0.08954,0.03653
1753200.0,0.25135,-63.00932,0.31343,0.03494,0.12698,0.06318,-0.10838,-59.90044,0.19323,0.07015,0.08897,0.01175
1753205.0,-0.02988,-56.24518,0.28507,0.0343,0.12575,0.00089,-0.07466,6.74485,0.18137,0.0687,0.08828,0.00557
1753210.0,0.23574,53.12423,0.28014,0.03631,0.12489,0.05558,-0.08209,-1.48734,0.17144,0.06719,0.08762,0.00674
1753215.0,-0.33949,-115.04648,0.28608,0.03255,0.12503,0.11525,-0.22308,-28.19806,0.17661,0.06429,0.08757,0.04977
1753220.0,0.40319,148.53612,0.29779,0.03626,0.12512,0.16256,0.08925,62.46632,0.16787,0.06454,0.0867,0.00797
1753225.0,0.1047,-59.69753,0.27848,0.03694,0.12392,0.01096,-0.22963,-63.77593,0.17405,0.06159,0.08668,0.05273
1753230.0,-0.16161,-53.2634,0.26679,0.03496,0.12307,0.02612,-0.21231,3.46308,0.17787,0.05886,0.08655,0.04508
1753235.0,0.11872,56.06688,0.25199,0.03579,0.1219,0.01409,-0.17403,7.65756,0.17749,0.05653,0.08622,0.03029
1753240.0,-0.44531,-112.80672,0.27132,0.03098,0.12295,0.1983,-0.33484,-32.16267,0.19322,0.05261,0.08686,0.11212
1753245.0,0.23657,136.3764,0.26784,0.03304,0.12214,0.05597,-0.08968,49.0318,0.18287,0.05119,0.08619,0.00804
1753250.0,-0.11839,-70.99189,0.2529,0.03153,0.12114,0.01402,-0.43958,-69.98066,0.20854,0.04628,0.08769,0.19323
1753255.0,-0.28665,-33.65236,0.25627,0.02834,0.12092,0.08217,-0.31728,24.46105,0.21941,0.04265,0.08811,0.10067
1753260.0,0.08255,73.841,0.2389,0.02889,0.11974,0.00682,-0.21544,20.36797,0.21902,0.04007,0.08788,0.04641
1753265.0,-0.4784,-112.19092,0.26285,0.02381,0.12107,0.22887,-0.37081,-31.07342,0.2342,0.03596,0.08865,0.1375
1753270.0,0.20923,137.52512,0.25749,0.02567,0.12019,0.04378,-0.11979,50.20368,0.22276,0.0344,0.088,0.01435
1753275.0,-0.21725,-85.29561,0.25346,0.02324,0.11957,0.0472,-0.48641,-73.32517,0.24912,0.02919,0.08978,0.2366
1753280.0,-0.22596,-1.74168,0.25071,0.02075,0.11898,0.05106,-0.25559,46.16411,0.24977,0.02634,0.08968,0.06533
1753285.0,-0.08486,28.2209,0.23413,0.01969,0.1179,0.0072,-0.34183,-17.24637,0.25897,0.02266,0.09011,0.11684
1753290.0,-0.55386,-93.80017,0.2661,0.01395,0.11995,0.30676,-0.43143,-17.92095,0.27622,0.01812,0.09123,0.18613
1753295.0,0.14442,139.6557,0.25393,0.01526,0.11891,0.02086,-0.14132,58.02205,0.26273,0.01653,0.09057,0.01997
1753300.0,-0.20066,-69.01547,0.24861,0.0131,0.11818,0.04026,-0.45393,-62.52277,0.28185,0.01182,0.09183,0.20606
1753305.0,-0.13585,12.96152,0.23733,0.01161,0.11722,0.01845,-0.20395,49.99582,0.27406,0.00966,0.09137,0.0416
1753310.0,-0.07792,11.58613,0.22139,0.01072,0.11612,0.00607,-0.34552,-28.31326,0.28121,0.00611,0.09169,0.11938
1753315.0,-0.54804,-94.0249,0.25405,0.00513,0.11802,0.30035,-0.40306,-11.50712,0.29339,0.00202,0.09242,0.16245
1753320.0,0.15202,140.01291,0.24385,0.0066,0.11705,0.02311,-0.11387,57.83826,0.27544,0.00086,0.09162,0.01297
1753325.0,-0.26852,-84.10829,0.24632,0.00385,0.11663,0.0721,-0.17546,-12.31979,0.26544,-0.0009,0.09101,0.03079
1753330.0,-0.19536,14.63279,0.24122,0.00185,0.11585,0.03816,0.01558,38.20899,0.24046,-0.00074,0.0901,0.00024
1753335.0,-0.27932,-16.79266,0.24503,-0.00096,0.11546,0.07802,-0.22103,-47.32142,0.23851,-0.00294,0.08968,0.04885
1753340.0,-0.72764,-89.66345,0.29329,-0.00823,0.11949,0.52945,-0.3219,-20.17389,0.24685,-0.00613,0.08978,0.10362
1753345.0,-0.00515,144.49747,0.26448,-0.00819,0.11829,3e-05,-0.07058,50.26301,0.22922,-0.00677,0.08892,0.00498
1753350.0,-0.40816,-80.60174,0.27885,-0.01219,0.11868,0.16659,-0.13628,-13.14061,0.21993,-0.00807,0.0882,0.01857
1753355.0,-0.1684,47.95135,0.2678,-0.01376,0.11773,0.02836,0.15418,58.09185,0.21335,-0.00645,0.08757,0.02377
1753360.0,-0.10418,12.84401,0.25144,-0.01466,0.11663,0.01085,0.00508,-29.81853,0.19253,-0.00633,0.0867,3e-05
1753365.0,-0.72114,-123.39193,0.29841,-0.02173,0.12036,0.52004,-0.25343,-51.70254,0.19862,-0.0088,0.08643,0.06423
1753370.0,-0.14626,114.97555,0.28319,-0.02297,0.1193,0.02139,-0.11136,28.41461,0.18989,-0.00983,0.08567,0.0124
1753375.0,-0.53341,-77.42983,0.30822,-0.02807,0.12067,0.28453,-0.14188,-6.10487,0.18509,-0.01115,0.08498,0.02013
1753380.0,-0.20285,66.1115,0.29768,-0.02982,0.11976,0.04115,0.2016,68.69653,0.18674,-0.00902,0.08458,0.04064
1753385.0,-0.05799,28.97234,0.27371,-0.0301,0.11857,0.00336,0.06811,-26.69833,0.17488,-0.00825,0.08379,0.00464
1753390.0,-0.52965,-94.33104,0.2993,-0.0351,0.11983,0.28053,-0.06416,-26.45376,0.16381,-0.00881,0.08298,0.00412
1753395.0,-0.12315,81.30032,0.28169,-0.03598,0.11871,0.01516,-0.04521,3.79038,0.15195,-0.00917,0.08217,0.00204
1753400.0,-0.43718,-62.80611,0.29724,-0.03999,0.1191,0.19112,-0.06223,-3.40446,0.14297,-0.0097,0.08137,0.00387
1753405.0,-0.11503,64.42932,0.27902,-0.04074,0.11796,0.01323,0.24264,60.9747,0.15294,-0.00718,0.08118,0.05888
1753410.0,-0.12866,-2.7258,0.26398,-0.04162,0.11686,0.01655,0.00122,-48.28559,0.13777,-0.0071,0.08037,0.0
1753415.0,-0.5925,-92.76907,0.29683,-0.04713,0.11866,0.35106,-0.12418,-25.07899,0.13641,-0.00827,0.0797,0.01542
1753420.0,0.04911,128.32297,0.27206,-0.04617,0.11757,0.00241,0.08679,42.19327,0.13145,-0.00732,0.07899,0.00753
1753425.0,-0.20784,-51.38916,0.26564,-0.04778,0.11665,0.0432,0.10685,4.01178,0.12899,-0.00617,0.07833,0.01142
1753430.0,0.46817,135.20207,0.28589,-0.04263,0.11809,0.21919,0.65197,109.02527,0.18129,0.00041,0.08179,0.42507
1753435.0,0.39159,-15.3177,0.29646,-0.03828,0.11876,0.15334,0.36485,-57.42384,0.19964,0.00405,0.08228,0.13312
1753440.0,-0.13004,-104.32447,0.27982,-0.0392,0.11765,0.01691,0.19858,-33.2543,0.19954,0.006,0.08183,0.03943
1753445.0,0.38672,103.35203,0.29051,-0.03494,0.11825,0.14956,0.29108,18.50003,0.20869,0.00885,0.0818,0.08473
1753450.0,-0.13511,-104.36602,0.27497,-0.03594,0.11717,0.01825,0.13221,-31.77524,0.20104,0.01008,0.08113,0.01748
1753455.0,0.53366,133.75371,0.30084,-0.03025,0.11918,0.2848,0.67433,108.42509,0.24837,0.01672,0.08465,0.45472
1753460.0,0.37321,-32.09052,0.30808,-0.02621,0.11958,0.13929,0.36164,-62.53757,0.2597,0.02017,0.08497,0.13079
1753465.0,-0.07297,-89.23524,0.28456,-0.02668,0.11841,0.00532,0.21469,-29.39034,0.2552,0.02212,0.08449,0.04609
1753470.0,0.51349,117.29079,0.30746,-0.02128,0.12008,0.26367,0.3559,28.24097,0.26527,0.02546,0.08474,0.12666
1753475.0,-0.02452,-107.60133,0.27916,-0.02131,0.11888,0.0006,0.18792,-33.59471,0.25753,0.02708,0.08415,0.03532
1753480.0,0.78415,161.73291,0.32966,-0.01326,0.12405,0.61488,0.82738,127.89217,0.31452,0.03508,0.08958,0.68456
1753485.0,0.44301,-68.22707,0.341,-0.00869,0.12485,0.19626,0.3917,-87.13763,0.32224,0.03865,0.08993,0.15343
1753490.0,-0.0134,-91.28235,0.30824,-0.00874,0.1236,0.00018,0.23923,-30.49298,0.31394,0.04066,0.08943,0.05723
1753495.0,0.33861,70.40258,0.31127,-0.00527,0.12355,0.11466,0.25123,2.39953,0.30767,0.04276,0.08897,0.06312
1753500.0,-0.48693,-165.10823,0.32884,-0.01008,0.12459,0.2371,-0.08463,-67.17138,0.28536,0.04149,0.08824,0.00716
1753505.0,0.52485,202.35539,0.34844,-0.00473,0.12615,0.27546,0.3166,80.24514,0.28849,0.04424,0.0881,0.10023
1753510.0,0.36245,-32.47894,0.34984,-0.00106,0.12621,0.13137,0.03847,-55.62627,0.26348,0.04418,0.08722,0.00148
1753515.0,-0.08696,-89.88322,0.32355,-0.00192,0.12502,0.00756,-0.04566,-16.8254,0.2417,0.04328,0.08642,0.00208
1753520.0,0.19716,56.82478,0.31091,7e-05,0.12415,0.03887,-0.02419,4.29341,0.21995,0.04261,0.0856,0.00059
1753525.0,-0.61551,-162.53441,0.34137,-0.00609,0.12663,0.37885,-0.36217,-67.59499,0.23417,0.03856,0.08635,0.13117
1753530.0,0.2599,175.08142,0.33323,-0.00343,0.12605,0.06755,-0.00301,71.83245,0.21106,0.03814,0.08551,1e-05
1753535.0,-0.02654,-57.28724,0.30256,-0.00366,0.1248,0.0007,-0.31994,-63.38598,0.22194,0.03456,0.08591,0.10236
1753540.0,-0.35823,-66.33861,0.30813,-0.0072,0.12478,0.12833,-0.31239,1.50989,0.23099,0.03109,0.08623,0.09759
1753545.0,-0.27229,17.18871,0.30454,-0.00985,0.12422,0.07414,-0.44872,-27.26633,0.25276,0.0263,0.08762,0.20135
1753550.0,-0.72966,-91.47383,0.34705,-0.01705,0.12806,0.5324,-0.53097,-16.45065,0.28058,0.02072,0.08979,0.28193
1753555.0,0.08493,162.91797,0.32084,-0.01603,0.12688,0.00721,-0.1722,71.75366,0.26974,0.01879,0.08926,0.02965
1753560.0,-0.18185,-53.35638,0.30694,-0.01769,0.12588,0.03307,-0.43861,-53.28065,0.28663,0.01422,0.09042,0.19238
1753565.0,-0.41962,-47.55358,0.31821,-0.02171,0.12621,0.17608,-0.364,14.92208,0.29437,0.01044,0.09091,0.13249
1753570.0,-0.32537,18.84945,0.31893,-0.02475,0.12585,0.10587,-0.462,-19.6006,0.31113,0.00571,0.09219,0.21344
1753575.0,-0.77663,-90.25056,0.3647,-0.03227,0.13013,0.60315,-0.50996,-9.59141,0.33101,0.00056,0.09388,0.26006
1753580.0,-0.03003,149.31844,0.33123,-0.03224,0.12883,0.0009,-0.20318,61.3544,0.31823,-0.00148,0.09334,0.04128
1753585.0,-0.43643,-81.28023,0.34175,-0.03629,0.12914,0.19047,-0.60109,-79.58031,0.34652,-0.00748,0.09594,0.3613
1753590.0,-0.41533,4.22124,0.34911,-0.04008,0.12926,0.1725,-0.38048,44.12043,0.34991,-0.01121,0.09634,0.14477
1753595.0,-0.24277,34.51157,0.33847,-0.0421,0.12837,0.05894,-0.42239,-8.38061,0.35716,-0.01532,0.09703,0.17841
1753600.0,-0.77901,-107.24863,0.38253,-0.04947,0.13241,0.60686,-0.52529,-20.5811,0.37397,-0.02042,0.09861,0.27593
1753605.0,-0.10534,134.73363,0.35481,-0.05003,0.13111,0.0111,-0.26664,51.73103,0.36324,-0.02288,0.09822,0.0711
1753610.0,-0.5794,-94.81061,0.37727,-0.05532,0.13255,0.3357,-0.33323,-13.31803,0.36024,-0.02598,0.09818,0.11104
1753615.0,-0.38706,38.46681,0.37825,-0.05864,0.1323,0.14982,-0.03418,59.80941,0.32763,-0.02607,0.0972,0.00117
1753620.0,-0.06143,65.12615,0.34657,-0.05867,0.13098,0.00377,-0.00705,5.42597,0.29557,-0.02588,0.09623,5e-05
1753625.0,-0.46305,-80.32365,0.35822,-0.06271,0.13127,0.21442,-0.0803,-14.65089,0.27405,-0.02642,0.0953,0.00645
1753630.0,0.10245,113.10106,0.33264,-0.06106,0.13023,0.0105,0.04721,25.503,0.25136,-0.02568,0.0944,0.00223
1753635.0,-0.39398,-99.28707,0.33877,-0.06439,0.13001,0.15522,-0.08468,-26.37763,0.2347,-0.02627,0.09349,0.00717
1753640.0,0.08782,96.3596,0.31368,-0.06287,0.12894,0.00771,0.36771,90.47854,0.248,-0.02233,0.09408,0.13521
1753645.0,0.13217,8.87147,0.29553,-0.06092,0.12802,0.01747,0.16133,-41.27686,0.23933,-0.0205,0.09347,0.02603
1753650.0,-0.29095,-84.62428,0.29507,-0.06322,0.12726,0.08465,0.03775,-24.71535,0.21917,-0.01991,0.09256,0.00143
1753655.0,0.25753,109.69503,0.29132,-0.06001,0.127,0.06632,0.18368,29.18596,0.21562,-0.01788,0.09204,0.03374
1753660.0,-0.33392,-118.28926,0.29558,-0.06275,0.12646,0.1115,-0.01684,-40.10487,0.19575,-0.01787,0.09112,0.00028
1753665.0,0.60586,187.95563,0.3266,-0.05606,0.12958,0.36707,0.71425,146.21747,0.2476,-0.01055,0.09547,0.51015
1753670.0,0.43925,-33.32216,0.33787,-0.05111,0.13069,0.19294,0.36297,-70.25546,0.25913,-0.00681,0.09588,0.13175
1753675.0,-0.0962,-107.08876,0.3137,-0.05156,0.1294,0.00925,0.19456,-33.68179,0.25268,-0.0048,0.09532,0.03785
1753680.0,0.27691,74.62119,0.31002,-0.04828,0.12916,0.07668,0.21652,4.39241,0.24906,-0.00258,0.09484,0.04688
1753685.0,-0.31894,-119.17048,0.31091,-0.05098,0.12859,0.10172,0.01051,-41.20345,0.2252,-0.00245,0.0939,0.00011
1753690.0,0.54316,172.42087,0.33414,-0.04504,0.13076,0.29503,0.33866,65.63107,0.23655,0.00096,0.0941,0.11469
1753695.0,0.30482,-47.66823,0.33121,-0.04154,0.13066,0.09292,0.0365,-60.43301,0.21654,0.00131,0.09317,0.00133
1753700.0,-0.21796,-104.55617,0.31988,-0.04331,0.12965,0.04751,-0.09759,-26.81625,0.20465,0.00032,0.09233,0.00952
1753705.0,0.09117,61.82538,0.29701,-0.04196,0.12853,0.00831,-0.09739,0.03948,0.19392,-0.00065,0.0915,0.00948
1753710.0,-0.48634,-115.50157,0.31594,-0.04641,0.12918,0.23653,-0.26997,-34.51654,0.20153,-0.00335,0.0913,0.07288
1753715.0,0.47337,191.9417,0.33169,-0.04121,0.13054,0.22408,0.17432,88.85771,0.19881,-0.00157,0.0907,0.03039
1753720.0,0.16436,-61.80257,0.31495,-0.03915,0.12965,0.02701,-0.13191,-61.24517,0.19212,-0.00287,0.08996,0.0174
1753725.0,-0.03373,-39.61764,0.28683,-0.0391,0.12835,0.00114,-0.03488,19.40579,0.17639,-0.00319,0.08907,0.00122
1753730.0,0.17819,42.38433,0.27597,-0.03693,0.12753,0.03175,-0.06267,-5.55758,0.16502,-0.00379,0.08821,0.00393
1753735.0,-0.56599,-148.83542,0.30497,-0.04222,0.129,0.32034,-0.3139,-50.24712,0.17991,-0.00689,0.08827,0.09854
1753740.0,0.24884,162.96576,0.29936,-0.03931,0.12854,0.06192,0.03004,68.78776,0.16492,-0.00652,0.0874,0.0009
1753745.0,-0.19209,-88.18668,0.28863,-0.04083,0.12748,0.0369,-0.36731,-79.46912,0.18516,-0.01013,0.0878,0.13492
1753750.0,-0.19584,-0.7488,0.27935,-0.04238,0.12644,0.03835,-0.1689,39.68158,0.18353,-0.01172,0.08717,0.02853
1753755.0,0.03473,46.1135,0.25489,-0.04161,0.12524,0.00121,-0.18134,-2.48747,0.18331,-0.01341,0.08658,0.03288
1753760.0,-0.46117,-99.18092,0.27552,-0.04581,0.12571,0.21268,-0.25923,-15.57735,0.19091,-0.01587,0.08631,0.0672
1753765.0,0.18876,129.98662,0.26684,-0.04346,0.12499,0.03563,-0.02629,46.58755,0.17444,-0.01597,0.08545,0.00069
1753770.0,-0.24606,-86.96411,0.26476,-0.04549,0.12415,0.06055,-0.09922,-14.58642,0.16692,-0.01681,0.08466,0.00984
1753775.0,-0.00914,47.38509,0.2392,-0.04513,0.12292,8e-05,0.23157,66.15733,0.17339,-0.01432,0.08442,0.05362
1753780.0,0.04598,11.02314,0.21988,-0.04421,0.12177,0.00211,0.06897,-32.52006,0.16294,-0.01349,0.08364,0.00476
1753785.0,-0.4519,-99.57507,0.24308,-0.04829,0.12218,0.20421,-0.06813,-27.41856,0.15346,-0.01404,0.08284,0.00464
1753790.0,0.12082,114.54382,0.23085,-0.0466,0.12124,0.0146,0.05905,25.4358,0.14402,-0.01331,0.08206,0.00349
1753795.0,-0.38534,-101.23283,0.2463,-0.04999,0.12115,0.14849,-0.07708,-27.22702,0.13733,-0.01394,0.08128,0.00594
1753800.0,0.57223,191.51509,0.2789,-0.04377,0.12373,0.32745,0.67027,149.47108,0.19062,-0.0071,0.08505,0.44927
1753805.0,0.40788,-32.87159,0.29179,-0.03925,0.1245,0.16636,0.3199,-70.07546,0.20355,-0.00383,0.08525,0.10233
1753810.0,-0.05245,-92.06445,0.26786,-0.03938,0.12325,0.00275,0.17601,-28.77703,0.2008,-0.00203,0.08472,0.03098
1753815.0,0.32081,74.65025,0.27315,-0.03578,0.12329,0.10292,0.20049,4.89551,0.20076,-1e-05,0.08427,0.0402
1753820.0,-0.20916,-105.99409,0.26676,-0.03751,0.12235,0.04375,0.04738,-30.62195,0.18543,0.00047,0.08345,0.00224
1753825.0,0.65208,172.24936,0.30529,-0.03062,0.12579,0.42521,0.3759,65.7052,0.20447,0.00422,0.084,0.1413
1753830.0,0.39919,-50.5793,0.31468,-0.02632,0.12634,0.15935,0.03394,-68.39349,0.18742,0.00452,0.08317,0.00115
1753835.0,0.01619,-76.59985,0.28483,-0.02589,0.1251,0.00026,0.00579,-5.62854,0.16926,0.00453,0.08233,3e-05
1753840.0,0.30316,57.39372,0.28666,-0.0226,0.12491,0.0919,0.02644,4.13001,0.15498,0.00475,0.08152,0.0007
1753845.0,-0.46314,-153.25902,0.30431,-0.02701,0.12556,0.2145,-0.27006,-59.30083,0.16648,0.002,0.08144,0.07293
1753850.0,0.11226,115.08072,0.2851,-0.02562,0.1245,0.0126,-0.12182,29.64805,0.16202,0.00076,0.08078,0.01484
1753855.0,-0.24024,-70.50012,0.28062,-0.02776,0.1237,0.05771,-0.45374,-66.38415,0.19119,-0.00378,0.08199,0.20588
1753860.0,-0.47567,-47.08732,0.30012,-0.03224,0.12443,0.22627,-0.37428,15.8915,0.2095,-0.00749,0.08252,0.14009
1753865.0,-0.21259,52.61608,0.29137,-0.03404,0.12351,0.0452,-0.39719,-4.58173,0.22827,-0.01138,0.08318,0.15776
1753870.0,-0.76584,-110.64891,0.33882,-0.04136,0.12752,0.58651,-0.53891,-28.34259,0.25933,-0.01666,0.08508,0.29042
1753875.0,0.08186,169.54048,0.31312,-0.04013,0.12639,0.0067,-0.16518,74.74566,0.24992,-0.01814,0.08444,0.02728
1753880.0,-0.26658,-69.68829,0.30847,-0.04239,0.12563,0.07106,-0.49133,-65.23,0.27406,-0.02288,0.08579,0.2414
1753885.0,-0.02461,48.39325,0.28008,-0.04222,0.12438,0.00061,-0.08151,81.96375,0.2548,-0.02346,0.08497,0.00664
1753890.0,0.03329,11.57971,0.2554,-0.04146,0.12319,0.00111,-0.24281,-32.2613,0.2536,-0.02566,0.08459,0.05896
1753895.0,-0.38914,-84.48563,0.26878,-0.04494,0.12314,0.15143,-0.29205,-9.84623,0.25745,-0.02832,0.08444,0.08529
1753900.0,0.26206,130.23909,0.2681,-0.04187,0.12284,0.06867,-0.05129,48.15099,0.23683,-0.02855,0.0836,0.00263
1753905.0,-0.1855,-89.51098,0.25984,-0.04331,0.12181,0.03441,-0.12104,-13.95023,0.22525,-0.02947,0.08285,0.01465
1753910.0,0.28587,94.27454,0.26245,-0.04001,0.12165,0.08172,0.31595,87.39838,0.23432,-0.02602,0.08319,0.09982
1753915.0,0.23103,-10.96825,0.25931,-0.0373,0.12116,0.05338,0.05726,-51.73783,0.21662,-0.02519,0.08243,0.00328
1753920.0,-0.29332,-104.87041,0.26271,-0.03986,0.12059,0.08604,-0.07887,-27.22683,0.20284,-0.02572,0.08163,0.00622
1753925.0,0.19021,96.70635,0.25546,-0.03756,0.1199,0.03618,-0.00169,15.43596,0.18273,-0.02548,0.08082,0.0
1753930.0,-0.25082,-88.20641,0.25499,-0.03969,0.11915,0.06291,-0.07719,-15.09934,0.17217,-0.026,0.08004,0.00596
1753935.0,0.70455,191.07333,0.29995,-0.03225,0.12339,0.49639,0.68175,151.78749,0.22313,-0.01892,0.08415,0.46478
1753940.0,0.60362,-20.18582,0.33032,-0.02589,0.12611,0.36435,0.41458,-53.43254,0.24228,-0.01459,0.08515,0.17188
1753945.0,0.11602,-97.51962,0.30889,-0.02447,0.12505,0.01346,0.26037,-30.84298,0.24409,-0.01184,0.08504,0.06779
1753950.0,0.396,55.99598,0.3176,-0.02027,0.12553,0.15682,0.19084,-13.90643,0.23876,-0.00981,0.08459,0.03642
1753955.0,-0.14948,-109.09518,0.30079,-0.02156,0.12444,0.02234,0.03835,-30.4967,0.21872,-0.00933,0.08377,0.00147
1753960.0,0.71602,173.09862,0.34231,-0.01419,0.12853,0.51268,0.37377,67.08379,0.23423,-0.0055,0.08437,0.13971
1753965.0,0.45297,-52.60867,0.35337,-0.00951,0.12938,0.20518,0.02933,-68.88924,0.21374,-0.00515,0.08353,0.00086
1753970.0,0.05874,-78.84717,0.32391,-0.00883,0.12813,0.00345,-0.02973,-11.81155,0.19534,-0.0054,0.08271,0.00088
1753975.0,0.34419,57.0904,0.32594,-0.0053,0.12807,0.11847,-0.00351,5.24421,0.17615,-0.00538,0.08188,1e-05
1753980.0,-0.27803,-124.44324,0.32115,-0.00803,0.12752,0.0773,-0.19019,-37.33548,0.17756,-0.00723,0.08139,0.03617
1753985.0,0.52253,160.11166,0.34129,-0.00272,0.12901,0.27304,0.11612,61.26199,0.17141,-0.00599,0.08073,0.01348
1753990.0,0.19917,-64.6726,0.32707,-0.0007,0.12812,0.03967,-0.25565,-74.35437,0.17984,-0.00849,0.08053,0.06536
1753995.0,-0.08943,-57.71888,0.30331,-0.00159,0.12691,0.008,-0.19635,11.8589,0.18149,-0.01037,0.08007,0.03856
1754000.0,0.1323,44.34603,0.28621,-0.00025,0.12582,0.0175,-0.20612,-1.95361,0.18395,-0.01233,0.07965,0.04249
1754005.0,-0.38898,-104.25709,0.29649,-0.00414,0.12604,0.15131,-0.31585,-21.94463,0.19714,-0.01536,0.07975,0.09976
1754010.0,0.34525,146.84697,0.30136,-0.00065,0.12598,0.1192,-0.04904,53.36082,0.18233,-0.0157,0.07897,0.00241
1754015.0,-0.03969,-76.98944,0.2752,-0.00104,0.12473,0.00158,-0.39227,-68.64579,0.20333,-0.01946,0.07957,0.15388
1754020.0,0.01701,11.34132,0.24938,-0.00086,0.12349,0.00029,-0.09781,58.89262,0.19277,-0.02025,0.07883,0.00957
1754025.0,0.22765,42.12785,0.2472,0.00143,0.12276,0.05183,-0.11729,-3.89632,0.18523,-0.02122,0.07814,0.01376
1754030.0,-0.30541,-106.61318,0.25303,-0.00164,0.12246,0.09328,-0.23601,-23.74484,0.1903,-0.02337,0.07781,0.0557
1754035.0,0.34112,129.30612,0.26183,0.00179,0.12239,0.11636,0.00143,47.48838,0.17142,-0.02312,0.07704,0.0
1754040.0,-0.12465,-93.15331,0.24812,0.00052,0.12132,0.01554,-0.04249,-8.78397,0.15852,-0.02331,0.07627,0.00181
1754045.0,0.02146,29.22113,0.22545,0.00073,0.12011,0.00046,0.20461,49.4196,0.16313,-0.02103,0.07602,0.04186
1754050.0,0.07151,10.00997,0.21006,0.00144,0.11896,0.00511,0.0098,-38.96089,0.1478,-0.02072,0.07526,0.0001
1754055.0,-0.68673,-151.64693,0.25772,-0.00544,0.12241,0.4716,-0.28788,-59.53682,0.16181,-0.0234,0.07521,0.08288
1754060.0,-0.07721,121.90372,0.23967,-0.00616,0.12124,0.00596,-0.09916,37.74456,0.15554,-0.02415,0.07452,0.00983
1754065.0,-0.5782,-100.19827,0.27352,-0.01188,0.12323,0.33432,-0.21985,-24.13874,0.16197,-0.02611,0.07415,0.04834
1754070.0,0.10113,135.86577,0.25629,-0.01075,0.12212,0.01023,0.34499,112.96914,0.18028,-0.0224,0.07475,0.11902
1754075.0,0.06339,-7.54745,0.237,-0.01001,0.12096,0.00402,0.07969,-53.06009,0.17022,-0.02138,0.07411,0.00635
1754080.0,-0.37274,-87.22498,0.25057,-0.01364,0.12104,0.13893,-0.00572,-17.08277,0.15377,-0.02122,0.07337,3e-05
1754085.0,0.12438,99.42286,0.23795,-0.01225,0.12001,0.01547,0.06469,14.08212,0.14486,-0.02036,0.07271,0.00418
1754090.0,-0.39911,-104.6976,0.25407,-0.01612,0.12028,0.15929,-0.10725,-34.3881,0.1411,-0.02123,0.07206,0.0115
1754095.0,0.58522,196.86478,0.28718,-0.01011,0.12262,0.34248,0.66709,154.86874,0.1937,-0.01435,0.07598,0.44501
1754100.0,0.5755,-1.94238,0.31601,-0.00425,0.12476,0.3312,0.45367,-42.68414,0.2197,-0.00967,0.07737,0.20582
1754105.0,0.0822,-98.66096,0.29263,-0.00339,0.12358,0.00676,0.32639,-25.456,0.23037,-0.00631,0.0777,0.10653
1754110.0,0.61083,105.72567,0.32445,0.00275,0.12604,0.37311,0.44772,24.26584,0.2521,-0.00177,0.07894,0.20045
1754115.0,0.0318,-115.8054,0.29519,0.00304,0.12479,0.00101,0.26494,-36.55596,0.25338,0.0009,0.07885,0.07019
1754120.0,0.88901,171.44202,0.35457,0.0119,0.13124,0.79034,0.58072,63.15509,0.28612,0.0067,0.08136,0.33723
1754125.0,0.52088,-73.62499,0.3712,0.01699,0.13246,0.27132,0.15283,-85.5779,0.27279,0.00816,0.08075,0.02336
1754130.0,0.11118,-81.9412,0.3452,0.01793,0.13123,0.01236,0.07863,-14.84032,0.25337,0.00886,0.07999,0.00618
1754135.0,0.31214,40.19181,0.34189,0.02088,0.13076,0.09743,0.03709,-8.30689,0.23174,0.00915,0.0792,0.00138
1754140.0,-0.23762,-109.95059,0.33146,0.01829,0.13011,0.05646,-0.10256,-27.93049,0.21883,0.00803,0.07853,0.01052
1754145.0,0.40638,128.7989,0.33896,0.02217,0.13028,0.16514,0.08683,37.87825,0.20563,0.00882,0.07781,0.00754
1754150.0,-0.15429,-112.13345,0.32049,0.02041,0.12929,0.0238,-0.42202,-101.77048,0.22727,0.00451,0.07885,0.1781
1754155.0,-0.24876,-18.89397,0.31332,0.01772,0.1287,0.06188,-0.23401,37.60303,0.22794,0.00212,0.07862,0.05476
1754160.0,-0.0894,31.87247,0.29092,0.01665,0.12753,0.00799,-0.29659,-12.51728,0.23481,-0.00086,0.07871,0.08797
1754165.0,-0.59653,-101.42625,0.32148,0.01051,0.12994,0.35584,-0.3994,-20.56039,0.25126,-0.00485,0.07948,0.15952
1754170.0,0.08866,137.03757,0.2982,0.01129,0.1287,0.00786,-0.17607,44.66621,0.24374,-0.00656,0.07897,0.031
1754175.0,-0.35656,-89.04388,0.30404,0.00762,0.12874,0.12713,-0.20273,-5.33324,0.23964,-0.00852,0.07856,0.0411
1754180.0,-0.42815,-14.31793,0.31645,0.00326,0.12931,0.18331,-0.07002,26.54319,0.22268,-0.00914,0.07781,0.0049
1754185.0,-0.2476,36.10961,0.30956,0.00075,0.12864,0.06131,-0.18266,-22.52874,0.21868,-0.01087,0.07732,0.03336
1754190.0,-0.73731,-97.9425,0.35234,-0.00663,0.13269,0.54363,-0.33033,-29.53384,0.22984,-0.01407,0.07755,0.10912
1754195.0,0.29204,205.87077,0.34631,-0.00364,0.13224,0.08529,0.14309,94.6836,0.22117,-0.0125,0.07702,0.02047
1754200.0,-0.17487,-93.38163,0.32916,-0.00536,0.1312,0.03058,0.08231,-12.15537,0.20728,-0.01155,0.07634,0.00678
1754205.0,0.22381,79.73479,0.31863,-0.00306,0.1304,0.05009,0.48626,80.79001,0.23518,-0.00657,0.078,0.23645
1754210.0,0.25303,5.84459,0.31207,-0.0005,0.12974,0.06402,0.25691,-45.87139,0.23735,-0.00393,0.0779,0.066
1754215.0,-0.29217,-109.04093,0.31008,-0.00342,0.12928,0.08537,0.09374,-32.63263,0.22299,-0.00296,0.07722,0.00879
1754220.0,0.28285,115.00521,0.30736,-0.00056,0.12879,0.08001,0.24175,29.60193,0.22487,-0.00051,0.07703,0.05844
1754225.0,-0.2661,-109.78997,0.30323,-0.00321,0.12819,0.07081,0.07977,-32.39698,0.21036,0.00029,0.07632,0.00636
1754230.0,0.71512,196.24278,0.34442,0.00397,0.13197,0.51139,0.8421,152.46553,0.27353,0.00871,0.08251,0.70912
1754235.0,0.44523,-53.97694,0.3545,0.00838,0.13256,0.19823,0.43761,-80.89769,0.28994,0.013,0.08348,0.1915
1754240.0,-0.04124,-97.29374,0.32317,0.00789,0.13126,0.0017,0.30878,-25.76478,0.29182,0.01596,0.08351,0.09535
1754245.0,0.42495,93.23809,0.33335,0.01206,0.13165,0.18058,0.37592,13.42695,0.30023,0.01956,0.08394,0.14131
1754250.0,-0.22386,-129.76241,0.3224,0.0097,0.13088,0.05011,0.14093,-46.9976,0.2843,0.02077,0.08325,0.01986
1754255.0,0.91764,228.29927,0.38193,0.01878,0.13765,0.84206,0.64107,100.02755,0.31998,0.02697,0.08618,0.41097
1754260.0,0.62376,-58.77482,0.40611,0.02483,0.13986,0.38908,0.28913,-70.38692,0.31689,0.02959,0.086,0.0836
1754265.0,0.1971,-85.33285,0.38521,0.02655,0.13875,0.03885,0.23061,-11.70503,0.30827,0.03161,0.08553,0.05318
1754270.0,0.47258,55.09573,0.39395,0.03101,0.13931,0.22333,0.19247,-7.62795,0.29669,0.03321,0.08493,0.03704
1754275.0,-0.10284,-115.08342,0.36484,0.02967,0.1381,0.01058,0.03161,-32.17231,0.27018,0.0332,0.08408,0.001
1754280.0,0.53355,127.27883,0.38171,0.03471,0.1392,0.28468,0.2397,41.61822,0.26713,0.03526,0.08366,0.05745
1754285.0,0.27916,-50.8796,0.37145,0.03716,0.1384,0.07793,-0.07036,-62.01217,0.24745,0.03421,0.08293,0.00495
1754290.0,-0.03019,-61.8699,0.33733,0.03648,0.13706,0.00091,-0.03428,7.21594,0.22614,0.03352,0.08215,0.00118
1754295.0,0.18731,43.50157,0.32232,0.03799,0.13591,0.03509,-0.06682,-6.50716,0.2102,0.03252,0.08143,0.00446
1754300.0,-0.27705,-92.87215,0.3178,0.03484,0.13552,0.07675,-0.11009,-8.65463,0.20019,0.03109,0.08081,0.01212
1754305.0,0.37913,131.23537,0.32393,0.03828,0.13533,0.14374,0.08037,38.09283,0.18821,0.03158,0.08003,0.00646
1754310.0,0.05811,-64.20372,0.29735,0.03848,0.13398,0.00338,-0.26929,-69.93216,0.19632,0.02858,0.08011,0.07252
1754315.0,-0.06347,-24.31566,0.27396,0.03746,0.13274,0.00403,-0.09832,34.19469,0.18652,0.02731,0.07947,0.00967
1754320.0,0.07547,27.7874,0.25411,0.03784,0.13143,0.0057,-0.14634,-9.60418,0.1825,0.02557,0.07897,0.02141
1754325.0,-0.70795,-156.6832,0.29949,0.03038,0.13557,0.50119,-0.44009,-58.75115,0.20826,0.02091,0.08031,0.19368
1754330.0,-0.00316,140.95607,0.26986,0.03005,0.13422,1e-05,-0.21248,45.52158,0.20868,0.01858,0.08004,0.04515
1754335.0,-0.44786,-88.93933,0.28766,0.02527,0.13512,0.20058,-0.23892,-5.28629,0.21171,0.01601,0.07989,0.05708
1754340.0,-0.26584,36.40341,0.28548,0.02236,0.1346,0.07067,0.06623,61.02911,0.19716,0.01651,0.07911,0.00439
1754345.0,-0.1859,15.98962,0.27552,0.02028,0.13368,0.03456,-0.12284,-37.81399,0.18973,0.01511,0.07851,0.01509
1754350.0,-0.69321,-101.46221,0.31729,0.01314,0.13733,0.48054,-0.28286,-32.00404,0.19904,0.01213,0.0786,0.08001
1754355.0,-0.23503,91.63508,0.30906,0.01066,0.13656,0.05524,-0.20725,15.1223,0.19986,0.00994,0.07828,0.04295
1754360.0,-0.98491,-149.97635,0.37665,0.0007,0.14491,0.97005,-0.46027,-50.60321,0.2259,0.00524,0.07967,0.21184
1754365.0,-0.32785,131.41232,0.37177,-0.00258,0.14452,0.10749,0.08654,109.3601,0.21196,0.00605,0.07893,0.00749
1754370.0,-0.07291,50.98745,0.34188,-0.00329,0.14312,0.00532,0.00924,-15.45832,0.19169,0.00608,0.07815,9e-05
1754375.0,-0.34282,-53.9808,0.34198,-0.00668,0.14282,0.11752,0.03939,6.02868,0.17646,0.00642,0.07737,0.00155
1754380.0,0.16318,101.19927,0.3241,-0.00498,0.14167,0.02663,0.13745,19.6116,0.17256,0.00773,0.07677,0.01889
1754385.0,-0.38138,-108.91116,0.32983,-0.00875,0.14164,0.14545,-0.01691,-30.87011,0.15699,0.00748,0.07601,0.00029
1754390.0,0.62759,201.7934,0.3596,-0.00238,0.1442,0.39387,0.73308,149.99754,0.2146,0.01474,0.08041,0.53741
1754395.0,0.44713,-36.09111,0.36836,0.00211,0.14474,0.19993,0.39095,-68.42694,0.23224,0.0185,0.08099,0.15284
1754400.0,-0.12973,-115.37291,0.34449,0.00079,0.14346,0.01683,0.20776,-36.63824,0.22979,0.02039,0.08053,0.04316
1754405.0,0.1873,63.40588,0.32877,0.00266,0.14236,0.03508,0.13857,-13.83638,0.22067,0.02157,0.07986,0.0192
1754410.0,-0.36195,-109.8491,0.33209,-0.00099,0.14224,0.13101,-0.01771,-31.25638,0.20037,0.02118,0.07908,0.00031
1754415.0,0.72978,218.34593,0.37186,0.00632,0.14606,0.53258,0.45025,93.59124,0.22536,0.02547,0.08009,0.20272
1754420.0,0.45381,-55.19393,0.38006,0.0108,0.14656,0.20595,0.11394,-67.26143,0.21422,0.02636,0.07937,0.01298
1754425.0,0.04063,-82.63604,0.34611,0.01109,0.1451,0.00165,0.07366,-8.0569,0.20016,0.02683,0.0786,0.00543
1754430.0,0.33887,59.64853,0.34539,0.01437,0.1447,0.11484,0.05215,-4.30092,0.18536,0.02708,0.07782,0.00272
1754435.0,-0.22935,-113.62297,0.33379,0.01193,0.14384,0.0526,-0.09577,-29.57838,0.1764,0.02585,0.07719,0.00917
1754440.0,0.68242,182.35396,0.36865,0.01864,0.14681,0.46569,0.26698,72.54921,0.18546,0.02826,0.07699,0.07128
1754445.0,0.07591,-121.30114,0.33937,0.01921,0.14537,0.00576,-0.27918,-109.23143,0.19483,0.02519,0.07714,0.07794
1754450.0,-0.21455,-58.09208,0.32689,0.01687,0.14445,0.04603,-0.21969,11.89758,0.19732,0.02274,0.07696,0.04826
1754455.0,0.1115,65.20932,0.30535,0.01782,0.14309,0.01243,-0.17502,8.93359,0.19509,0.02076,0.07657,0.03063
1754460.0,-0.43381,-109.06047,0.3182,0.0133,0.14366,0.18819,-0.26403,-17.80102,0.20198,0.01792,0.0766,0.06971
1754465.0,0.41851,170.46394,0.32823,0.01736,0.14384,0.17515,0.06127,65.05903,0.18791,0.01835,0.07585,0.00375
1754470.0,0.09041,-65.62012,0.30445,0.01809,0.14245,0.00817,-0.29109,-70.47154,0.19823,0.01525,0.07603,0.08473
1754475.0,-0.03485,-25.05301,0.27749,0.01756,0.14105,0.00121,-0.1147,35.27884,0.18988,0.01396,0.07544,0.01316
1754480.0,0.18853,44.67578,0.26859,0.01927,0.13993,0.03554,-0.13794,-4.64945,0.18468,0.01244,0.07491,0.01903
1754485.0,-0.45051,-127.80712,0.28678,0.01457,0.14069,0.20296,-0.32207,-36.82489,0.19842,0.00909,0.07526,0.10373
1754490.0,0.32158,154.41739,0.29026,0.01764,0.14021,0.10341,-0.04634,55.14646,0.18321,0.00854,0.07454,0.00215
1754495.0,-0.1646,-97.23671,0.2777,0.01582,0.13913,0.02709,-0.46762,-84.25603,0.21165,0.00378,0.07601,0.21867
1754500.0,-0.26233,-19.54569,0.27616,0.01304,0.1385,0.06882,-0.27061,39.40226,0.21755,0.00103,0.07599,0.07323
1754505.0,-0.1813,16.20765,0.26667,0.01109,0.13748,0.03287,-0.42503,-30.88395,0.2383,-0.00323,0.07701,0.18065
1754510.0,-0.69698,-103.13631,0.3097,0.00401,0.14102,0.48578,-0.51943,-18.88023,0.26641,-0.00839,0.07885,0.2698
1754515.0,0.0206,143.51509,0.28079,0.00418,0.13962,0.00042,-0.2432,55.24623,0.26409,-0.01074,0.0786,0.05914
1754520.0,-0.43276,-90.6711,0.29599,-0.00019,0.14009,0.18728,-0.2305,2.53861,0.26073,-0.01294,0.07829,0.05313
1754525.0,-0.33182,20.18688,0.29957,-0.00351,0.13977,0.11011,-0.01061,43.97896,0.23572,-0.01291,0.07751,0.00011
1754530.0,-0.1573,34.90455,0.28535,-0.00505,0.1386,0.02474,-0.16899,-31.67583,0.22904,-0.01447,0.07697,0.02856
1754535.0,-0.67533,-103.60529,0.32434,-0.01175,0.14162,0.45607,-0.29036,-24.27427,0.23518,-0.01723,0.07695,0.08431
1754540.0,0.04309,143.6823,0.29622,-0.0112,0.14023,0.00186,-0.0375,50.57217,0.21541,-0.01744,0.07618,0.00141
1754545.0,-0.41228,-91.07352,0.30782,-0.01521,0.14041,0.16998,-0.11522,-15.54489,0.20539,-0.01841,0.07551,0.01328
1754550.0,-0.22754,36.94796,0.2998,-0.01733,0.13944,0.05178,0.11661,46.36696,0.19651,-0.01706,0.07494,0.0136
1754555.0,-0.14696,16.11695,0.28451,-0.01863,0.13822,0.0216,-0.07883,-39.08926,0.18474,-0.01768,0.07423,0.00621
1754560.0,-0.66603,-103.81367,0.32266,-0.0251,0.14094,0.44359,-0.20993,-26.22012,0.18726,-0.0196,0.07385,0.04407
1754565.0,-0.03008,127.18879,0.29341,-0.02515,0.13953,0.0009,-0.05724,30.53942,0.17426,-0.01998,0.07312,0.00328
1754570.0,-0.47715,-89.41417,0.31178,-0.02967,0.14014,0.22767,-0.13268,-15.08847,0.1701,-0.02111,0.07251,0.0176
1754575.0,-0.11434,72.56256,0.29204,-0.03052,0.13881,0.01307,0.25226,76.98862,0.17832,-0.01837,0.07252,0.06364
1754580.0,-0.04447,13.97422,0.26728,-0.03066,0.13742,0.00198,0.04186,-42.08058,0.16467,-0.01777,0.07183,0.00175
1754585.0,-0.57467,-106.03994,0.29802,-0.0361,0.13895,0.33024,-0.13712,-35.79654,0.16192,-0.01896,0.07125,0.0188
1754590.0,0.13871,142.67517,0.28209,-0.03435,0.13786,0.01924,0.06602,40.62816,0.15233,-0.01811,0.07061,0.00436
1754595.0,-0.49621,-126.98387,0.3035,-0.03897,0.13857,0.24623,-0.13913,-41.03016,0.15101,-0.01932,0.07005,0.01936
1754600.0,0.12488,124.2175,0.28564,-0.03733,0.13745,0.01559,0.42149,112.12486,0.17806,-0.01492,0.07125,0.17766
1754605.0,0.08496,-7.98407,0.26557,-0.03611,0.13622,0.00722,0.16854,-50.59097,0.1771,-0.01308,0.07087,0.0284
1754610.0,-0.45991,-108.97322,0.285,-0.04035,0.13662,0.21152,0.00961,-31.78593,0.16035,-0.01286,0.07017,9e-05
1754615.0,0.15834,123.64997,0.27234,-0.03836,0.13564,0.02507,0.17327,32.73248,0.16165,-0.01099,0.0698,0.03002
1754620.0,-0.22483,-76.6339,0.26759,-0.04023,0.13462,0.05055,0.16449,-1.75637,0.16193,-0.00924,0.06941,0.02706
1754625.0,0.36853,118.67294,0.27768,-0.03614,0.13491,0.13582,0.6579,98.68307,0.21153,-0.00257,0.07308,0.43284
1754630.0,0.1321,-47.28592,0.26312,-0.03446,0.13384,0.01745,0.22646,-86.28831,0.21302,-0.00028,0.07286,0.05129
1754635.0,-0.41919,-110.25935,0.27873,-0.0383,0.13395,0.17572,0.05966,-33.36111,0.19769,0.00032,0.07217,0.00356
1754640.0,0.02581,89.00031,0.25344,-0.03766,0.13266,0.00067,0.10046,8.16131,0.18796,0.00132,0.07154,0.01009
1754645.0,-0.51409,-107.98051,0.2795,-0.04243,0.13355,0.26429,-0.05297,-30.68575,0.17446,0.00078,0.07086,0.00281
1754650.0,0.45332,193.48228,0.29689,-0.03747,0.13463,0.2055,0.66293,143.17833,0.22331,0.0074,0.07444,0.43947
1754655.0,0.37801,-15.06196,0.305,-0.03331,0.13497,0.14289,0.34578,-63.43002,0.23556,0.01079,0.07482,0.11956
1754660.0,-0.11596,-98.79387,0.28609,-0.03414,0.13369,0.01345,0.22294,-24.56768,0.23429,0.01291,0.07452,0.0497
1754665.0,0.38223,99.63788,0.29571,-0.02998,0.13405,0.1461,0.26847,9.10695,0.23771,0.01546,0.07441,0.07208
1754670.0,-0.19829,-116.10435,0.28597,-0.03166,0.13299,0.03932,0.06017,-41.66102,0.21996,0.01591,0.07369,0.00362
1754675.0,0.90705,221.0692,0.34807,-0.02227,0.1403,0.82274,0.9158,171.12747,0.28954,0.02491,0.08089,0.8387
1754680.0,0.69561,-42.28846,0.38283,-0.01509,0.14394,0.48387,0.54513,-74.13464,0.3151,0.03011,0.08273,0.29717
1754685.0,0.24986,-89.14949,0.36953,-0.01244,0.14319,0.06243,0.42208,-24.60998,0.3258,0.03403,0.08341,0.17815
1754690.0,0.70752,91.53148,0.40333,-0.00524,0.14684,0.50058,0.44397,4.37695,0.33762,0.03813,0.08422,0.19711
1754695.0,0.08798,-123.90876,0.3718,-0.00431,0.14546,0.00774,0.24869,-39.05625,0.32872,0.04024,0.08381,0.06184
1754700.0,1.0,182.40469,0.43462,0.00573,0.15389,1.0,1.0,150.26292,0.39585,0.04983,0.092,1.0
1754705.0,0.80421,-39.15855,0.47157,0.01372,0.1586,0.64675,0.66258,-67.4838,0.42252,0.05596,0.09476,0.43901
1754710.0,0.37172,-86.49789,0.46159,0.0173,0.15827,0.13817,0.48585,-35.34668,0.42886,0.06026,0.09563,0.23605
1754715.0,0.62871,51.39889,0.4783,0.02341,0.16035,0.39528,0.46715,-3.74048,0.43269,0.06433,0.09629,0.21822
1754720.0,0.14959,-95.82497,0.44543,0.02467,0.1589,0.02238,0.31995,-29.43971,0.42141,0.06688,0.09597,0.10237
1754725.0,0.88082,146.24678,0.48897,0.03323,0.1645,0.77585,0.60283,56.57624,0.43955,0.07224,0.09783,0.3634
1754730.0,0.82372,-11.42058,0.52244,0.04114,0.16898,0.67851,0.40336,-39.89424,0.43593,0.07556,0.09792,0.1627
1754735.0,0.38539,-87.66609,0.50874,0.04458,0.16845,0.14852,0.28142,-24.38731,0.42048,0.07761,0.09736,0.0792
1754740.0,0.63877,50.67617,0.52174,0.05052,0.17022,0.40803,0.31212,6.13987,0.40965,0.07996,0.09692,0.09742
1754745.0,0.15464,-96.82607,0.48503,0.05156,0.16863,0.02391,0.15037,-32.35073,0.38372,0.08066,0.096,0.02261
1754750.0,1.0,169.0723,0.53653,0.06105,0.17576,1.0,0.57808,85.54192,0.40315,0.08564,0.09747,0.33417
1754755.0,0.73542,-52.91537,0.55642,0.06779,0.17846,0.54085,0.26118,-63.37917,0.38896,0.08739,0.0968,0.06821
1754760.0,0.43501,-60.08332,0.54428,0.07146,0.178,0.18923,0.25115,-2.00611,0.37518,0.08903,0.09609,0.06308
1754765.0,0.6131,35.61869,0.55116,0.07688,0.17909,0.37589,0.20529,-9.17105,0.35819,0.09019,0.09526,0.04215
1754770.0,0.13326,-95.96706,0.50937,0.07744,0.17733,0.01776,0.05337,-30.38404,0.32771,0.08982,0.09432,0.00285
1754775.0,0.79048,131.44344,0.53748,0.08457,0.18054,0.62486,0.34377,58.08004,0.32931,0.09236,0.09401,0.11818
1754780.0,0.67329,-23.43777,0.55106,0.09046,0.18213,0.45332,0.17833,-33.08879,0.31421,0.09322,0.09314,0.0318
1754785.0,0.44033,-46.59333,0.53999,0.09396,0.18151,0.19389,0.22556,9.44549,0.30535,0.09455,0.09238,0.05088
1754790.0,0.55182,22.29795,0.54117,0.09854,0.18175,0.3045,0.13215,-18.68116,0.28803,0.09492,0.09147,0.01746
1754795.0,0.01104,-108.15575,0.48816,0.09766,0.18001,0.00012,-0.03301,-33.0315,0.26253,0.09364,0.09072,0.00109
1754800.0,0.55273,108.33881,0.49462,0.10221,0.18024,0.30551,0.19741,46.08275,0.25601,0.09468,0.08992,0.03897
1754805.0,0.20291,-69.96462,0.46544,0.10322,0.17853,0.04117,-0.15055,-69.59171,0.24547,0.09223,0.08961,0.02267
1754810.0,0.08291,-23.99984,0.42719,0.10302,0.17675,0.00687,-0.01846,26.41896,0.22277,0.09112,0.08883,0.00034
1754815.0,0.23219,29.85701,0.40769,0.10431,0.17515,0.05391,-0.05624,-7.55698,0.20611,0.08965,0.08816,0.00316
1754820.0,-0.27617,-101.67345,0.39454,0.1005,0.17482,0.07627,-0.20126,-29.00403,0.20563,0.08674,0.0881,0.04051
1754825.0,0.2331,101.85516,0.3784,0.10183,0.17324,0.05434,-0.00123,40.00654,0.18519,0.08586,0.0873,0.0
1754830.0,-0.08322,-63.26491,0.34888,0.09998,0.17184,0.00693,-0.32801,-65.3565,0.19947,0.08172,0.08811,0.10759
1754835.0,-0.04414,7.81595,0.3184,0.09854,0.17033,0.00195,-0.10626,44.35009,0.19015,0.07984,0.08757,0.01129
1754840.0,0.11927,32.68232,0.29849,0.09875,0.16863,0.01423,-0.13392,-5.53177,0.18453,0.0777,0.08714,0.01793
1754845.0,-0.31371,-86.59576,0.30001,0.09462,0.16861,0.09841,-0.25009,-23.23492,0.19108,0.07443,0.08732,0.06255
1754850.0,0.20093,102.92731,0.2901,0.09568,0.16704,0.04037,-0.04349,41.31981,0.17632,0.07325,0.08659,0.00189
1754855.0,-0.17687,-75.55961,0.27878,0.09296,0.16609,0.03128,-0.09018,-9.33626,0.16771,0.07161,0.08598,0.00813
1754860.0,-0.06295,22.78357,0.2572,0.0914,0.16467,0.00396,0.15646,49.32783,0.16659,0.07246,0.08519,0.02448
1754865.0,0.03871,20.33226,0.23535,0.09087,0.16305,0.0015,0.02132,-27.02836,0.15206,0.07195,0.08437,0.00045
1754870.0,-0.38627,-84.99481,0.25044,0.0861,0.16365,0.1492,-0.11183,-26.62976,0.14804,0.07011,0.08385,0.01251
1754875.0,0.07335,91.92358,0.23273,0.08597,0.16202,0.00538,0.03059,28.48279,0.13629,0.06972,0.08303,0.00094
1754880.0,-0.29098,-72.82177,0.23856,0.0822,0.16179,0.08467,-0.0539,-16.88665,0.12805,0.06848,0.08235,0.0029
1754885.0,-0.09926,38.34356,0.22463,0.08039,0.16049,0.00985,0.20946,52.67059,0.13619,0.06989,0.08172,0.04387
1754890.0,-0.05733,8.38518,0.2079,0.07901,0.15907,0.00329,-0.01125,-44.14125,0.1237,0.06908,0.08097,0.00013
1754895.0,-0.40756,-70.04519,0.22786,0.07415,0.1598,0.1661,-0.09146,-16.04231,0.12047,0.06747,0.08041,0.00837
1754900.0,0.0562,92.75194,0.2107,0.07397,0.15821,0.00316,0.04899,28.08972,0.11333,0.06729,0.07961,0.0024
1754905.0,-0.37103,-85.44633,0.22673,0.06952,0.15857,0.13766,-0.08764,-27.32542,0.11076,0.06574,0.07905,0.00768
1754910.0,-0.03992,66.22213,0.20805,0.06842,0.1571,0.00159,0.27968,73.46517,0.12765,0.06788,0.07871,0.07822
1754915.0,-0.00353,7.27732,0.1876,0.0677,0.15558,1e-05,0.11018,-33.90034,0.1259,0.0683,0.07794,0.01214
1754920.0,-0.4245,-84.19263,0.21129,0.06278,0.1564,0.1802,-0.03359,-28.75425,0.11667,0.06728,0.07726,0.00113
1754925.0,-0.02187,80.52528,0.19235,0.06194,0.1549,0.00048,0.02089,10.89529,0.10709,0.06682,0.07651,0.00044
1754930.0,-0.44082,-83.78941,0.21719,0.05691,0.15583,0.19432,-0.11331,-26.83876,0.10771,0.06502,0.07606,0.01284
1754935.0,0.15902,119.96667,0.21137,0.05793,0.15438,0.02529,0.42761,108.18375,0.1397,0.06864,0.07659,0.18285
1754940.0,0.10972,-9.85959,0.20121,0.05845,0.15286,0.01204,0.19128,-47.26678,0.14486,0.06987,0.07597,0.03659
1754945.0,-0.32397,-86.73795,0.21349,0.05462,0.15276,0.10496,0.00806,-36.64292,0.13118,0.06925,0.07525,7e-05
1754950.0,0.06916,78.62571,0.19905,0.05477,0.15124,0.00478,0.05762,9.91034,0.12383,0.06914,0.0745,0.00332
1754955.0,-0.5553,-124.89198,0.23468,0.04867,0.15337,0.30836,-0.23174,-57.87155,0.13462,0.06613,0.07464,0.0537
1754960.0,0.31902,174.86444,0.24311,0.05137,0.15256,0.10177,0.52337,151.02217,0.17349,0.0707,0.07594,0.27392
1754965.0,0.18759,-26.28591,0.23756,0.05273,0.15121,0.03519,0.1956,-65.55386,0.1757,0.07195,0.07534,0.03826
1754970.0,-0.2553,-88.57882,0.23933,0.04965,0.15063,0.06518,0.01096,-36.92902,0.15923,0.07134,0.07462,0.00012
1754975.0,0.06637,64.33487,0.22204,0.04982,0.14913,0.00441,0.03948,5.7052,0.14725,0.07102,0.07388,0.00156
1754980.0,-0.29843,-72.96124,0.22968,0.04634,0.14882,0.08906,-0.04829,-17.55455,0.13736,0.06983,0.07329,0.00233
1754985.0,0.28923,117.53363,0.23563,0.04877,0.14791,0.08366,0.15773,41.2044,0.13939,0.07071,0.07263,0.02488
1754990.0,0.09557,-38.73193,0.22163,0.04923,0.14646,0.00913,-0.1517,-61.88617,0.14063,0.06848,0.07239,0.02301
1754995.0,-0.20776,-60.66771,0.22024,0.04666,0.14564,0.04317,-0.16851,-3.36212,0.14341,0.06611,0.07221,0.0284
1755000.0,0.04424,50.40149,0.20264,0.04664,0.14418,0.00196,-0.17058,-0.41347,0.14613,0.06374,0.07204,0.0291
1755005.0,-0.38431,-85.71019,0.22081,0.04233,0.14456,0.14769,-0.28572,-23.02791,0.16009,0.06025,0.07252,0.08163
1755010.0,0.27959,132.78049,0.22669,0.0447,0.14367,0.07817,-0.00243,56.65662,0.14432,0.05962,0.07183,1e-05
1755015.0,0.02135,-51.64819,0.20615,0.04447,0.14224,0.00046,-0.28477,-56.46707,0.15837,0.05618,0.07227,0.08109
1755020.0,-0.14357,-32.98371,0.19989,0.04259,0.14116,0.02061,-0.18547,19.86061,0.16108,0.05376,0.07212,0.0344
1755025.0,0.03677,36.06757,0.18358,0.04253,0.13975,0.00135,-0.2052,-3.94687,0.16549,0.05117,0.07206,0.04211
1755030.0,-0.39184,-85.72202,0.20441,0.03819,0.1402,0.15354,-0.31595,-22.1496,0.18054,0.0475,0.07266,0.09982
1755035.0,0.27464,133.29506,0.21143,0.04055,0.13935,0.07543,-0.02776,57.63792,0.16526,0.04675,0.07199,0.00077
1755040.0,-0.04899,-64.72507,0.19519,0.03966,0.13803,0.0024,-0.35755,-65.95826,0.18449,0.04271,0.07287,0.12784
1755045.0,-0.2064,-31.4826,0.19631,0.0372,0.13725,0.0426,-0.24908,21.69463,0.19095,0.03979,0.07298,0.06204
1755050.0,-0.14974,11.33316,0.19165,0.03533,0.13622,0.02242,-0.39212,-28.60869,0.21106,0.03547,0.07408,0.15376
1755055.0,-0.55864,-81.78035,0.22835,0.02939,0.13831,0.31208,-0.45142,-11.85923,0.2351,0.0306,0.07566,0.20378
1755060.0,-0.00318,111.09203,0.20583,0.02906,0.13694,1e-05,-0.21748,46.78704,0.23334,0.02812,0.0755,0.0473
1755065.0,-0.29641,-58.64644,0.21489,0.02581,0.13661,0.08786,-0.55602,-67.70708,0.26561,0.02228,0.07809,0.30916
1755070.0,-0.3604,-12.79804,0.22944,0.02194,0.1367,0.12989,-0.40348,30.50741,0.27939,0.01802,0.07909,0.1628
1755075.0,-0.21977,28.12546,0.22847,0.01953,0.13591,0.0483,-0.44726,-8.75532,0.29618,0.01337,0.08042,0.20004
1755080.0,-0.62069,-80.1844,0.2677,0.01313,0.13857,0.38526,-0.49875,-10.29755,0.31644,0.00825,0.08219,0.24875
1755085.0,0.0101,126.15813,0.24194,0.0131,0.13718,0.0001,-0.20633,58.48215,0.30543,0.0061,0.08182,0.04257
1755090.0,-0.34971,-71.96056,0.25271,0.00947,0.1371,0.12229,-0.26285,-11.30229,0.30117,0.00341,0.08171,0.06909
1755095.0,-0.14294,41.35396,0.24174,0.00794,0.13596,0.02043,0.06311,65.19138,0.27736,0.00401,0.08092,0.00398
1755100.0,-0.09029,10.52972,0.22659,0.00696,0.13469,0.00815,-0.08101,-28.82326,0.25773,0.00316,0.08019,0.00656
1755105.0,-0.50513,-82.96923,0.25444,0.00184,0.13591,0.25516,-0.20181,-24.16143,0.25214,0.00111,0.0798,0.04073
1755110.0,-0.01643,97.7403,0.23064,0.00166,0.13456,0.00027,-0.07241,25.88011,0.23416,0.00037,0.07905,0.00524
1755115.0,-0.37315,-71.3433,0.24489,-0.00209,0.13459,0.13924,-0.14311,-14.13867,0.22506,-0.00106,0.07846,0.02048
1755120.0,0.03597,81.82298,0.224,-0.00171,0.13326,0.00129,0.29346,87.31312,0.2319,0.00188,0.07853,0.08612
1755125.0,0.00412,-6.36879,0.20201,-0.00165,0.13193,2e-05,0.04289,-50.11371,0.213,0.00229,0.07776,0.00184
1755130.0,-0.28888,-58.60039,0.2107,-0.00452,0.13141,0.08345,-0.02003,-12.58493,0.1937,0.00207,0.07699,0.0004
1755135.0,0.17807,93.3904,0.20744,-0.0027,0.13043,0.03171,0.08981,21.968,0.18331,0.00295,0.07629,0.00807
1755140.0,-0.26643,-88.89973,0.21334,-0.00534,0.12981,0.07098,-0.01958,-21.87742,0.16694,0.00272,0.07553,0.00038
1755145.0,0.33111,119.50734,0.22511,-0.00197,0.12962,0.10963,0.5574,115.39565,0.20598,0.00827,0.07779,0.31069
1755150.0,0.33348,0.47435,0.23595,0.00138,0.12942,0.11121,0.32806,-45.86721,0.21819,0.01147,0.07802,0.10762
1755155.0,-0.06261,-79.21776,0.21862,0.00074,0.12817,0.00392,0.21244,-23.12377,0.21762,0.01348,0.07763,0.04513
1755160.0,0.31401,75.32366,0.22816,0.00388,0.12785,0.0986,0.27549,12.60899,0.2234,0.0161,0.07753,0.07589
1755165.0,-0.27972,-118.74624,0.23331,0.00104,0.12736,0.07824,0.01155,-52.7883,0.20222,0.01605,0.07676,0.00013
1755170.0,0.51929,159.80191,0.26191,0.00622,0.12872,0.26966,0.67774,133.23921,0.24977,0.02267,0.08028,0.45934
1755175.0,0.36761,-30.33629,0.27248,0.00984,0.12871,0.13514,0.36151,-63.24598,0.26095,0.02606,0.0806,0.13069
1755180.0,0.03253,-67.01474,0.24849,0.01006,0.12743,0.00106,0.29175,-13.95226,0.26403,0.02871,0.08049,0.08512
1755185.0,0.33228,59.94926,0.25686,0.01329,0.12717,0.11041,0.29353,0.35497,0.26698,0.03136,0.08037,0.08616
1755190.0,-0.13271,-92.99913,0.24445,0.01183,0.12611,0.01761,0.12796,-33.11251,0.25307,0.03233,0.07966,0.01637
1755195.0,0.58456,143.45465,0.27846,0.01755,0.12806,0.34171,0.4244,59.28806,0.27021,0.03625,0.08037,0.18012
1755200.0,0.29114,-58.68367,0.27973,0.02029,0.12752,0.08476,0.06148,-72.58411,0.24934,0.0365,0.07957,0.00378
1755205.0,-0.03748,-65.72383,0.2555,0.01971,0.12627,0.0014,0.02302,-7.69279,0.2267,0.03637,0.07878,0.00053
1755210.0,0.20291,48.07786,0.25024,0.02154,0.12534,0.04117,0.00173,-4.2577,0.20421,0.03602,0.078,0.0
1755215.0,-0.25002,-90.58636,0.25022,0.01883,0.12481,0.06251,-0.10249,-20.84429,0.19403,0.03464,0.07741,0.0105
1755220.0,0.48095,146.19513,0.2733,0.02345,0.12565,0.23132,0.24998,70.49421,0.19963,0.03679,0.07709,0.06249
1755225.0,0.13074,-70.04331,0.25904,0.02452,0.12451,0.01709,-0.1465,-79.29562,0.19432,0.03496,0.07665,0.02146
1755230.0,-0.04811,-35.76992,0.23795,0.0238,0.12332,0.00231,-0.09019,11.26122,0.1839,0.0337,0.07603,0.00813
1755235.0,0.12666,34.9539,0.22682,0.02482,0.12219,0.01604,-0.11997,-5.95587,0.17751,0.03217,0.07551,0.01439
1755240.0,-0.31952,-89.23495,0.23609,0.02138,0.12213,0.10209,-0.21103,-18.21202,0.18086,0.02974,0.07533,0.04453
1755245.0,0.08582,81.06727,0.22106,0.02203,0.12095,0.00736,-0.13416,15.37409,0.17619,0.0281,0.07484,0.018
1755250.0,-0.15528,-48.21946,0.21448,0.02025,0.12005,0.02411,-0.43757,-60.68151,0.20233,0.02344,0.07622,0.19147
1755255.0,-0.30318,-29.58084,0.22335,0.01702,0.11987,0.09192,-0.31781,23.95062,0.21388,0.02003,0.0766,0.10101
1755260.0,-0.16675,27.28652,0.21769,0.01518,0.119,0.02781,-0.3734,-11.11786,0.22983,0.01609,0.07735,0.13943
1755265.0,-0.64835,-96.31907,0.26076,0.00854,0.12213,0.42035,-0.5182,-28.95846,0.25867,0.01075,0.07937,0.26853
1755270.0,0.13022,155.71222,0.2477,0.00976,0.12105,0.01696,-0.14759,74.12167,0.24756,0.00917,0.07882,0.02178
1755275.0,-0.18225,-62.49298,0.24116,0.00784,0.1202,0.03321,-0.46944,-64.36987,0.26975,0.00438,0.08028,0.22037
1755280.0,-0.12502,11.44653,0.22954,0.00651,0.11917,0.01563,-0.18897,56.09299,0.26167,0.00245,0.07984,0.03571
1755285.0,-0.00667,23.66906,0.20726,0.00638,0.11798,4e-05,-0.25707,-13.62036,0.26121,-0.00015,0.07971,0.06609
1755290.0,-0.43884,-86.43457,0.23042,0.00193,0.11875,0.19258,-0.36158,-20.90042,0.27125,-0.00376,0.08019,0.13074
1755295.0,0.11762,111.29313,0.21914,0.00309,0.11769,0.01383,-0.13035,46.24582,0.25716,-0.00503,0.07954,0.01699
1755300.0,-0.05902,-35.32843,0.20312,0.00246,0.11655,0.00348,-0.04084,17.9009,0.23553,-0.00539,0.07876,0.00167
1755305.0,0.05276,22.35579,0.18809,0.00297,0.11541,0.00278,0.1847,45.10905,0.23044,-0.00349,0.07833,0.03412
1755310.0,0.1524,19.92918,0.18452,0.00446,0.11448,0.02323,0.01457,-34.02673,0.20886,-0.0033,0.07755,0.00021
1755315.0,-0.23056,-76.5928,0.18912,0.00211,0.11387,0.05316,-0.06749,-16.41197,0.19472,-0.00395,0.07681,0.00456
1755320.0,0.30454,107.01895,0.20066,0.00514,0.11363,0.09274,0.13234,39.96522,0.18848,-0.00258,0.07623,0.01751
1755325.0,-0.3652,-133.94633,0.21712,0.00143,0.11384,0.13337,-0.20154,-66.77605,0.18979,-0.00457,0.07585,0.04062
1755330.0,0.05011,83.06203,0.20042,0.00192,0.11272,0.00251,0.18798,77.90551,0.18961,-0.00265,0.07546,0.03534
1755335.0,0.08288,6.55332,0.18866,0.00273,0.11166,0.00687,-0.00398,-38.39212,0.17104,-0.00266,0.0747,2e-05
1755340.0,-0.49595,-115.76688,0.21939,-0.00226,0.11298,0.24597,-0.27146,-53.49669,0.18109,-0.00535,0.07466,0.07369
1755345.0,0.00207,99.60427,0.19766,-0.00221,0.11185,0.0,-0.13198,27.897,0.17617,-0.00662,0.07407,0.01742
1755350.0,-0.56807,-114.02725,0.2347,-0.00787,0.11387,0.3227,-0.38542,-50.68953,0.1971,-0.0104,0.07474,0.14855
1755355.0,0.0741,128.43437,0.21864,-0.00705,0.1128,0.00549,0.21307,119.69872,0.1987,-0.00817,0.07448,0.0454
1755360.0,-0.03011,-20.84203,0.19979,-0.00728,0.11167,0.00091,-0.08579,-59.77109,0.18741,-0.00895,0.0738,0.00736
1755365.0,-0.39391,-72.76105,0.2192,-0.01115,0.11202,0.15517,-0.18783,-20.40885,0.18745,-0.01073,0.07337,0.03528
1755370.0,0.02731,84.24367,0.20001,-0.01077,0.11092,0.00075,-0.10878,15.80996,0.17958,-0.01171,0.07273,0.01183
1755375.0,-0.41052,-87.56581,0.22106,-0.01476,0.11137,0.16853,-0.22925,-24.09455,0.18455,-0.01389,0.07247,0.05256
1755380.0,0.42021,166.14616,0.24098,-0.01041,0.11211,0.17657,0.51088,148.02612,0.21718,-0.00864,0.07444,0.261
1755385.0,0.27857,-28.32656,0.24474,-0.00752,0.11181,0.0776,0.17911,-66.35349,0.21337,-0.00676,0.07404,0.03208
1755390.0,-0.05169,-66.05215,0.22543,-0.00797,0.11071,0.00267,0.10018,-15.78553,0.20206,-0.0057,0.07342,0.01004
1755395.0,0.12929,36.19527,0.21582,-0.00659,0.10979,0.01672,0.02183,-15.67143,0.18403,-0.00542,0.07269,0.00048
1755400.0,-0.32106,-90.07043,0.22634,-0.00974,0.10966,0.10308,-0.08254,-20.87308,0.17388,-0.00619,0.07202,0.00681
1755405.0,0.43348,150.90758,0.24706,-0.00531,0.11049,0.1879,0.24689,65.88524,0.18118,-0.00366,0.07193,0.06095
1755410.0,0.15364,-55.96787,0.23771,-0.00372,0.10963,0.0236,-0.13099,-75.57604,0.17616,-0.00493,0.07137,0.01716
1755415.0,-0.23222,-77.17135,0.23716,-0.006,0.10905,0.05393,-0.22901,-19.60369,0.18145,-0.00717,0.07115,0.05245
1755420.0,0.10482,67.40814,0.22393,-0.00489,0.10808,0.01099,-0.19795,6.21237,0.1831,-0.00908,0.07079,0.03918
1755425.0,-0.34411,-89.78552,0.23595,-0.00828,0.10813,0.11841,-0.34089,-28.58688,0.19888,-0.0124,0.07116,0.1162
1755430.0,0.41462,151.74504,0.25381,-0.00406,0.1088,0.17191,-0.01326,65.52407,0.18032,-0.01241,0.07045,0.00018
1755435.0,0.13615,-55.69413,0.24205,-0.00265,0.1079,0.01854,-0.36287,-69.92159,0.19857,-0.01591,0.07095,0.13168
1755440.0,-0.18058,-63.34559,0.2359,-0.00443,0.10713,0.03261,-0.35094,2.38697,0.21381,-0.01926,0.07134,0.12316
1755445.0,0.01497,39.11013,0.21381,-0.00424,0.10607,0.00022,-0.37923,-5.65821,0.23035,-0.02286,0.0719,0.14381
1755450.0,-0.42534,-88.06219,0.23496,-0.00845,0.10674,0.18091,-0.50145,-24.44335,0.25746,-0.02765,0.07342,0.25145
1755455.0,0.27571,140.21092,0.23904,-0.00561,0.10647,0.07602,-0.20672,58.94488,0.25239,-0.02944,0.073,0.04273
1755460.0,0.01192,-52.75946,0.21632,-0.00543,0.10541,0.00014,-0.53441,-65.53675,0.28059,-0.03449,0.07477,0.28559
1755465.0,-0.15497,-33.37755,0.21019,-0.00693,0.10457,0.02402,-0.45934,15.01359,0.29846,-0.03874,0.07579,0.21099
1755470.0,0.03852,38.69786,0.19302,-0.00647,0.10354,0.00148,-0.5368,-15.49196,0.3223,-0.04372,0.07747,0.28815
1755475.0,-0.40519,-88.74261,0.21424,-0.01046,0.10407,0.16418,-0.64008,-20.65618,0.35407,-0.04968,0.08018,0.4097
1755480.0,0.36405,153.84889,0.22922,-0.00672,0.1044,0.13253,-0.24307,79.40059,0.34297,-0.05162,0.07974,0.05909
1755485.0,0.15876,-41.05764,0.22217,-0.00506,0.10363,0.02521,-0.51246,-53.87624,0.35992,-0.05622,0.08103,0.26261
1755490.0,0.11267,-9.21889,0.21122,-0.00388,0.10273,0.01269,-0.33164,36.16268,0.35709,-0.05898,0.08096,0.10999
1755495.0,0.34589,46.64368,0.22469,-0.00039,0.1029,0.11964,-0.30513,5.30165,0.3519,-0.06144,0.08074,0.09311
1755500.0,-0.3388,-136.93774,0.2361,-0.00377,0.10299,0.11479,-0.5591,-50.79392,0.37262,-0.06642,0.08236,0.3126
1755505.0,0.28705,125.17068,0.2412,-0.00086,0.10279,0.0824,-0.27397,57.02671,0.36275,-0.06849,0.08196,0.07506
1755510.0,-0.04828,-67.06697,0.22191,-0.00134,0.10178,0.00233,-0.26601,1.59112,0.35308,-0.07047,0.08153,0.07076
1755515.0,0.06516,22.68816,0.20623,-0.00067,0.10081,0.00425,-0.00394,52.41397,0.31817,-0.0698,0.08075,2e-05
1755520.0,0.37261,61.49161,0.22287,0.00306,0.10117,0.13884,0.04137,9.06383,0.29049,-0.06869,0.08007,0.00171
1755525.0,-0.1793,-110.38341,0.21851,0.00124,0.10048,0.03215,-0.1754,-43.35476,0.27898,-0.06976,0.07938,0.03077
1755530.0,0.36136,108.13274,0.2328,0.00484,0.10075,0.13058,0.01626,38.33179,0.25271,-0.0689,0.07866,0.00026
1755535.0,-0.05226,-82.72408,0.21474,0.00427,0.09977,0.00273,-0.06004,-15.25922,0.23344,-0.06881,0.07787,0.0036
1755540.0,0.19915,50.2822,0.21318,0.00622,0.09915,0.03966,0.28666,69.33961,0.23876,-0.06525,0.07833,0.08217
1755545.0,0.21634,3.4369,0.2135,0.00832,0.09859,0.0468,0.08789,-39.75437,0.22367,-0.06372,0.07778,0.00772
1755550.0,-0.25146,-93.55835,0.21729,0.00572,0.09826,0.06323,-0.08146,-33.86928,0.20945,-0.0639,0.077,0.00664
1755555.0,0.22885,96.06093,0.21845,0.00795,0.09777,0.05237,0.0153,19.35171,0.19004,-0.06311,0.07629,0.00023
1755560.0,-0.24072,-93.91432,0.22068,0.00546,0.0974,0.05795,-0.14626,-32.31145,0.18566,-0.06394,0.0756,0.02139
1755565.0,0.23888,95.92081,0.2225,0.0078,0.09696,0.05706,0.30676,90.60323,0.19777,-0.06023,0.07619,0.0941
1755570.0,0.25166,2.55501,0.22541,0.01024,0.09657,0.06333,0.07346,-46.6603,0.18534,-0.0589,0.0756,0.0054
1755575.0,-0.22131,-94.59296,0.225,0.00792,0.09613,0.04898,-0.09489,-33.66959,0.17629,-0.05926,0.07486,0.009
1755580.0,0.18741,81.74298,0.22124,0.00972,0.09548,0.03512,-0.01815,15.34709,0.16048,-0.05884,0.07413,0.00033
1755585.0,-0.20976,-79.43418,0.2201,0.00752,0.095,0.044,-0.09146,-14.66124,0.15358,-0.05917,0.0734,0.00836
1755590.0,0.33663,109.27973,0.23175,0.01081,0.09511,0.11332,0.4099,100.27269,0.17921,-0.05448,0.07482,0.16802
1755595.0,0.26925,-13.47616,0.2355,0.0134,0.09482,0.0725,0.14305,-53.37083,0.17559,-0.0525,0.07445,0.02046
1755600.0,-0.27643,-109.1371,0.23959,0.0105,0.09469,0.07641,-0.08703,-46.01656,0.16674,-0.05285,0.07372,0.00757
1755605.0,0.06956,69.19748,0.22259,0.01109,0.09378,0.00484,-0.06479,4.44763,0.15654,-0.05297,0.07299,0.0042
1755610.0,-0.31596,-77.10218,0.23193,0.00782,0.09389,0.09983,-0.16541,-20.12293,0.15743,-0.05409,0.07238,0.02736
1755615.0,0.59039,181.26834,0.26777,0.01365,0.09628,0.34856,0.61252,155.58646,0.20294,-0.04743,0.07601,0.37518
1755620.0,0.42557,-32.96235,0.28355,0.01776,0.09698,0.18111,0.30105,-62.29499,0.21275,-0.04394,0.07644,0.09063
1755625.0,0.00015,-85.08517,0.25521,0.01759,0.09601,0.0,0.1598,-28.24876,0.20746,-0.04191,0.07608,0.02554
1755630.0,0.45522,91.01344,0.27521,0.02196,0.09693,0.20722,0.29355,26.74967,0.21607,-0.03855,0.07643,0.08617
1755635.0,-0.04384,-99.811,0.25207,0.02131,0.096,0.00192,0.1309,-32.53128,0.20755,-0.03686,0.07594,0.01713
1755640.0,0.69449,147.66653,0.29632,0.02804,0.09948,0.48232,0.45011,63.84359,0.23181,-0.03199,0.07751,0.2026
1755645.0,0.44695,-49.50915,0.31138,0.03223,0.10021,0.19976,0.13262,-63.49786,0.22189,-0.03034,0.077,0.01759
1755650.0,0.08638,-72.11404,0.28888,0.03277,0.09923,0.00746,0.06193,-14.13962,0.20589,-0.02942,0.07631,0.00383
1755655.0,0.32243,47.21102,0.29223,0.03567,0.09906,0.10396,0.04443,-3.49978,0.18974,-0.02868,0.0756,0.00197
1755660.0,0.04441,-55.60506,0.26745,0.03575,0.09807,0.00197,0.06892,4.8989,0.17766,-0.0277,0.07494,0.00475
1755665.0,0.70361,131.84085,0.31107,0.04243,0.10147,0.49507,0.34116,54.4477,0.19401,-0.02401,0.07552,0.11639
1755670.0,0.3134,-78.04302,0.3113,0.04514,0.10117,0.09822,-0.07344,-82.91924,0.18195,-0.02451,0.07479,0.00539
1755675.0,0.10478,-41.72316,0.29065,0.04574,0.10019,0.01098,0.01739,18.16561,0.1655,-0.02409,0.07406,0.0003
1755680.0,0.54763,88.5705,0.31635,0.05076,0.10166,0.2999,0.19797,36.11606,0.16875,-0.02187,0.0738,0.03919
1755685.0,0.03306,-102.91466,0.28802,0.05058,0.10065,0.00109,0.04366,-30.86186,0.15624,-0.02121,0.07311,0.00191
1755690.0,0.69345,132.0784,0.32856,0.05701,0.10369,0.48088,0.31881,55.02956,0.17249,-0.01781,0.07351,0.10164
1755695.0,0.44185,-50.32051,0.33989,0.06086,0.10411,0.19523,0.01307,-61.1489,0.15655,-0.01751,0.07278,0.00017
1755700.0,0.21703,-44.96394,0.3276,0.06242,0.1033,0.0471,0.09413,16.21167,0.15031,-0.01639,0.07218,0.00886
1755705.0,0.36664,29.92157,0.33151,0.06546,0.10318,0.13442,0.01801,-15.22272,0.13708,-0.01604,0.07147,0.00032
1755710.0,-0.13118,-99.56342,0.31148,0.06349,0.10252,0.01721,-0.11758,-27.11818,0.13513,-0.01706,0.07085,0.01382
1755715.0,0.47698,121.63187,0.32803,0.06763,0.10318,0.22751,0.15361,54.23725,0.13698,-0.01535,0.07043,0.0236
1755720.0,0.03655,-88.08591,0.29888,0.06732,0.10215,0.00134,-0.26504,-83.7298,0.14978,-0.01785,0.07034,0.07025
1755725.0,-0.07548,-22.40525,0.27654,0.06589,0.10133,0.0057,-0.09937,33.13506,0.14474,-0.01867,0.0697,0.00987
1755730.0,0.10564,36.22386,0.25945,0.06629,0.10033,0.01116,-0.15433,-10.99253,0.1457,-0.02002,0.06918,0.02382
1755735.0,-0.43568,-108.26428,0.27707,0.06127,0.1018,0.18982,-0.29295,-27.72335,0.16043,-0.02275,0.06922,0.08582
1755740.0,0.20691,128.51839,0.27006,0.06272,0.10099,0.04281,-0.00142,58.3058,0.14452,-0.02254,0.06853,0.0
1755745.0,-0.13466,-68.31512,0.25652,0.06075,0.10036,0.01813,-0.38152,-76.02138,0.16822,-0.02613,0.06911,0.14556
1755750.0,-0.22804,-18.67502,0.25367,0.05786,0.10018,0.052,-0.23425,29.45474,0.17483,-0.02821,0.06885,0.05487
1755755.0,-0.02943,39.72047,0.23124,0.05699,0.09925,0.00087,-0.24133,-1.41617,0.18148,-0.03034,0.0686,0.05824
1755760.0,-0.55679,-105.47199,0.2638,0.05085,0.10195,0.31002,-0.36974,-25.68112,0.2003,-0.03373,0.06904,0.13671
1755765.0,0.10118,131.59511,0.24754,0.05136,0.10095,0.01024,-0.10036,53.8752,0.19031,-0.0344,0.0684,0.01007
1755770.0,-0.22886,-66.00902,0.24567,0.04855,0.10071,0.05238,-0.46935,-73.79748,0.21821,-0.03875,0.06957,0.22029
1755775.0,-0.17022,11.72797,0.23813,0.04637,0.10018,0.02898,-0.16971,59.92769,0.21336,-0.04006,0.06904,0.0288
1755780.0,-0.04717,24.61078,0.21903,0.04543,0.09926,0.00223,-0.23693,-13.44305,0.21572,-0.04203,0.06873,0.05613
1755785.0,-0.43177,-76.92048,0.2403,0.04066,0.1005,0.18643,-0.28843,-10.30085,0.22299,-0.04449,0.06864,0.08319
1755790.0,0.14424,115.20285,0.2307,0.04169,0.0996,0.02081,-0.08049,41.58783,0.20874,-0.04485,0.06796,0.00648
1755795.0,-0.26124,-81.09653,0.23375,0.03866,0.0995,0.06825,-0.11621,-7.14458,0.19949,-0.04557,0.06733,0.01351
1755800.0,-0.05677,40.89516,0.21605,0.03771,0.0986,0.00322,0.22314,67.87084,0.20185,-0.04288,0.06737,0.04979
1755805.0,0.12566,36.48475,0.20701,0.03859,0.09769,0.01579,0.1356,-17.50751,0.19523,-0.04109,0.06701,0.01839
1755810.0,-0.34901,-94.93295,0.22121,0.03471,0.09818,0.12181,-0.01097,-29.31506,0.1768,-0.04079,0.06635,0.00012
1755815.0,0.21974,113.74998,0.22107,0.03656,0.09754,0.04829,0.19967,42.12812,0.17909,-0.03839,0.06625,0.03987
1755820.0,-0.19459,-82.86707,0.21842,0.03425,0.09708,0.03787,0.13299,-13.33614,0.17448,-0.03667,0.06587,0.01769
1755825.0,0.07425,53.76923,0.204,0.03465,0.09613,0.00551,0.46751,66.9036,0.20378,-0.03163,0.06771,0.21856
1755830.0,0.10112,5.37388,0.19371,0.03532,0.09521,0.01023,0.24301,-44.89949,0.2077,-0.02889,0.06777,0.05905
1755835.0,-0.44287,-108.79853,0.21863,0.03054,0.0965,0.19613,0.02871,-42.86022,0.1898,-0.02831,0.06712,0.00082
1755840.0,0.06662,101.89806,0.20343,0.0309,0.09555,0.00444,0.17976,30.21089,0.1888,-0.02623,0.06688,0.03231
1755845.0,-0.33167,-79.659,0.21625,0.02727,0.09588,0.11001,0.08145,-19.66326,0.17806,-0.02515,0.06632,0.00663
1755850.0,0.09538,85.41163,0.20417,0.02795,0.09497,0.0091,0.53099,89.90977,0.21336,-0.01959,0.06869,0.28196
1755855.0,0.04944,-9.18961,0.18869,0.02817,0.09402,0.00244,0.27596,-51.00705,0.21962,-0.01664,0.06886,0.07615
1755860.0,-0.34739,-79.36594,0.20456,0.02441,0.09446,0.12068,0.16619,-21.95439,0.21428,-0.01481,0.0685,0.02762
1755865.0,0.15336,100.14993,0.19944,0.0257,0.09368,0.02352,0.26878,20.51763,0.21973,-0.01197,0.0686,0.07224
1755870.0,-0.32618,-95.90788,0.21212,0.02218,0.09396,0.1064,0.10438,-32.87928,0.20819,-0.01081,0.06805,0.0109
1755875.0,0.1729,99.8167,0.2082,0.02369,0.09324,0.02989,0.57343,93.80953,0.24471,-0.00497,0.07071,0.32882
1755880.0,0.11875,-10.83105,0.19925,0.02464,0.0924,0.0141,0.3119,-52.30539,0.25143,-0.0018,0.07099,0.09728
1755885.0,-0.28636,-81.02095,0.20796,0.02153,0.09242,0.082,0.1966,-23.06023,0.24595,0.00019,0.07067,0.03865
1755890.0,0.20909,99.0904,0.20807,0.0234,0.09184,0.04372,0.29473,19.62675,0.25083,0.00313,0.07081,0.08687
1755895.0,-0.20613,-83.04509,0.20788,0.02111,0.09144,0.04249,0.18073,-22.80129,0.24382,0.00491,0.07041,0.03266
1755900.0,0.49541,140.30872,0.23663,0.02585,0.09273,0.24543,0.83911,131.67706,0.30335,0.01325,0.07653,0.70411
1755905.0,0.33435,-32.21249,0.2464,0.02894,0.09274,0.11179,0.45852,-76.11915,0.31886,0.0177,0.0777,0.21024
1755910.0,-0.1672,-100.3103,0.23848,0.02698,0.09219,0.02796,0.23717,-44.26985,0.31069,0.0199,0.0774,0.05625
1755915.0,0.24426,82.29266,0.23906,0.02915,0.09173,0.05966,0.30691,13.94846,0.31032,0.02277,0.07743,0.09419
1755920.0,-0.31964,-112.78038,0.24712,0.02566,0.092,0.10217,0.11189,-39.00456,0.29047,0.02366,0.07674,0.01252
1755925.0,0.53859,171.64572,0.27627,0.03079,0.09366,0.29008,0.85498,148.619,0.34692,0.03197,0.08274,0.73099
1755930.0,0.30028,-47.66162,0.27867,0.03349,0.09344,0.09017,0.41475,-88.04664,0.35371,0.0358,0.08335,0.17202
1755935.0,0.01575,-56.90509,0.25238,0.03331,0.0925,0.00025,0.39446,-4.05727,0.35778,0.03939,0.08378,0.1556
1755940.0,0.40756,78.36147,0.26789,0.03705,0.09295,0.16611,0.44529,10.16532,0.36653,0.04345,0.08456,0.19828
1755945.0,-0.10459,-102.43021,0.25156,0.03563,0.09222,0.01094,0.25496,-38.06656,0.35537,0.04556,0.08415,0.065
1755950.0,0.73119,167.15659,0.29953,0.04259,0.09604,0.53464,0.94906,138.82161,0.41474,0.0546,0.09131,0.90072
1755955.0,0.54201,-37.83632,0.32378,0.04758,0.09752,0.29378,0.58364,-73.08521,0.43163,0.05989,0.09314,0.34063
1755960.0,0.15714,-76.97379,0.30711,0.04868,0.09667,0.02469,0.48705,-19.31667,0.43717,0.06416,0.09399,0.23722
1755965.0,0.46094,60.75895,0.32249,0.0528,0.09736,0.21246,0.4369,-10.02995,0.43715,0.06789,0.09442,0.19089
1755970.0,-0.20387,-132.96049,0.31063,0.05024,0.09704,0.04156,0.13352,-60.67746,0.40678,0.06854,0.09351,0.01783
1755975.0,0.57108,154.98984,0.33668,0.05544,0.09873,0.32614,0.454,64.09715,0.41151,0.0724,0.09404,0.20612
1755980.0,0.32546,-49.12506,0.33556,0.05814,0.09845,0.10592,0.11713,-67.37463,0.38207,0.07284,0.09312,0.01372
1755985.0,-0.03803,-72.6983,0.3058,0.05718,0.09756,0.00145,0.06948,-9.53026,0.35081,0.07281,0.09218,0.00483
1755990.0,0.21454,50.5148,0.29668,0.05876,0.09683,0.04603,0.04099,-5.69713,0.31983,0.07249,0.09127,0.00168
1755995.0,-0.28167,-99.24263,0.29518,0.05535,0.09699,0.07934,-0.07659,-23.51548,0.2955,0.071,0.09058,0.00587
1756000.0,0.43065,142.46385,0.30872,0.0591,0.0974,0.18546,0.24446,64.20892,0.2904,0.07274,0.08997,0.05976
1756005.0,0.12695,-60.73876,0.29055,0.05978,0.09648,0.01612,-0.12643,-74.17699,0.274,0.07074,0.08946,0.01598
1756010.0,0.00044,-25.30177,0.26154,0.05919,0.09554,0.0,0.01912,29.10986,0.24851,0.07023,0.08859,0.00037
1756015.0,0.03216,6.3423,0.2386,0.05892,0.0946,0.00103,-0.13795,-31.41378,0.23746,0.06815,0.08813,0.01903
1756020.0,-0.44575,-95.5814,0.25931,0.05387,0.09615,0.19869,-0.23631,-19.672,0.23734,0.0651,0.08815,0.05584
1756025.0,0.28594,146.33852,0.26198,0.05619,0.09571,0.08176,0.1031,67.88073,0.22392,0.06548,0.08729,0.01063
1756030.0,-0.00269,-57.72568,0.23605,0.0556,0.09479,1e-05,-0.25292,-71.20452,0.22682,0.0623,0.08741,0.06397
1756035.0,-0.26011,-51.4845,0.23845,0.05245,0.09482,0.06766,-0.20442,9.70084,0.22458,0.05963,0.08723,0.04179
1756040.0,-0.05474,41.07459,0.22008,0.05138,0.09398,0.003,-0.22521,-4.15891,0.22464,0.05678,0.08715,0.05072
1756045.0,-0.52392,-93.83636,0.25047,0.04562,0.09629,0.27449,-0.34685,-24.32736,0.23686,0.05275,0.08788,0.12031
1756050.0,0.21853,148.48915,0.24727,0.04735,0.09562,0.04775,-0.02704,63.96216,0.21588,0.05195,0.08706,0.00073
1756055.0,-0.20793,-85.29107,0.24334,0.0448,0.0953,0.04323,-0.44726,-84.04321,0.23902,0.04696,0.08863,0.20004
1756060.0,-0.29769,-17.95231,0.24877,0.04137,0.0955,0.08862,-0.26446,36.55945,0.24156,0.04384,0.0887,0.06994
1756065.0,0.05834,71.2063,0.22973,0.04154,0.09454,0.0034,-0.16559,19.77441,0.23396,0.04175,0.08824,0.02742
1756070.0,-0.42355,-96.3786,0.24911,0.03689,0.09572,0.1794,-0.29281,-25.44421,0.23985,0.0384,0.08845,0.08574
1756075.0,0.23766,132.24265,0.24797,0.0389,0.09516,0.05648,0.0004,58.6411,0.2159,0.03802,0.08758,0.0
1756080.0,0.02699,-42.13469,0.22587,0.03878,0.09421,0.00073,0.14635,29.19066,0.20895,0.0391,0.08682,0.02142
1756085.0,0.05741,6.08338,0.20902,0.03897,0.09327,0.0033,0.31095,32.92058,0.21915,0.04182,0.08668,0.09669
1756090.0,0.1573,19.97838,0.20385,0.04015,0.09247,0.02474,0.14576,-33.03831,0.21181,0.04286,0.08592,0.02125
1756095.0,-0.33658,-98.77594,0.21712,0.03638,0.09294,0.11329,-0.01593,-32.33859,0.19222,0.04227,0.08509,0.00025
1756100.0,0.17081,101.4786,0.21249,0.03773,0.09219,0.02918,0.13495,30.17582,0.1865,0.0432,0.08433,0.01821
1756105.0,-0.25192,-84.54652,0.21643,0.03483,0.09209,0.06346,0.03037,-20.91659,0.17088,0.04307,0.08349,0.00092
1756110.0,0.02794,55.97337,0.19759,0.03476,0.09117,0.00078,0.37608,69.14324,0.1914,0.0464,0.08374,0.14144
1756115.0,-0.01447,-8.48206,0.17927,0.03427,0.09028,0.00021,0.12383,-50.45001,0.18464,0.04718,0.08296,0.01533
1756120.0,-0.56352,-109.81154,0.2177,0.02829,0.09288,0.31756,-0.05924,-36.61428,0.1721,0.04611,0.08224,0.00351
1756125.0,-0.02968,106.76784,0.1989,0.02771,0.09198,0.00088,0.06255,24.35833,0.16115,0.04628,0.08142,0.00391
1756130.0,-0.50394,-94.85098,0.2294,0.0224,0.09383,0.25395,-0.09127,-30.76429,0.15416,0.0449,0.08079,0.00833
1756135.0,0.02444,105.6755,0.20891,0.02242,0.09289,0.0006,0.43721,105.69649,0.18247,0.04883,0.08149,0.19115
1756140.0,-0.0166,-8.20755,0.18967,0.02203,0.09198,0.00028,0.17733,-51.97736,0.18195,0.05011,0.08084,0.03144
1756145.0,-0.63893,-124.46621,0.2346,0.01542,0.09534,0.40823,-0.10255,-55.97512,0.17401,0.04858,0.08026,0.01052
1756150.0,-0.16781,94.2241,0.22792,0.01358,0.09472,0.02816,-0.0327,13.96946,0.15988,0.04777,0.07952,0.00107
1756155.0,-0.62696,-91.82993,0.26782,0.00718,0.09779,0.39308,-0.17694,-28.84752,0.16159,0.04552,0.07922,0.03131
1756160.0,0.2107,167.53174,0.26211,0.00921,0.09722,0.04439,0.55419,146.22685,0.20085,0.05061,0.08096,0.30713
1756165.0,0.07722,-26.69514,0.24362,0.00989,0.09629,0.00596,0.22412,-66.01437,0.20318,0.05235,0.08045,0.05023
1756170.0,-0.3355,-82.54509,0.25281,0.00644,0.0965,0.11256,0.07403,-30.01784,0.19026,0.05256,0.07965,0.00548
1756175.0,0.03109,73.31847,0.23064,0.00669,0.09554,0.00097,0.10135,5.46314,0.18137,0.05305,0.07888,0.01027
1756180.0,-0.4502,-96.25871,0.2526,0.00212,0.09663,0.20268,-0.02485,-25.2406,0.16572,0.05227,0.07815,0.00062
1756185.0,0.37066,164.17245,0.2644,0.0058,0.097,0.13739,0.31929,68.8288,0.18108,0.05494,0.07806,0.10195
1756190.0,0.1463,-44.87198,0.25259,0.00721,0.09622,0.0214,-0.04334,-72.52518,0.1673,0.05396,0.07738,0.00188
1756195.0,-0.20111,-69.48275,0.24744,0.00512,0.09568,0.04045,-0.07463,-6.25937,0.15803,0.05267,0.07677,0.00557
1756200.0,0.22544,85.31128,0.24524,0.00733,0.0952,0.05082,0.05917,26.76052,0.14815,0.05274,0.076,0.0035
1756205.0,-0.27824,-100.7356,0.24854,0.00447,0.09505,0.07742,-0.0968,-31.19346,0.14301,0.05124,0.07546,0.00937
1756210.0,0.37824,131.29462,0.26151,0.00821,0.09547,0.14306,0.14226,47.81147,0.14294,0.05215,0.07479,0.02024
1756215.0,0.22605,-30.43648,0.25797,0.01039,0.09498,0.0511,-0.07742,-43.93611,0.13639,0.05086,0.0742,0.00599
1756220.0,0.01634,-41.94257,0.2338,0.01045,0.09403,0.00027,0.00864,17.2124,0.12361,0.05043,0.07348,7e-05
1756225.0,0.19832,36.3952,0.23026,0.01233,0.09343,0.03933,-0.03695,-9.11828,0.11495,0.04956,0.07282,0.00137
1756230.0,-0.378,-115.26345,0.24503,0.00842,0.09399,0.14288,-0.2397,-40.54992,0.12742,0.04667,0.07291,0.05746
1756235.0,0.29043,133.68623,0.24957,0.01124,0.09383,0.08435,0.04957,57.85401,0.11964,0.0467,0.07218,0.00246
1756240.0,-0.14852,-87.78972,0.23946,0.00965,0.09314,0.02206,-0.38811,-87.5361,0.14648,0.04235,0.07331,0.15063
1756245.0,-0.09615,10.47402,0.22513,0.00859,0.09232,0.00924,-0.13051,51.52017,0.14489,0.04062,0.07287,0.01703
1756250.0,-0.04935,9.35997,0.20755,0.00801,0.09143,0.00244,-0.30838,-35.5733,0.16123,0.03713,0.07334,0.0951
1756255.0,-0.52576,-95.28237,0.23937,0.00267,0.09331,0.27642,-0.42412,-23.14803,0.18752,0.03252,0.07469,0.17987
1756260.0,0.08674,122.50053,0.22411,0.00351,0.09245,0.00752,-0.17004,50.81509,0.18577,0.03049,0.07434,0.02891
1756265.0,-0.33038,-83.42514,0.23474,0.00017,0.09262,0.10915,-0.24324,-14.64056,0.19152,0.02776,0.07433,0.05917
1756270.0,-0.03485,59.10708,0.21475,-0.00018,0.0917,0.00121,0.1378,76.20866,0.18615,0.02886,0.07371,0.01899
1756275.0,-0.14211,-21.45278,0.20749,-0.0016,0.09098,0.0202,-0.14892,-57.34497,0.18243,0.02708,0.07328,0.02218
1756280.0,-0.46028,-63.63468,0.23277,-0.00618,0.09213,0.21186,-0.16712,-3.63856,0.1809,0.02514,0.07292,0.02793
1756285.0,0.07313,106.68351,0.2168,-0.00539,0.09127,0.00535,-0.03114,27.19553,0.16592,0.02457,0.07222,0.00097
1756290.0,-0.41693,-98.01199,0.23681,-0.00951,0.09202,0.17383,-0.17645,-29.06124,0.16697,0.02256,0.0719,0.03113
1756295.0,0.18694,120.77321,0.23183,-0.00754,0.09148,0.03495,0.42773,120.83426,0.19305,0.02661,0.07279,0.18295
1756300.0,0.05608,-26.17104,0.21425,-0.00691,0.0906,0.00315,0.10895,-63.75529,0.18464,0.02744,0.07212,0.01187
1756305.0,-0.58147,-127.51131,0.25097,-0.01265,0.09293,0.33811,-0.20099,-61.98684,0.18627,0.02515,0.07191,0.0404
1756310.0,-0.10744,94.80629,0.23662,-0.0136,0.09209,0.01154,-0.11852,16.49229,0.1795,0.02372,0.0714,0.01405
1756315.0,-0.57824,-94.1598,0.27078,-0.01925,0.0943,0.33436,-0.25476,-27.24688,0.18702,0.02093,0.07144,0.0649
1756320.0,0.34361,184.36911,0.27807,-0.01562,0.09464,0.11807,0.55487,161.9265,0.22381,0.02627,0.07352,0.30789
1756325.0,0.12179,-44.36334,0.26244,-0.01424,0.09388,0.01483,0.16408,-78.15897,0.21784,0.02765,0.07297,0.02692
1756330.0,-0.22533,-69.42484,0.25873,-0.01635,0.09338,0.05078,0.07717,-17.38101,0.20377,0.02814,0.07227,0.00596
1756335.0,0.13689,72.44475,0.24654,-0.01482,0.09268,0.01874,0.10594,5.7526,0.19399,0.02892,0.0716,0.01122
1756340.0,-0.36144,-99.66572,0.25803,-0.01829,0.09293,0.13064,-0.02141,-25.46875,0.17673,0.02842,0.07091,0.00046
1756345.0,0.53901,180.08896,0.28613,-0.01271,0.09504,0.29053,0.35235,74.75054,0.19429,0.03166,0.07123,0.12415
1756350.0,0.44477,-18.84632,0.30199,-0.00814,0.09614,0.19782,0.13153,-44.16357,0.18801,0.03266,0.07062,0.0173
1756355.0,0.13599,-61.75666,0.28539,-0.0067,0.09538,0.01849,0.17364,8.42189,0.18658,0.03407,0.07011,0.03015
1756360.0,0.45894,64.5899,0.30275,-0.00204,0.09656,0.21063,0.22563,10.3978,0.19048,0.03598,0.06977,0.05091
1756365.0,-0.15163,-122.11333,0.28764,-0.00354,0.09581,0.02299,-0.00791,-46.70663,0.17222,0.03554,0.06909,6e-05
1756370.0,0.42723,115.77119,0.3016,0.00077,0.09667,0.18252,0.16798,35.17801,0.1718,0.03687,0.06857,0.02822
1756375.0,0.11896,-61.65425,0.28333,0.00195,0.09584,0.01415,-0.17277,-68.15163,0.1719,0.03477,0.06831,0.02985
1756380.0,-0.08114,-40.01926,0.26311,0.00112,0.09495,0.00658,-0.07453,19.64864,0.16216,0.03368,0.06775,0.00555
1756385.0,0.11546,39.31983,0.24835,0.00226,0.09413,0.01333,-0.14559,-14.21239,0.1605,0.03189,0.06738,0.0212
1756390.0,-0.38462,-100.0153,0.26197,-0.0016,0.09465,0.14793,-0.28129,-27.14013,0.17258,0.02875,0.06767,0.07913
1756395.0,0.29582,136.08652,0.26536,0.00137,0.09457,0.08751,-0.01693,52.87288,0.15702,0.0283,0.06702,0.00029
1756400.0,-0.14913,-88.98896,0.25374,-0.00014,0.09385,0.02224,-0.45349,-87.31241,0.18667,0.02348,0.06862,0.20565
1756405.0,-0.32039,-34.25196,0.2604,-0.00334,0.09392,0.10265,-0.35811,19.07564,0.20381,0.01966,0.06936,0.12825
1756410.0,-0.09691,44.69633,0.24405,-0.00427,0.09306,0.00939,-0.36281,-0.93912,0.21971,0.01584,0.0701,0.13163
1756415.0,-0.64972,-110.56276,0.28462,-0.01073,0.09622,0.42214,-0.49726,-26.89007,0.24746,0.01071,0.07198,0.24727
1756420.0,-0.08851,112.24172,0.26501,-0.01151,0.09531,0.00783,-0.28861,41.72994,0.25158,0.00771,0.07214,0.0833
1756425.0,-0.49146,-80.59056,0.28765,-0.01631,0.09662,0.24154,-0.34902,-12.08272,0.26132,0.00415,0.07266,0.12182
1756430.0,-0.32304,33.68485,0.29119,-0.01937,0.09657,0.10435,-0.06538,56.7277,0.24173,0.00345,0.07199,0.00428
1756435.0,-0.24789,15.02991,0.28686,-0.02166,0.09612,0.06145,-0.21657,-30.23666,0.23921,0.00125,0.07174,0.0469
1756440.0,-0.70851,-92.12357,0.32903,-0.02853,0.09978,0.50198,-0.30779,-18.24491,0.24607,-0.00184,0.07196,0.09474
1756445.0,-0.13783,114.13625,0.30991,-0.02962,0.0989,0.019,-0.11809,37.93974,0.23327,-0.003,0.07137,0.01395
1756450.0,-0.53455,-79.34431,0.33237,-0.03467,0.10041,0.28574,-0.19619,-15.61888,0.22957,-0.00493,0.07102,0.03849
1756455.0,-0.13263,80.38319,0.3124,-0.03565,0.0995,0.01759,0.24698,88.63381,0.23131,-0.00241,0.07094,0.061
1756460.0,-0.15185,-3.84383,0.29634,-0.03681,0.09864,0.02306,0.00386,-48.6249,0.20856,-0.00235,0.07023,1e-05
1756465.0,-0.62245,-94.11899,0.32895,-0.04267,0.10101,0.38744,-0.18065,-36.90044,0.20577,-0.00413,0.06984,0.03263
1756470.0,-0.36084,52.32161,0.33214,-0.04585,0.101,0.1302,-0.30673,-25.21679,0.21587,-0.00716,0.07003,0.09408
1756475.0,-0.80825,-89.48243,0.37975,-0.05347,0.10568,0.65327,-0.38771,-16.19604,0.23305,-0.01097,0.07075,0.15032
1756480.0,-0.07083,147.48415,0.34886,-0.05365,0.10463,0.00502,0.31131,139.80396,0.24088,-0.00774,0.07106,0.09691
1756485.0,-0.09482,-4.79873,0.32346,-0.05406,0.1036,0.00899,0.02644,-56.97348,0.21943,-0.0074,0.07037,0.0007
1756490.0,-0.49508,-80.05093,0.34062,-0.05847,0.10447,0.2451,-0.10204,-25.69572,0.20769,-0.00835,0.06975,0.01041
1756495.0,-0.0175,95.51649,0.30831,-0.05806,0.10344,0.00031,0.00839,22.086,0.18776,-0.00818,0.06905,7e-05
1756500.0,-0.50191,-96.8821,0.32767,-0.0625,0.10434,0.25191,-0.10694,-23.06697,0.17968,-0.00917,0.06846,0.01144
1756505.0,0.43278,186.93695,0.33818,-0.05754,0.1057,0.1873,0.66887,155.16191,0.2286,-0.00239,0.07228,0.44738
1756510.0,0.27877,-30.80065,0.33224,-0.05418,0.10575,0.07772,0.28554,-76.66467,0.23429,0.00049,0.07237,0.08154
1756515.0,-0.0108,-57.9154,0.30009,-0.05375,0.10471,0.00012,0.27986,-1.13748,0.23885,0.00329,0.07241,0.07832
1756520.0,0.11102,24.3645,0.28119,-0.0521,0.10393,0.01233,0.11363,-33.24583,0.22633,0.00439,0.07181,0.01291
1756525.0,-0.46493,-115.18917,0.29956,-0.05623,0.10456,0.21616,-0.1082,-44.36634,0.21452,0.00326,0.07121,0.01171
1756530.0,0.39151,171.28618,0.30875,-0.05175,0.10548,0.15328,0.22541,66.72285,0.21561,0.00548,0.07098,0.05081
1756535.0,0.16528,-45.24565,0.29441,-0.04958,0.10489,0.02732,-0.1001,-65.10184,0.20405,0.00443,0.07038,0.01002
1756540.0,0.03952,-25.15187,0.26892,-0.04869,0.10392,0.00156,0.05313,30.64492,0.18896,0.00492,0.0697,0.00282
1756545.0,0.30835,53.76669,0.27286,-0.04512,0.10413,0.09508,0.06343,2.06074,0.17641,0.0055,0.06904,0.00402
1756550.0,-0.21462,-104.59493,0.26704,-0.04681,0.10337,0.04606,-0.09485,-31.65646,0.16825,0.0045,0.06845,0.009
1756555.0,0.4634,135.60376,0.28667,-0.04171,0.10488,0.21474,0.19046,57.06178,0.17047,0.00636,0.0681,0.03627
1756560.0,0.0755,-77.57983,0.26556,-0.04054,0.10397,0.0057,-0.21471,-81.03252,0.1749,0.00415,0.0679,0.0461
1756565.0,0.0349,-8.11941,0.24249,-0.03979,0.10299,0.00122,0.01016,44.97394,0.15842,0.00421,0.06722,0.0001
1756570.0,0.07505,8.03109,0.22575,-0.03864,0.10209,0.00563,-0.1514,-32.3134,0.15772,0.00265,0.06679,0.02292
1756575.0,-0.42426,-99.86213,0.2456,-0.04249,0.10252,0.17999,-0.25138,-19.99634,0.16709,0.00011,0.06675,0.06319
1756580.0,0.20146,125.14227,0.24118,-0.04005,0.10208,0.04058,-0.00691,48.8949,0.15107,4e-05,0.06608,5e-05
1756585.0,-0.23533,-87.35768,0.2406,-0.04201,0.10143,0.05538,-0.0986,-18.33887,0.14582,-0.00095,0.06552,0.00972
1756590.0,-0.08882,29.30235,0.22542,-0.04247,0.10044,0.00789,0.16234,52.18914,0.14748,0.00069,0.06513,0.02635
1756595.0,-0.03465,10.83355,0.20634,-0.0424,0.09944,0.0012,-0.0158,-35.62878,0.13431,0.00052,0.06448,0.00025
1756600.0,-0.5227,-97.6095,0.23798,-0.0472,0.1007,0.27322,-0.13058,-22.95602,0.13394,-0.00079,0.064,0.01705
1756605.0,-0.0375,97.03995,0.21793,-0.0471,0.0997,0.00141,-0.05195,15.72577,0.12574,-0.0013,0.06339,0.0027
1756610.0,-0.52517,-97.53378,0.24866,-0.05188,0.10094,0.2758,-0.19796,-29.20182,0.13296,-0.00327,0.06313,0.03919
1756615.0,0.03803,112.64042,0.22759,-0.05098,0.10001,0.00145,0.37032,113.65752,0.1567,0.00047,0.06387,0.13714
1756620.0,0.07962,8.31858,0.2128,-0.04968,0.09918,0.00634,0.16923,-40.21894,0.15795,0.00216,0.06351,0.02864
1756625.0,-0.34427,-84.77929,0.22594,-0.05262,0.09904,0.11852,0.02256,-29.33444,0.14441,0.00236,0.06288,0.00051
1756630.0,0.27714,124.28179,0.23106,-0.04933,0.09911,0.0768,0.23816,43.12104,0.15379,0.00472,0.06279,0.05672
1756635.0,-0.24544,-104.5162,0.2325,-0.05129,0.0985,0.06024,0.05968,-35.69717,0.14437,0.00527,0.0622,0.00356
1756640.0,0.59659,168.40747,0.26891,-0.04481,0.10163,0.35592,0.4137,70.8044,0.17131,0.00935,0.06321,0.17115
1756645.0,0.34638,-50.04212,0.27666,-0.0409,0.10211,0.11998,0.06398,-69.94418,0.16057,0.0099,0.06261,0.00409
1756650.0,-0.03113,-75.44225,0.2521,-0.0408,0.10109,0.00097,-0.01304,-15.39031,0.14582,0.00967,0.06198,0.00017
1756655.0,0.32565,71.3564,0.25946,-0.03713,0.1014,0.10605,0.02808,8.22289,0.13405,0.00985,0.06137,0.00079
1756660.0,-0.28151,-121.43302,0.26167,-0.03958,0.10097,0.07925,-0.18794,-43.20342,0.13944,0.00787,0.06114,0.03532
1756665.0,0.48839,153.9814,0.28434,-0.0343,0.10269,0.23853,0.13412,64.41096,0.1389,0.00914,0.06068,0.01799
1756670.0,0.17145,-63.38933,0.27305,-0.03224,0.10208,0.02939,-0.24551,-75.92591,0.14956,0.00659,0.06071,0.06028
1756675.0,-0.1114,-56.56859,0.25688,-0.03303,0.10112,0.01241,-0.19387,10.3294,0.15399,0.00459,0.0605,0.03758
1756680.0,0.0999,42.26014,0.24119,-0.0317,0.10028,0.00998,-0.21614,-4.45426,0.16021,0.00238,0.06037,0.04672
1756685.0,-0.40727,-101.43485,0.25779,-0.03546,0.10066,0.16587,-0.34591,-25.95401,0.17878,-0.0011,0.06096,0.11965
1756690.0,0.3779,157.03391,0.2698,-0.03133,0.10133,0.14281,-0.00508,68.16505,0.16141,-0.00114,0.06035,3e-05
1756695.0,-0.08256,-92.092,0.25108,-0.03184,0.10034,0.00682,-0.45321,-89.62547,0.19059,-0.00566,0.06175,0.2054
1756700.0,-0.18357,-20.20206,0.24433,-0.03335,0.09956,0.0337,-0.25845,38.95255,0.19737,-0.00819,0.06175,0.06679
1756705.0,-0.11861,12.99142,0.23176,-0.03421,0.09864,0.01407,-0.42744,-33.79961,0.22038,-0.01238,0.06286,0.18271
1756710.0,-0.44794,-65.86629,0.25338,-0.03834,0.09933,0.20065,-0.41376,2.73632,0.23972,-0.0164,0.06381,0.1712
1756715.0,0.26644,142.87607,0.25468,-0.0353,0.09925,0.07099,-0.08739,65.27509,0.22449,-0.01711,0.06322,0.00764
1756720.0,-0.25996,-105.2793,0.25521,-0.03754,0.09875,0.06758,-0.19406,-21.33438,0.22144,-0.01888,0.0629,0.03766
1756725.0,0.04671,61.33504,0.23436,-0.0367,0.09783,0.00218,0.20202,79.21602,0.2195,-0.01667,0.06275,0.04081
1756730.0,0.0873,8.11688,0.21965,-0.03546,0.097,0.00762,-0.01653,-43.71111,0.1992,-0.01667,0.06212,0.00027
1756735.0,-0.42027,-101.51434,0.23972,-0.03931,0.09748,0.17663,-0.16674,-30.04031,0.19596,-0.01817,0.06172,0.0278
1756740.0,0.21534,127.1226,0.23728,-0.03676,0.09714,0.04637,0.07391,48.12849,0.18375,-0.01725,0.06118,0.00546
1756745.0,-0.22868,-88.80352,0.23642,-0.03868,0.09653,0.05229,-0.02625,-20.03206,0.168,-0.01734,0.06057,0.00069
1756750.0,0.54231,154.19812,0.26701,-0.03287,0.09888,0.2941,0.64069,133.38982,0.21527,-0.01076,0.06421,0.41049
1756755.0,0.45119,-18.22451,0.28543,-0.02803,0.10019,0.20357,0.34929,-58.28127,0.22867,-0.00716,0.06484,0.122
1756760.0,0.05804,-78.63091,0.26269,-0.02717,0.09926,0.00337,0.27813,-14.23184,0.23362,-0.0043,0.06499,0.07736
1756765.0,0.40846,70.08399,0.27726,-0.02281,0.10012,0.16684,0.25385,-4.85629,0.23564,-0.00172,0.06499,0.06444
1756770.0,-0.2147,-124.63042,0.27101,-0.02473,0.09948,0.04609,-0.0235,-55.46918,0.21443,-0.00194,0.06435,0.00055
1756775.0,0.63338,169.61441,0.30724,-0.01815,0.10273,0.40117,0.30948,66.59583,0.22393,0.00117,0.06465,0.09578
1756780.0,0.37491,-51.69349,0.31401,-0.01422,0.10322,0.14056,-0.03212,-68.31974,0.20475,0.00084,0.06402,0.00103
1756785.0,-0.09015,-93.01109,0.29162,-0.01498,0.10224,0.00813,-0.12289,-18.1547,0.19657,-0.0004,0.06353,0.0151
1756790.0,0.27614,73.25698,0.29008,-0.01207,0.10205,0.07625,-0.06815,10.94748,0.18372,-0.00107,0.06294,0.00464
1756795.0,-0.25694,-106.61619,0.28676,-0.01452,0.10162,0.06602,-0.21513,-29.39513,0.18686,-0.00321,0.06276,0.04628
1756800.0,0.59684,170.7569,0.31777,-0.0084,0.10427,0.35622,0.2114,85.30668,0.18932,-0.00107,0.06258,0.04469
1756805.0,0.41918,-35.53267,0.32791,-0.00413,0.10502,0.17571,-0.05982,-54.24532,0.17637,-0.00166,0.06199,0.00358
1756810.0,0.18207,-47.42125,0.31333,-0.00227,0.10431,0.03315,-0.00259,11.44667,0.15899,-0.00167,0.06137,1e-05
1756815.0,0.44019,51.62288,0.32601,0.00216,0.10518,0.19376,0.01494,3.50655,0.14459,-0.0015,0.06076,0.00022
1756820.0,-0.19168,-126.3732,0.31258,0.00022,0.1045,0.03674,-0.16578,-36.14374,0.14671,-0.00314,0.06042,0.02748
1756825.0,0.49889,138.11446,0.33121,0.00521,0.10589,0.24889,0.09962,53.07948,0.142,-0.00211,0.05991,0.00992
1756830.0,0.09499,-80.78011,0.30759,0.0061,0.10491,0.00902,-0.34126,-88.17597,0.16192,-0.00551,0.06044,0.11646
1756835.0,-0.02998,-24.99523,0.27983,0.00574,0.10387,0.0009,-0.15647,36.95733,0.16138,-0.00702,0.06006,0.02448
1756840.0,0.17254,40.50415,0.2691,0.00741,0.10311,0.02977,-0.18213,-5.13211,0.16345,-0.00877,0.05976,0.03317
1756845.0,-0.27523,-89.55315,0.26971,0.00458,0.10286,0.07575,-0.2562,-14.81273,0.17273,-0.01124,0.05976,0.06564
1756850.0,0.34706,124.45712,0.27745,0.00801,0.10298,0.12045,-0.04007,43.22467,0.15946,-0.01153,0.05917,0.00161
1756855.0,-0.12016,-93.44267,0.26172,0.00673,0.10211,0.01444,-0.12935,-17.85583,0.15645,-0.01271,0.05872,0.01673
1756860.0,0.09243,42.5168,0.24479,0.00758,0.10116,0.00854,0.20376,66.62153,0.16118,-0.01054,0.05859,0.04152
1756865.0,-0.0328,-25.04591,0.22359,0.00718,0.10017,0.00108,-0.13939,-68.63024,0.159,-0.01183,0.05817,0.01943
1756870.0,-0.53809,-101.0574,0.25504,0.00173,0.10208,0.28954,-0.27864,-27.84903,0.17097,-0.0145,0.05828,0.07764
1756875.0,0.0357,114.75802,0.23311,0.00207,0.10107,0.00127,-0.11992,31.74384,0.16586,-0.01555,0.05781,0.01438
1756880.0,-0.55583,-118.3066,0.26538,-0.00351,0.10311,0.30895,-0.28557,-33.12936,0.17783,-0.01825,0.05795,0.08155
1756885.0,0.02092,115.3502,0.24093,-0.00327,0.10208,0.00044,0.27274,111.66103,0.18732,-0.01534,0.0582,0.07439
1756890.0,-0.01688,-7.56,0.21853,-0.0034,0.10107,0.00028,-0.01736,-58.02021,0.17033,-0.01536,0.05761,0.0003
1756895.0,-0.52411,-101.4464,0.24909,-0.00861,0.10271,0.27469,-0.16981,-30.48974,0.17028,-0.01691,0.05727,0.02884
1756900.0,0.05049,114.92125,0.22923,-0.00802,0.10172,0.00255,0.014,36.76243,0.15465,-0.0166,0.05671,0.0002
1756905.0,-0.30608,-71.31553,0.23691,-0.011,0.10157,0.09369,-0.02009,-6.8176,0.14119,-0.01663,0.05614,0.0004
1756910.0,0.64083,189.38361,0.2773,-0.00448,0.10472,0.41067,0.77889,159.79564,0.20496,-0.00868,0.06178,0.60667
1756915.0,0.45673,-36.82075,0.29525,0.00013,0.10576,0.2086,0.40799,-74.1804,0.22526,-0.00451,0.06287,0.16645
1756920.0,0.05474,-80.39883,0.2712,0.00068,0.10473,0.003,0.29357,-22.88293,0.2321,-0.00153,0.06311,0.08619
1756925.0,0.40859,70.77012,0.28494,0.00476,0.10531,0.16694,0.26767,-5.18064,0.23565,0.00116,0.06319,0.07165
1756930.0,-0.2266,-127.03641,0.2791,0.00244,0.10479,0.05135,-0.01524,-56.58193,0.21361,0.001,0.06256,0.00023
1756935.0,0.6334,172.00006,0.31453,0.00875,0.10764,0.4012,0.35851,74.74883,0.2281,0.00457,0.06319,0.12853
1756940.0,0.28993,-68.69438,0.31207,0.01156,0.10734,0.08406,-0.05458,-82.6164,0.21075,0.00398,0.06259,0.00298
1756945.0,-0.01668,-61.32257,0.28253,0.01128,0.10627,0.00028,-0.05868,-0.81971,0.19554,0.00335,0.062,0.00344
1756950.0,0.18602,40.53922,0.27288,0.01303,0.10551,0.0346,-0.13269,-14.80387,0.18926,0.00199,0.06156,0.01761
1756955.0,-0.34795,-106.7941,0.28039,0.00942,0.10573,0.12107,-0.27522,-28.50597,0.19785,-0.00078,0.0617,0.07575
1756960.0,0.44713,159.01666,0.29706,0.0138,0.10655,0.19992,0.1031,75.66483,0.18838,0.00026,0.06119,0.01063
1756965.0,0.04316,-80.79459,0.27167,0.01409,0.10549,0.00186,-0.34402,-89.42421,0.20394,-0.00318,0.06174,0.11835
1756970.0,0.00088,-8.4549,0.24459,0.01396,0.10444,0.0,-0.13219,42.36723,0.19677,-0.00447,0.06128,0.01747
1756975.0,0.20185,40.19284,0.24032,0.01584,0.10374,0.04074,-0.16111,-5.78437,0.1932,-0.00604,0.06091,0.02596
1756980.0,-0.57427,-155.22256,0.27371,0.00994,0.10612,0.32978,-0.48415,-64.60892,0.2223,-0.01082,0.06254,0.2344
1756985.0,0.08788,132.43045,0.25513,0.01071,0.10512,0.00772,-0.24057,48.71605,0.22412,-0.01312,0.06244,0.05787
1756990.0,-0.35742,-89.06049,0.26536,0.00703,0.10539,0.12775,-0.309,-13.68516,0.23261,-0.01608,0.06267,0.09548
1756995.0,0.12263,96.01015,0.25109,0.00819,0.10447,0.01504,0.23278,108.35488,0.23263,-0.01359,0.06265,0.05419
1757000.0,0.07214,-10.09942,0.23319,0.00883,0.10347,0.0052,-0.05592,-57.73972,0.21496,-0.01401,0.06204,0.00313
1757005.0,-0.53154,-120.73508,0.26303,0.00343,0.10529,0.28253,-0.30404,-49.6233,0.22386,-0.01691,0.06224,0.09244
1757010.0,0.04825,115.95753,0.24155,0.00387,0.10426,0.00233,-0.14037,32.73273,0.21552,-0.01815,0.06177,0.0197
1757015.0,-0.55295,-120.23931,0.27269,-0.00169,0.10626,0.30575,-0.34245,-40.4144,0.22821,-0.02139,0.06218,0.11727
1757020.0,0.34985,180.55968,0.2804,0.00182,0.10641,0.1224,0.47606,163.70058,0.25299,-0.01641,0.06399,0.22663
1757025.0,0.27521,-14.9284,0.27988,0.00455,0.10607,0.07574,0.19738,-55.73581,0.24743,-0.01428,0.0638,0.03896
1757030.0,-0.11161,-77.36285,0.26306,0.00339,0.10515,0.01246,0.10618,-18.23991,0.23331,-0.01307,0.0633,0.01127
1757035.0,0.18379,59.0787,0.25513,0.0052,0.10441,0.03378,0.07707,-5.82123,0.21768,-0.01217,0.06275,0.00594
1757040.0,-0.35368,-107.49429,0.26499,0.00161,0.10463,0.12509,-0.08796,-33.00654,0.20471,-0.01293,0.06218,0.00774
1757045.0,0.52925,176.58684,0.29141,0.00688,0.10631,0.28011,0.26258,70.10796,0.2105,-0.01017,0.0623,0.06895
1757050.0,0.27421,-51.00863,0.28969,0.00956,0.10595,0.07519,-0.11759,-76.03438,0.20121,-0.01125,0.06179,0.01383
1757055.0,0.12667,-29.50675,0.27339,0.01073,0.10503,0.01605,0.04722,32.96233,0.18581,-0.01066,0.0612,0.00223
1757060.0,0.39615,53.8953,0.28567,0.01458,0.10543,0.15693,0.06113,2.78327,0.17334,-0.00995,0.06064,0.00374
1757065.0,-0.16664,-112.55834,0.27376,0.01277,0.1047,0.02777,-0.10272,-32.77131,0.16628,-0.01087,0.06012,0.01055
1757070.0,0.61663,156.65353,0.30805,0.01881,0.10723,0.38023,0.22511,65.56718,0.17216,-0.00851,0.06006,0.05068
1757075.0,0.18964,-85.39661,0.29621,0.02052,0.10644,0.03596,-0.20202,-85.42707,0.17515,-0.01045,0.05983,0.04081
1757080.0,0.13023,-11.88344,0.27961,0.02161,0.10549,0.01696,0.03426,47.25701,0.16106,-0.01,0.05925,0.00117
1757085.0,0.31842,37.63852,0.28349,0.02458,0.1053,0.10139,-0.01237,-9.32685,0.14619,-0.01002,0.05866,0.00015
1757090.0,-0.23833,-111.26067,0.27898,0.02195,0.10493,0.0568,-0.16859,-31.21802,0.14843,-0.01161,0.05832,0.02842
1757095.0,0.4731,142.2852,0.29839,0.02647,0.10587,0.22382,0.14224,62.16605,0.14781,-0.01007,0.05797,0.02023
1757100.0,0.05992,-82.63602,0.27454,0.0268,0.10482,0.00359,-0.2767,-83.78841,0.1607,-0.01274,0.05809,0.07656
1757105.0,0.01374,-9.23544,0.24846,0.02667,0.10378,0.00019,-0.0685,41.63864,0.15148,-0.0133,0.05754,0.00469
1757110.0,0.13382,24.01539,0.237,0.02774,0.10285,0.01791,-0.16585,-19.46869,0.15292,-0.01482,0.05719,0.02751
1757115.0,-0.48532,-123.82751,0.26183,0.02261,0.1044,0.23554,-0.33038,-32.90607,0.17066,-0.01798,0.05759,0.10915
1757120.0,0.093,115.66386,0.24495,0.02331,0.10341,0.00865,-0.08789,48.49786,0.16239,-0.01868,0.05706,0.00772
1757125.0,-0.3604,-90.68031,0.25649,0.01948,0.10382,0.12989,-0.17326,-17.07478,0.16347,-0.02022,0.05673,0.03002
1757130.0,-0.11805,48.47095,0.24265,0.0181,0.10296,0.01394,0.17466,69.58542,0.16459,-0.01827,0.05653,0.03051
1757135.0,-0.1443,-5.25101,0.23281,0.01648,0.10219,0.02082,-0.07335,-49.60274,0.15547,-0.01882,0.056,0.00538
1757140.0,-0.65287,-101.71239,0.27482,0.00978,0.10556,0.42623,-0.2227,-29.87058,0.16219,-0.02086,0.05584,0.0496
1757145.0,-0.13478,103.61758,0.26081,0.00834,0.10471,0.01817,-0.12769,19.00315,0.15874,-0.02193,0.0554,0.0163
1757150.0,-0.72507,-118.05854,0.30724,0.001,0.10894,0.52573,-0.33333,-41.12938,0.1762,-0.02504,0.05579,0.11111
1757155.0,0.04517,154.0481,0.28103,0.00145,0.10787,0.00204,0.40791,148.24788,0.19937,-0.02072,0.05707,0.16639
1757160.0,0.00272,-8.49068,0.2532,0.00146,0.10679,1e-05,0.13436,-54.71029,0.19287,-0.01916,0.05674,0.01805
1757165.0,-0.44057,-88.65661,0.27194,-0.00296,0.10763,0.1941,0.02468,-21.93404,0.17605,-0.01873,0.05619,0.00061
1757170.0,-0.02427,83.25868,0.24717,-0.00317,0.10656,0.00059,0.03041,1.14453,0.16149,-0.01823,0.05565,0.00092
1757175.0,-0.54577,-104.29872,0.27703,-0.0086,0.10838,0.29786,-0.13067,-32.21603,0.15841,-0.01936,0.05522,0.01708
1757180.0,0.45132,199.41711,0.29446,-0.004,0.10937,0.20369,0.7403,174.19414,0.21659,-0.01176,0.06032,0.54804
1757185.0,0.20275,-49.71428,0.28529,-0.00193,0.1087,0.04111,0.26676,-94.70694,0.22161,-0.00898,0.06048,0.07116
1757190.0,-0.10043,-60.63538,0.2668,-0.00292,0.1077,0.01009,0.22949,-7.4544,0.2224,-0.00659,0.06043,0.05267
1757195.0,-0.04543,11.00004,0.24467,-0.00334,0.10665,0.00206,-0.00146,-46.19117,0.20031,-0.00654,0.05983,0.0
1757200.0,-0.64727,-120.36816,0.28493,-0.00978,0.10964,0.41896,-0.2233,-44.36763,0.20261,-0.00871,0.05969,0.04986
1757205.0,0.1191,153.27325,0.26834,-0.00849,0.10871,0.01418,0.0594,56.54092,0.18829,-0.00803,0.05914,0.00353
1757210.0,-0.17489,-58.79683,0.259,-0.01016,0.10789,0.03059,-0.36689,-85.25922,0.20615,-0.01162,0.05981,0.13461
1757215.0,-0.43693,-52.40728,0.27679,-0.01443,0.1086,0.1909,-0.29768,13.84383,0.2153,-0.01448,0.06001,0.08861
1757220.0,-0.01798,83.78972,0.25091,-0.01446,0.10751,0.00032,-0.18233,23.06853,0.212,-0.01616,0.05969,0.03325
1757225.0,-0.62315,-121.03571,0.28813,-0.02055,0.11007,0.38832,-0.38408,-40.34877,0.22921,-0.01983,0.06042,0.14751
1757230.0,0.22508,169.64769,0.28183,-0.01809,0.10956,0.05066,-0.01921,72.97314,0.20821,-0.01983,0.05982,0.00037
1757235.0,-0.16173,-77.36279,0.26982,-0.01953,0.10867,0.02616,-0.4247,-81.09737,0.22986,-0.02388,0.06082,0.18037
1757240.0,-0.34319,-36.29141,0.27716,-0.02277,0.10861,0.11778,-0.24734,35.47104,0.23161,-0.02611,0.0607,0.06118
1757245.0,-0.09603,49.43154,0.25904,-0.0235,0.10757,0.00922,-0.29951,-10.43278,0.2384,-0.02885,0.06083,0.0897
1757250.0,-0.5297,-86.73469,0.28611,-0.02856,0.10901,0.28059,-0.36167,-12.43302,0.25072,-0.03217,0.06131,0.13081
1757255.0,0.0658,119.10152,0.26408,-0.02762,0.10801,0.00433,-0.14865,42.60507,0.24052,-0.03334,0.06083,0.0221
1757260.0,-0.38542,-90.24413,0.27621,-0.03119,0.10818,0.14855,-0.18917,-8.10577,0.23538,-0.0349,0.06046,0.03579
1757265.0,-0.4599,-14.89643,0.29458,-0.03548,0.1089,0.21151,-0.04792,28.25134,0.21664,-0.03503,0.05985,0.0023
1757270.0,-0.52589,-13.19904,0.31771,-0.04039,0.11017,0.27656,-0.37345,-65.10718,0.23232,-0.03841,0.06038,0.13947
1757275.0,-0.99416,-93.65304,0.38536,-0.04992,0.11798,0.98835,-0.48988,-23.28578,0.25807,-0.04293,0.06177,0.23999
1757280.0,-0.34459,129.91451,0.38128,-0.05287,0.11765,0.11874,-0.26126,45.72545,0.25839,-0.04511,0.06162,0.06825
1757285.0,-0.6676,-64.60209,0.40991,-0.05902,0.12018,0.44569,-0.26279,-0.30701,0.25883,-0.04729,0.06147,0.06906
1757290.0,-0.29823,73.87366,0.39874,-0.06141,0.11954,0.08894,0.12913,78.38437,0.24586,-0.04552,0.06116,0.01667
1757295.0,-0.46138,-32.62959,0.40501,-0.06541,0.11991,0.21287,-0.24077,-73.9801,0.24535,-0.04747,0.06092,0.05797
1757300.0,-0.93519,-94.76326,0.45803,-0.07411,0.12613,0.87459,-0.37087,-26.02039,0.2579,-0.05071,0.06134,0.13755
1757305.0,-0.37018,113.0021,0.44924,-0.07707,0.12573,0.13703,-0.25484,23.20581,0.2576,-0.05275,0.06113,0.06494
1757310.0,-0.85311,-96.58654,0.48963,-0.08483,0.13037,0.7278,-0.38294,-25.62007,0.27013,-0.05605,0.06159,0.14664
1757315.0,-0.0484,160.94342,0.44551,-0.08446,0.12908,0.00234,0.379,152.38753,0.28102,-0.0517,0.06283,0.14364
1757320.0,-0.15413,-21.14691,0.41637,-0.08516,0.12784,0.02376,0.04542,-66.71564,0.25746,-0.05073,0.06229,0.00206
1757325.0,-0.49547,-68.26657,0.42428,-0.08926,0.12821,0.24549,-0.02641,-14.36628,0.23435,-0.05049,0.06168,0.0007
1757330.0,-0.05754,87.58553,0.3876,-0.08895,0.12694,0.00331,-0.04872,-4.46114,0.21579,-0.05047,0.06106,0.00237
1757335.0,-0.40916,-70.3252,0.38976,-0.09215,0.12667,0.16741,-0.07245,-4.74634,0.20146,-0.05069,0.06045,0.00525
1757340.0,0.26779,135.39102,0.37756,-0.08855,0.12668,0.07171,0.55582,125.65369,0.23689,-0.04462,0.06345,0.30893
1757345.0,0.1283,-27.89758,0.35264,-0.08638,0.12587,0.01646,0.20186,-70.79099,0.23339,-0.04216,0.06342,0.04075
1757350.0,-0.32661,-90.98362,0.35003,-0.08878,0.12518,0.10668,0.08654,-23.06364,0.21871,-0.04087,0.06294,0.00749
1757355.0,0.17698,100.71941,0.33273,-0.08613,0.12462,0.03132,0.22873,28.43687,0.21971,-0.03818,0.06303,0.05232
1757360.0,-0.28351,-92.09933,0.32781,-0.0881,0.12375,0.08038,0.11009,-23.72849,0.20875,-0.03669,0.06261,0.01212
1757365.0,0.46414,149.53154,0.34144,-0.08258,0.1255,0.21543,0.28881,35.74544,0.21675,-0.03344,0.06302,0.08341
1757370.0,0.22014,-48.8001,0.32931,-0.07955,0.12515,0.04846,-0.10159,-78.08087,0.20524,-0.03412,0.06244,0.01032
1757375.0,-0.2461,-93.24868,0.32099,-0.08121,0.12417,0.06057,-0.14679,-9.03911,0.19939,-0.03525,0.06194,0.02155
1757380.0,0.08391,66.0011,0.29728,-0.07956,0.12319,0.00704,-0.10696,7.96508,0.19015,-0.03596,0.06137,0.01144
1757385.0,-0.45072,-106.92448,0.31263,-0.08328,0.12331,0.20315,-0.25331,-29.27045,0.19646,-0.03814,0.06122,0.06417
1757390.0,0.31681,153.50624,0.31304,-0.07927,0.12365,0.10037,0.04182,59.02697,0.181,-0.03734,0.06067,0.00175
1757395.0,-0.16051,-95.46533,0.29779,-0.08009,0.12248,0.02576,-0.47582,-103.52753,0.21048,-0.04172,0.06195,0.2264
1757400.0,-0.42006,-51.90979,0.31002,-0.08349,0.12238,0.17645,-0.35165,24.83429,0.2246,-0.04482,0.06227,0.12365
1757405.0,0.09633,103.27741,0.28865,-0.08169,0.12148,0.00928,-0.19851,30.62676,0.22199,-0.04636,0.06188,0.03941
1757410.0,-0.52344,-123.95225,0.31213,-0.08611,0.12217,0.27398,-0.39811,-39.92054,0.2396,-0.04988,0.06247,0.1585
1757415.0,0.25448,155.58345,0.30636,-0.0827,0.12209,0.06476,-0.08521,62.58112,0.22416,-0.05023,0.06186,0.00726
1757420.0,-0.05008,-60.91172,0.28073,-0.08237,0.12088,0.00251,-0.42244,-67.44573,0.24399,-0.05395,0.0626,0.17845
1757425.0,-0.23844,-37.6731,0.27651,-0.08393,0.11991,0.05685,-0.2765,29.18712,0.24724,-0.05618,0.06246,0.07645
1757430.0,0.09335,66.35826,0.25819,-0.08216,0.11902,0.00871,-0.25818,3.66373,0.24834,-0.0582,0.06223,0.06666
1757435.0,-0.27724,-74.11749,0.26009,-0.08411,0.1182,0.07686,-0.25783,0.0703,0.24929,-0.06019,0.062,0.06648
1757440.0,0.55932,167.31184,0.29002,-0.07768,0.12108,0.31284,0.14432,80.43085,0.23879,-0.05815,0.06179,0.02083
1757445.0,-0.02927,-117.7177,0.26394,-0.07719,0.11989,0.00086,-0.41039,-110.94324,0.25595,-0.06167,0.06239,0.16842
1757450.0,-0.05363,-4.87276,0.24291,-0.07696,0.1187,0.00288,-0.17419,47.24109,0.24777,-0.0628,0.06189,0.03034
1757455.0,0.1751,45.74607,0.23613,-0.07444,0.11813,0.03066,-0.19204,-3.57025,0.2422,-0.06409,0.06144,0.03688
1757460.0,-0.53969,-142.95735,0.26649,-0.07909,0.11907,0.29126,-0.41712,-45.01559,0.25969,-0.06762,0.06204,0.17399
1757465.0,0.24371,156.68044,0.26421,-0.07586,0.1189,0.0594,-0.06007,71.40878,0.23973,-0.06754,0.06142,0.00361
1757470.0,-0.22814,-94.36989,0.2606,-0.07738,0.11794,0.05205,-0.52828,-93.6404,0.26858,-0.07215,0.06289,0.27908
1757475.0,-0.31421,-17.21512,0.26596,-0.07975,0.11731,0.09873,-0.30346,44.96344,0.27207,-0.07446,0.06278,0.09209
1757480.0,-0.05597,51.64828,0.24496,-0.07952,0.11614,0.00313,-0.30587,-0.48136,0.27545,-0.07678,0.06268,0.09355
1757485.0,-0.57908,-104.62142,0.27837,-0.08451,0.11743,0.33533,-0.427,-24.2263,0.29061,-0.08028,0.06326,0.18233
1757490.0,0.04383,124.58074,0.25492,-0.08323,0.11641,0.00192,-0.23404,38.59224,0.28495,-0.08182,0.06286,0.05477
1757495.0,-0.4063,-90.02617,0.27006,-0.08646,0.11627,0.16508,-0.25939,-5.07008,0.28239,-0.08359,0.06254,0.06728
1757500.0,-0.30431,20.39847,0.27348,-0.08864,0.11558,0.09261,0.02892,57.66029,0.25704,-0.08247,0.06204,0.00084
1757505.0,-0.12917,35.02859,0.25905,-0.08904,0.11444,0.01668,-0.11163,-28.10959,0.2425,-0.08276,0.06142,0.01246
1757510.0,-0.72821,-119.8079,0.30597,-0.09543,0.1173,0.53029,-0.35645,-48.96378,0.2539,-0.0855,0.06154,0.12706
1757515.0,-0.00222,145.1983,0.27559,-0.0945,0.11621,0.0,-0.06658,57.97507,0.23517,-0.08531,0.06093,0.00443
1757520.0,-0.27886,-55.32926,0.27592,-0.09635,0.11538,0.07776,0.02002,17.31963,0.21365,-0.08425,0.06043,0.0004
1757525.0,-0.18911,17.94968,0.26724,-0.09727,0.11431,0.03576,0.24053,44.10131,0.21634,-0.08101,0.06086,0.05785
1757530.0,-0.10889,16.04468,0.2514,-0.09739,0.11317,0.01186,-0.02649,-53.40391,0.19735,-0.08046,0.06028,0.0007
1757535.0,-0.62622,-103.46535,0.28889,-0.10268,0.11478,0.39215,-0.17753,-30.20734,0.19537,-0.08143,0.05977,0.03152
1757540.0,0.00735,126.68741,0.26073,-0.10158,0.11375,5e-05,-0.00997,33.50549,0.17683,-0.08072,0.05922,0.0001
1757545.0,-0.35406,-72.28096,0.27006,-0.1041,0.11324,0.12536,-0.07163,-12.33238,0.16631,-0.08063,0.05863,0.00513
1757550.0,-0.00193,70.42647,0.24325,-0.10308,0.11221,0.0,0.35424,85.17369,0.1851,-0.07628,0.0599,0.12549
1757555.0,0.05921,12.22768,0.22485,-0.10146,0.11134,0.00351,0.11293,-48.26276,0.17789,-0.07439,0.05965,0.01275
1757560.0,-0.47677,-107.19643,0.25004,-0.10521,0.11161,0.22731,-0.05384,-33.35299,0.16548,-0.07418,0.05906,0.0029
1757565.0,0.14275,123.90488,0.23931,-0.10273,0.1111,0.02038,0.10034,30.83519,0.15897,-0.07244,0.05877,0.01007
1757570.0,-0.40249,-109.04906,0.25563,-0.10573,0.11086,0.162,-0.10403,-40.87411,0.15347,-0.07275,0.05819,0.01082
1757575.0,0.04084,88.66671,0.23415,-0.10426,0.10997,0.00167,0.39109,99.02458,0.17724,-0.06811,0.05971,0.15295
1757580.0,0.09813,11.45778,0.22055,-0.10224,0.10927,0.00963,0.18364,-41.49016,0.17788,-0.0656,0.05974,0.03372
1757585.0,-0.35824,-91.2741,0.23432,-0.1048,0.10882,0.12834,0.03463,-29.80257,0.16355,-0.06459,0.05924,0.0012
1757590.0,0.25032,121.71202,0.23592,-0.10125,0.10897,0.06266,0.17897,28.86794,0.16509,-0.06216,0.05923,0.03203
1757595.0,-0.30755,-111.57482,0.24308,-0.10331,0.10829,0.09459,0.00376,-35.04017,0.14896,-0.0615,0.05868,1e-05
1757600.0,0.21145,103.79968,0.23992,-0.10016,0.10818,0.04471,0.55287,109.82092,0.18935,-0.05535,0.06179,0.30566
1757605.0,-0.00372,-43.03222,0.2163,-0.0992,0.10719,1e-05,0.09169,-92.23493,0.17958,-0.05388,0.06139,0.00841
1757610.0,-0.53471,-106.19854,0.24814,-0.10355,0.10798,0.28591,-0.07492,-33.32343,0.16912,-0.05409,0.06078,0.00561
1757615.0,0.09482,125.90563,0.23281,-0.10157,0.10728,0.00899,0.11988,38.96082,0.16419,-0.05235,0.06047,0.01437
1757620.0,-0.3621,-91.38457,0.24574,-0.10418,0.10688,0.13112,0.05437,-13.10232,0.15321,-0.05129,0.05997,0.00296
1757625.0,0.50423,173.26701,0.27159,-0.09809,0.10944,0.25425,0.82132,153.39034,0.22002,-0.04256,0.06684,0.67457
1757630.0,0.17216,-66.41337,0.26164,-0.09539,0.10906,0.02964,0.26353,-111.55739,0.22437,-0.0395,0.06709,0.06945
1757635.0,-0.29414,-93.26066,0.26489,-0.09738,0.10835,0.08652,0.14217,-24.27271,0.21615,-0.03768,0.06674,0.02021
1757640.0,0.22556,103.94006,0.26096,-0.09415,0.10829,0.05088,0.24696,20.95695,0.21923,-0.03484,0.06686,0.06099
1757645.0,-0.33199,-111.51023,0.26806,-0.09653,0.10776,0.11022,0.06135,-37.12019,0.20345,-0.03388,0.06629,0.00376
1757650.0,0.7031,207.017,0.31157,-0.08853,0.11295,0.49434,0.92003,171.73575,0.27511,-0.02434,0.07454,0.84646
1757655.0,0.51858,-36.90262,0.33227,-0.08246,0.11544,0.26893,0.51908,-80.19153,0.2995,-0.0189,0.07669,0.26944
1757660.0,0.09793,-84.13067,0.30883,-0.08065,0.1146,0.00959,0.4335,-17.11522,0.3129,-0.01438,0.07793,0.18792
1757665.0,0.48983,78.3808,0.32693,-0.07495,0.11664,0.23994,0.39995,-6.71039,0.32161,-0.01023,0.07883,0.15996
1757670.0,-0.09922,-117.81087,0.30416,-0.07519,0.11548,0.00984,0.195,-40.98998,0.30895,-0.00818,0.07846,0.03802
1757675.0,0.82606,185.05548,0.35635,-0.06618,0.12229,0.68237,0.58128,77.25543,0.33618,-0.00229,0.08108,0.33788
1757680.0,0.54072,-57.06747,0.37479,-0.06011,0.12468,0.29238,0.14841,-86.57234,0.3174,-0.00078,0.08049,0.02203
1757685.0,0.11489,-85.16494,0.3488,-0.05836,0.12373,0.0132,0.10125,-9.43344,0.29579,0.00024,0.07979,0.01025
1757690.0,0.50409,77.83906,0.36433,-0.05274,0.12559,0.25411,0.1416,8.0716,0.28037,0.00165,0.07919,0.02005
1757695.0,-0.00424,-101.66685,0.32832,-0.05225,0.12436,2e-05,0.06828,-14.66512,0.25916,0.00232,0.07844,0.00466
1757700.0,0.91103,183.05457,0.38659,-0.04262,0.13221,0.82997,0.50757,87.85772,0.284,0.00737,0.08015,0.25762
1757705.0,0.52832,-76.54092,0.40076,-0.03691,0.13408,0.27913,0.05416,-90.68139,0.26102,0.00784,0.07937,0.00293
1757710.0,0.27212,-51.24126,0.3879,-0.03382,0.13368,0.07405,0.14824,18.81659,0.24974,0.00924,0.07877,0.02198
1757715.0,0.55736,57.04928,0.40485,-0.02791,0.13577,0.31065,0.15602,1.55629,0.24037,0.01071,0.0782,0.02434
1757720.0,-0.04587,-120.64745,0.36895,-0.02809,0.13441,0.0021,0.014,-28.40487,0.21773,0.01074,0.07742,0.0002
1757725.0,0.78822,166.81891,0.41088,-0.01992,0.1396,0.62129,0.35395,67.98892,0.23135,0.01418,0.0778,0.12528
1757730.0,0.41603,-74.43871,0.41139,-0.01556,0.14007,0.17308,-0.08452,-87.69239,0.21667,0.01319,0.07711,0.00714
1757735.0,0.16952,-49.30159,0.3872,-0.01371,0.139,0.02874,0.02428,21.75966,0.19743,0.0133,0.07634,0.00059
1757740.0,0.29304,24.70321,0.37779,-0.01065,0.13853,0.08587,-0.04781,-14.41906,0.18247,0.01269,0.07562,0.00229
1757745.0,-0.28449,-115.50505,0.36846,-0.01338,0.13788,0.08093,-0.20774,-31.98551,0.185,0.01048,0.07534,0.04316
1757750.0,0.49023,154.94429,0.38063,-0.00835,0.13899,0.24033,0.09084,59.71664,0.17558,0.01129,0.07465,0.00825
1757755.0,0.06257,-85.53145,0.34883,-0.00764,0.13765,0.00392,-0.34661,-87.49128,0.19268,0.00771,0.07516,0.12014
1757760.0,-0.06074,-24.66348,0.32002,-0.00817,0.1363,0.00369,-0.14231,40.8612,0.18765,0.00621,0.07462,0.02025
1757765.0,0.08763,29.67363,0.29678,-0.00721,0.13503,0.00768,-0.27492,-26.52141,0.19637,0.0034,0.07465,0.07558
1757770.0,-0.5554,-128.60547,0.32264,-0.01269,0.13662,0.30847,-0.4761,-40.23722,0.22435,-0.0014,0.07616,0.22667
1757775.0,0.25057,161.19388,0.31544,-0.01006,0.13594,0.06278,-0.14654,65.91164,0.21657,-0.00285,0.0756,0.02148
1757780.0,-0.1518,-80.47245,0.29907,-0.01148,0.13477,0.02304,-0.55791,-82.2737,0.2507,-0.0084,0.07787,0.31127
1757785.0,-0.16543,-2.72736,0.28571,-0.01302,0.13366,0.02737,-0.30179,51.22488,0.25581,-0.01133,0.07793,0.09108
1757790.0,0.0815,49.38695,0.26529,-0.01207,0.13241,0.00664,-0.34918,-9.47849,0.26515,-0.01471,0.07827,0.12193
1757795.0,-0.47555,-111.41075,0.28631,-0.01671,0.13319,0.22615,-0.4745,-25.06445,0.28608,-0.01931,0.07956,0.22515
1757800.0,0.23768,142.64528,0.28145,-0.01416,0.13249,0.05649,-0.1695,61.00143,0.27442,-0.02081,0.07899,0.02873
1757805.0,-0.2502,-97.57452,0.27832,-0.01652,0.13171,0.0626,-0.44571,-55.24326,0.29155,-0.02506,0.07997,0.19866
1757810.0,-0.16617,16.80576,0.26711,-0.01802,0.13062,0.02761,-0.13288,62.56555,0.27569,-0.02614,0.07928,0.01766
1757815.0,-0.00454,32.32623,0.24085,-0.01789,0.12931,2e-05,-0.26392,-26.20743,0.27451,-0.02852,0.07904,0.06965
1757820.0,-0.63954,-127.00007,0.28072,-0.0241,0.13181,0.40901,-0.42437,-32.09062,0.2895,-0.03247,0.07979,0.18009
1757825.0,-0.07926,112.0547,0.26057,-0.02465,0.13052,0.00628,-0.29601,25.67263,0.29015,-0.03511,0.07967,0.08762
1757830.0,-0.44609,-73.36465,0.27913,-0.02887,0.13095,0.19899,-0.2919,0.82294,0.29032,-0.03768,0.07952,0.0852
1757835.0,-0.0792,73.37695,0.25913,-0.02937,0.12967,0.00627,0.16694,91.7663,0.27798,-0.03563,0.07914,0.02787
1757840.0,-0.09889,-3.93822,0.24311,-0.03007,0.12842,0.00978,-0.1296,-59.3061,0.26314,-0.03657,0.07843,0.01679
1757845.0,-0.81068,-142.35812,0.29987,-0.03787,0.13311,0.65721,-0.45072,-64.22545,0.2819,-0.04071,0.07933,0.20315
1757850.0,-0.05542,151.05322,0.27542,-0.03805,0.13178,0.00307,-0.18446,53.25314,0.27216,-0.04215,0.07874,0.03402
1757855.0,-0.51115,-91.14668,0.299,-0.04278,0.13266,0.26128,-0.25858,-14.8243,0.2708,-0.04431,0.07841,0.06686
1757860.0,0.12591,127.41307,0.28169,-0.04109,0.13161,0.01585,0.39951,131.61777,0.28367,-0.03988,0.07955,0.15961
1757865.0,0.1722,9.25798,0.27074,-0.03896,0.13074,0.02965,0.10474,-58.95362,0.26578,-0.03843,0.07896,0.01097
1757870.0,-0.30872,-96.18479,0.27454,-0.04166,0.13014,0.09531,-0.04112,-29.17344,0.24331,-0.03846,0.07817,0.00169
1757875.0,0.30725,123.19477,0.27781,-0.03817,0.13004,0.0944,0.11412,31.04964,0.23039,-0.03693,0.07762,0.01302
1757880.0,-0.18879,-99.20899,0.26891,-0.03967,0.12896,0.03564,0.00703,-21.41873,0.20806,-0.03649,0.07686,5e-05
1757885.0,0.41463,120.68407,0.28348,-0.03513,0.12969,0.17192,0.59726,118.04565,0.24698,-0.03015,0.08003,0.35672
1757890.0,0.34215,-14.49577,0.28935,-0.03136,0.12979,0.11707,0.21243,-76.96519,0.24352,-0.02773,0.07981,0.04513
1757895.0,-0.24617,-117.66422,0.28503,-0.03351,0.12894,0.0606,0.02648,-37.18991,0.22182,-0.02719,0.07904,0.0007
1757900.0,0.10203,69.64078,0.26673,-0.03215,0.12783,0.01041,0.01214,-2.86907,0.20085,-0.02679,0.07826,0.00015
1757905.0,-0.54794,-129.99522,0.29485,-0.03731,0.12916,0.30024,-0.21955,-46.33821,0.20272,-0.02872,0.07785,0.0482
1757910.0,0.18321,146.23117,0.28369,-0.0351,0.12835,0.03357,0.42332,128.57448,0.22478,-0.0242,0.07907,0.1792
1757915.0,0.13595,-9.45237,0.26891,-0.03339,0.12735,0.01848,0.05612,-73.43966,0.20791,-0.0234,0.07834,0.00315
1757920.0,-0.25611,-78.41151,0.26763,-0.03562,0.12656,0.06559,-0.01896,-15.0152,0.18902,-0.02335,0.07756,0.00036
1757925.0,0.09436,70.09409,0.25031,-0.03432,0.12546,0.0089,-0.109,-18.00817,0.18102,-0.02421,0.07686,0.01188
1757930.0,-0.46846,-112.56411,0.27212,-0.03866,0.12606,0.21945,-0.30099,-38.3997,0.19301,-0.02698,0.07684,0.0906
1757935.0,0.60636,214.96408,0.30554,-0.03221,0.12887,0.36768,0.66238,192.67436,0.23995,-0.02008,0.08073,0.43874
1757940.0,0.51299,-18.67547,0.32629,-0.02676,0.1305,0.26315,0.30838,-70.79941,0.24679,-0.0168,0.08098,0.0951
1757945.0,-0.0091,-104.41629,0.29457,-0.02658,0.1292,8e-05,0.13764,-34.14697,0.23588,-0.01525,0.0804,0.01895
1757950.0,0.49005,99.82839,0.31412,-0.02142,0.13052,0.24015,0.20514,13.49836,0.2328,-0.01305,0.08007,0.04208
1757955.0,-0.11824,-121.65807,0.29453,-0.02238,0.12931,0.01398,0.0178,-37.46657,0.2113,-0.01274,0.07928,0.00032
1757960.0,0.91964,207.5762,0.35704,-0.01296,0.13671,0.84573,0.94756,185.95139,0.28493,-0.00314,0.08753,0.89787
1757965.0,0.70255,-43.41801,0.39159,-0.00581,0.14036,0.49357,0.4926,-90.99277,0.3057,0.00182,0.08906,0.24265
1757970.0,0.15673,-109.16313,0.36811,-0.00418,0.13922,0.02456,0.29971,-38.57708,0.3051,0.0048,0.08904,0.08983
1757975.0,0.54904,78.46136,0.3862,0.00135,0.14082,0.30144,0.2801,-3.92208,0.3026,0.00755,0.08889,0.07846
1757980.0,0.10668,-88.47098,0.35825,0.0024,0.13953,0.01138,0.21775,-12.46966,0.29411,0.00965,0.08844,0.04742
1757985.0,1.0,178.66331,0.42242,0.01238,0.14788,1.0,0.57309,71.0674,0.32201,0.01529,0.09066,0.32843
1757990.0,0.60449,-79.10256,0.44063,0.0183,0.14984,0.3654,0.06075,-102.46872,0.29588,0.01574,0.08978,0.00369
1757995.0,0.16581,-87.73506,0.41315,0.01977,0.14856,0.02749,0.06177,0.20442,0.27247,0.0162,0.0889,0.00382
1758000.0,0.54293,75.40792,0.42613,0.02501,0.14975,0.29477,0.14778,17.19829,0.26,0.01752,0.08818,0.02184
1758005.0,-0.06101,-120.78825,0.38961,0.02414,0.14833,0.00372,-0.03727,-37.00864,0.23773,0.01697,0.08733,0.00139
1758010.0,0.93897,199.99753,0.44455,0.03329,0.15505,0.88167,0.4544,98.33352,0.2594,0.02134,0.08833,0.20648
1758015.0,0.71821,-44.15214,0.47192,0.04014,0.15809,0.51583,0.17026,-56.82892,0.25048,0.02283,0.08766,0.02899
1758020.0,0.34951,-73.73972,0.45968,0.04324,0.15745,0.12216,0.22669,11.28582,0.2481,0.02487,0.08719,0.05139
1758025.0,0.61958,54.01295,0.47567,0.049,0.15913,0.38388,0.22596,-0.14583,0.24589,0.02688,0.08672,0.05106
1758030.0,0.00338,-123.2394,0.42844,0.04854,0.15756,1e-05,0.03097,-38.99778,0.2244,0.02692,0.08585,0.00096
1758035.0,0.82485,164.29376,0.46808,0.05631,0.16189,0.68038,0.41962,77.73055,0.24392,0.03085,0.0865,0.17608
1758040.0,0.4422,-76.53108,0.46549,0.06017,0.16173,0.19554,0.00119,-83.68642,0.21965,0.03055,0.08565,0.0
1758045.0,0.10049,-68.34119,0.42899,0.06057,0.16013,0.0101,0.0346,6.68165,0.20114,0.03059,0.08479,0.0012
1758050.0,0.05309,-9.48024,0.3914,0.06049,0.15853,0.00282,-0.21901,-50.72058,0.20293,0.0281,0.08455,0.04796
1758055.0,-0.67614,-145.84494,0.41987,0.05313,0.16226,0.45716,-0.46229,-48.65599,0.22886,0.02319,0.08607,0.21371
1758060.0,0.22041,179.30939,0.39993,0.0548,0.16092,0.04858,-0.01888,88.6805,0.20787,0.02277,0.08522,0.00036
1758065.0,-0.18345,-80.77277,0.37828,0.05242,0.15986,0.03366,-0.4991,-96.04285,0.23699,0.01755,0.08704,0.2491
1758070.0,-0.3715,-37.60945,0.3776,0.04818,0.16003,0.13801,-0.38249,23.32182,0.25154,0.01355,0.08774,0.1463
1758075.0,-0.10869,52.56127,0.35071,0.04661,0.15867,0.01181,-0.38454,-0.41097,0.26484,0.00957,0.08841,0.14787
1758080.0,-0.64889,-108.03993,0.38053,0.03965,0.16182,0.42106,-0.47182,-17.45622,0.28554,0.00476,0.0898,0.22262
1758085.0,0.33397,196.57265,0.37587,0.0426,0.16105,0.11154,0.00304,94.97244,0.25729,0.00474,0.0889,1e-05
1758090.0,0.00397,-65.9996,0.33868,0.04221,0.15946,2e-05,-0.36964,-74.53574,0.26852,0.001,0.08939,0.13663
1758095.0,-0.03173,-7.14116,0.30799,0.04147,0.15791,0.00101,-0.0873,56.46827,0.2504,0.00012,0.08857,0.00762
1758100.0,0.1952,45.38678,0.29671,0.04301,0.15657,0.0381,-0.07931,1.59782,0.23329,-0.00068,0.08775,0.00629
1758105.0,-0.37922,-114.88433,0.30496,0.03879,0.15675,0.14381,-0.19904,-23.94556,0.22987,-0.00266,0.08725,0.03962
1758110.0,0.31752,139.34872,0.30622,0.04157,0.15594,0.10082,0.04197,48.20153,0.21108,-0.00222,0.0864,0.00176
1758115.0,-0.09791,-83.08666,0.28539,0.04018,0.15457,0.00959,-0.40389,-89.17094,0.23036,-0.00623,0.08712,0.16312
1758120.0,-0.12265,-4.94776,0.26911,0.03855,0.15329,0.01504,-0.11649,57.47848,0.21897,-0.00734,0.08637,0.01357
1758125.0,0.02833,30.19684,0.24503,0.03845,0.15176,0.0008,-0.21435,-19.57114,0.21851,-0.00941,0.08592,0.04595
1758130.0,-0.5291,-111.48734,0.27344,0.03277,0.1534,0.27995,-0.35986,-29.10133,0.23264,-0.01291,0.08627,0.1295
1758135.0,0.35906,177.63286,0.282,0.03604,0.15291,0.12892,0.07894,87.7599,0.21727,-0.01199,0.08549,0.00623
1758140.0,-0.14807,-101.42544,0.26861,0.0342,0.15171,0.02192,0.01165,-13.45803,0.19671,-0.01176,0.08464,0.00014
1758145.0,0.09288,48.18945,0.25104,0.03478,0.15023,0.00863,0.37977,73.62303,0.21502,-0.00784,0.08529,0.14422
1758150.0,0.13433,8.28946,0.23937,0.03578,0.14882,0.01804,0.11782,-52.38937,0.2053,-0.00658,0.0846,0.01388
1758155.0,-0.43591,-114.04766,0.25902,0.03106,0.14951,0.19002,-0.06439,-36.44261,0.19121,-0.00716,0.08378,0.00415
1758160.0,0.18391,123.96348,0.25151,0.03259,0.14825,0.03382,0.13574,40.02623,0.18566,-0.00573,0.08315,0.01843
1758165.0,-0.47883,-132.54735,0.27424,0.02748,0.14933,0.22928,-0.11771,-50.69036,0.17887,-0.00685,0.08244,0.01386
1758170.0,0.32023,159.81136,0.27884,0.0304,0.14867,0.10255,0.6383,151.20187,0.22481,-0.0004,0.08569,0.40742
1758175.0,0.4243,20.81506,0.29339,0.03434,0.14871,0.18003,0.41615,-44.42914,0.24394,0.00376,0.08654,0.17318
1758180.0,0.16895,-51.0699,0.28094,0.03569,0.1474,0.02855,0.47677,12.12261,0.26723,0.00849,0.08786,0.2273
1758185.0,0.63694,93.5973,0.31654,0.0417,0.14947,0.40569,0.50666,5.9787,0.29117,0.01348,0.08942,0.2567
1758190.0,0.27046,-73.29566,0.31193,0.04399,0.14849,0.07315,0.48734,-3.86425,0.31079,0.01822,0.09072,0.2375
1758195.0,1.0,145.90771,0.38074,0.05355,0.15596,1.0,1.0,102.53255,0.37971,0.02803,0.09926,1.0
1758200.0,0.80357,-39.28537,0.42302,0.06105,0.15991,0.64573,0.67925,-64.15089,0.40966,0.03455,0.10243,0.46137
1758205.0,0.32149,-96.41608,0.41287,0.06365,0.15898,0.10336,0.46329,-43.19102,0.41502,0.03883,0.1032,0.21464
1758210.0,0.6263,60.96149,0.43421,0.06928,0.16049,0.39225,0.46394,0.12929,0.41992,0.04308,0.10394,0.21524
1758215.0,0.16212,-92.83621,0.407,0.07021,0.15897,0.02628,0.32458,-27.8706,0.41038,0.0459,0.10368,0.10535
1758220.0,0.72905,113.3858,0.43921,0.0768,0.16164,0.53151,0.84784,104.65088,0.45413,0.05392,0.10895,0.71883
1758225.0,0.55917,-33.97635,0.4512,0.08162,0.1623,0.31267,0.51311,-66.94495,0.46003,0.05851,0.10992,0.26329
1758230.0,0.1616,-79.51235,0.42224,0.08242,0.16074,0.02612,0.38503,-25.61609,0.45253,0.06178,0.10987,0.14825
1758235.0,0.42097,51.87222,0.42212,0.08581,0.16026,0.17721,0.40052,3.09772,0.44733,0.06516,0.1099,0.16042
1758240.0,-0.02395,-88.9841,0.3823,0.08471,0.15877,0.00057,0.26535,-27.03473,0.42913,0.06716,0.10919,0.07041
1758245.0,0.62426,129.64215,0.4065,0.0901,0.16004,0.3897,0.48571,44.07308,0.43479,0.07135,0.10981,0.23592
1758250.0,0.34077,-56.69655,0.39992,0.09261,0.15905,0.11613,0.12344,-72.45537,0.40365,0.07187,0.10874,0.01524
1758255.0,0.02608,-62.93806,0.36254,0.09194,0.1575,0.00068,0.10882,-2.92369,0.37417,0.07224,0.10767,0.01184
1758260.0,0.29946,54.67529,0.35623,0.09402,0.15635,0.08968,0.15305,8.84568,0.35206,0.07305,0.10666,0.02342
1758265.0,-0.13454,-86.79937,0.33406,0.09173,0.1553,0.0181,0.01609,-27.39164,0.31846,0.07248,0.10562,0.00026
1758270.0,0.46451,119.80978,0.34711,0.09546,0.15511,0.21577,0.24473,45.72839,0.31109,0.0742,0.10486,0.05989
1758275.0,0.13518,-65.86719,0.32591,0.09586,0.15357,0.01827,-0.08402,-65.75006,0.28838,0.07262,0.10405,0.00706
1758280.0,-0.15868,-58.772,0.30919,0.09331,0.15267,0.02518,-0.07656,1.49245,0.2672,0.07113,0.10323,0.00586
1758285.0,0.07311,46.35991,0.28558,0.09311,0.15115,0.00535,-0.08555,-1.7975,0.24903,0.06956,0.10244,0.00732
1758290.0,-0.27595,-69.81293,0.28462,0.08942,0.15097,0.07615,-0.15101,-13.09382,0.23923,0.06735,0.10189,0.02281
1758295.0,0.33967,123.12472,0.29013,0.09192,0.15008,0.11538,0.12386,54.97507,0.22769,0.06792,0.1009,0.01534
1758300.0,0.08489,-50.95717,0.2696,0.09185,0.14858,0.00721,-0.1463,-54.03278,0.21955,0.06578,0.10034,0.0214
1758305.0,-0.01875,-20.72765,0.24452,0.09075,0.14721,0.00035,-0.02122,25.01637,0.19972,0.06491,0.09942,0.00045
1758310.0,0.26007,55.76337,0.24607,0.09244,0.14602,0.06763,0.03743,11.72957,0.18349,0.06463,0.09843,0.0014
1758315.0,-0.35815,-123.64347,0.25728,0.08793,0.14655,0.12827,-0.19807,-47.09998,0.18495,0.06201,0.09812,0.03923
1758320.0,0.26755,125.14095,0.25831,0.08973,0.1454,0.07159,0.08276,56.16628,0.17473,0.06221,0.09714,0.00685
1758325.0,-0.10411,-74.33336,0.24289,0.08779,0.14431,0.01084,-0.30292,-77.13612,0.18755,0.05856,0.09748,0.09176
1758330.0,-0.24951,-29.07994,0.24355,0.08442,0.14399,0.06226,-0.20625,19.33491,0.18942,0.05591,0.09719,0.04254
1758335.0,-0.06882,36.13804,0.22608,0.08289,0.14278,0.00474,-0.21901,-2.55255,0.19238,0.05316,0.09696,0.04797
1758340.0,-0.46612,-79.46038,0.25008,0.0774,0.1443,0.21727,-0.26051,-8.29988,0.19919,0.05003,0.09695,0.06787
1758345.0,0.1113,115.48561,0.2362,0.07774,0.14287,0.01239,-0.04501,43.10067,0.18377,0.04908,0.09607,0.00203
1758350.0,-0.24348,-70.95695,0.23693,0.07452,0.14245,0.05928,-0.38921,-68.83983,0.20432,0.04469,0.097,0.15148
1758355.0,-0.24892,-1.08871,0.23813,0.07129,0.14206,0.06196,-0.18948,39.94568,0.20283,0.04235,0.09656,0.0359
1758360.0,-0.19136,11.5124,0.23345,0.06866,0.14131,0.03662,-0.2955,-21.20399,0.2121,0.03897,0.09672,0.08732
1758365.0,-0.57534,-76.79478,0.26764,0.06222,0.14396,0.33101,-0.3828,-17.46045,0.22917,0.03476,0.09749,0.14654
1758370.0,-0.04583,105.90103,0.24546,0.06114,0.14264,0.0021,-0.17095,42.3705,0.22335,0.0327,0.09693,0.02922
1758375.0,-0.38311,-67.45609,0.25923,0.0567,0.14315,0.14677,-0.19745,-5.30012,0.22076,0.0304,0.09648,0.03899
1758380.0,-0.18511,39.60008,0.25181,0.05428,0.14229,0.03427,0.09445,58.37994,0.20813,0.03104,0.09556,0.00892
1758385.0,-0.13302,10.41886,0.23994,0.05241,0.14121,0.01769,-0.06937,-32.7639,0.19425,0.03003,0.0947,0.00481
1758390.0,-0.58538,-90.47312,0.27448,0.04603,0.14378,0.34267,-0.22715,-31.55732,0.19754,0.02746,0.0944,0.0516
1758395.0,-0.05228,106.61983,0.25226,0.04505,0.14244,0.00273,-0.0312,39.19092,0.18091,0.02688,0.09349,0.00097
1758400.0,-0.45081,-79.7053,0.27212,0.04009,0.14342,0.20323,-0.11896,-17.55261,0.17471,0.02542,0.09277,0.01415
1758405.0,-0.11873,66.41521,0.25678,0.0385,0.14224,0.0141,0.23065,69.92192,0.18031,0.02747,0.09225,0.0532
1758410.0,-0.07242,9.26252,0.23834,0.03739,0.14094,0.00524,0.05188,-35.7543,0.16746,0.02771,0.09133,0.00269
1758415.0,-0.46873,-79.26082,0.26138,0.03233,0.14204,0.2197,-0.10061,-30.49645,0.16078,0.02643,0.09058,0.01012
1758420.0,-0.07106,79.53276,0.24235,0.0313,0.14072,0.00505,-0.03871,12.37873,0.14857,0.02578,0.08972,0.0015
1758425.0,-0.46738,-79.21552,0.26485,0.02631,0.14175,0.21844,-0.20909,-34.05557,0.15462,0.02343,0.08936,0.04372
1758430.0,-0.13159,67.15675,0.25153,0.02473,0.14058,0.01732,0.06799,55.41595,0.14596,0.02388,0.08849,0.00462
1758435.0,-0.14524,-2.72891,0.2409,0.02303,0.13946,0.02109,-0.16761,-47.11993,0.14812,0.02196,0.08796,0.02809
1758440.0,-0.65873,-102.69756,0.28268,0.01621,0.14262,0.43392,-0.38938,-44.35397,0.17225,0.01785,0.08874,0.15162
1758445.0,-0.11266,109.21217,0.26568,0.01492,0.14135,0.01269,-0.20203,37.46973,0.17523,0.01565,0.08833,0.04082
1758450.0,-0.50396,-78.25826,0.28951,0.00974,0.14258,0.25397,-0.32642,-24.87761,0.19035,0.01223,0.08859,0.10655
1758455.0,0.08917,118.62585,0.26947,0.01053,0.14121,0.00795,0.20734,106.75313,0.19205,0.01418,0.08808,0.04299
1758460.0,0.17844,17.85403,0.26037,0.01221,0.14008,0.03184,0.07813,-25.84237,0.18066,0.01482,0.08724,0.0061
1758465.0,-0.24482,-84.65218,0.25881,0.00964,0.13933,0.05994,-0.10469,-36.56389,0.17306,0.01362,0.0865,0.01096
1758470.0,0.13236,75.43473,0.24617,0.01087,0.13808,0.01752,-0.09671,1.59551,0.16542,0.01252,0.08576,0.00935
1758475.0,-0.16039,-58.54883,0.23759,0.00915,0.13699,0.02572,-0.13913,-8.48447,0.1628,0.011,0.08513,0.01936
1758480.0,0.5856,149.19746,0.27239,0.01492,0.13887,0.34293,0.48808,125.4421,0.19532,0.01578,0.08651,0.23822
1758485.0,0.43184,-30.75122,0.28834,0.01909,0.13919,0.18649,0.15958,-65.69875,0.19175,0.01721,0.08584,0.02547
1758490.0,0.04232,-77.90525,0.26373,0.01932,0.1378,0.00179,0.04191,-23.53391,0.17677,0.01746,0.08499,0.00176
1758495.0,0.38817,69.16994,0.27618,0.02301,0.13776,0.15067,0.08937,9.49004,0.16803,0.01818,0.08419,0.00799
1758500.0,-0.06045,-89.72375,0.25461,0.02217,0.13645,0.00365,-0.03986,-25.84432,0.15521,0.0176,0.08338,0.00159
1758505.0,0.61203,134.49609,0.29035,0.02807,0.13849,0.37458,0.50252,108.47445,0.18994,0.02245,0.08485,0.25252
1758510.0,0.39064,-44.27798,0.30038,0.0317,0.1384,0.1526,0.15205,-70.09318,0.18615,0.02374,0.08417,0.02312
1758515.0,-0.0598,-90.08845,0.27632,0.03078,0.13709,0.00358,-0.04073,-38.55564,0.17161,0.0231,0.08337,0.00166
1758520.0,0.17036,46.03338,0.26572,0.03218,0.13591,0.02902,-0.10678,-13.20948,0.16513,0.0218,0.0827,0.0114
1758525.0,-0.44634,-123.34063,0.28379,0.02739,0.1368,0.19922,-0.38447,-55.53897,0.18706,0.01774,0.08349,0.14782
1758530.0,0.26903,143.07382,0.28231,0.02981,0.136,0.07238,-0.11167,54.56044,0.17952,0.01644,0.08282,0.01247
1758535.0,0.274,0.9945,0.28148,0.03225,0.13523,0.07508,-0.22655,-22.97716,0.18422,0.01401,0.08257,0.05133
1758540.0,-0.03838,-62.47674,0.25717,0.03155,0.13393,0.00147,-0.22757,-0.20339,0.18856,0.0116,0.08232,0.05179
1758545.0,0.18979,45.63498,0.25043,0.03313,0.13283,0.03602,-0.2444,-3.36543,0.19414,0.00904,0.08214,0.05973
1758550.0,-0.30401,-98.76032,0.25579,0.02976,0.13262,0.09242,-0.41245,-33.60947,0.21597,0.00482,0.08306,0.17011
1758555.0,0.33378,127.55819,0.26359,0.0328,0.1322,0.11141,-0.12577,57.3354,0.20695,0.00352,0.08239,0.01582
1758560.0,0.14104,-38.54855,0.25133,0.03388,0.13099,0.01989,-0.37969,-50.78381,0.22423,-0.00031,0.08301,0.14416
1758565.0,-0.15794,-59.79598,0.24199,0.03196,0.13004,0.02495,-0.39087,-2.23611,0.24089,-0.00422,0.08367,0.15278
1758570.0,-0.04343,22.90116,0.22214,0.03121,0.1288,0.00189,-0.48294,-18.41365,0.26509,-0.00901,0.08508,0.23323
1758575.0,-0.51307,-93.92771,0.25123,0.02576,0.13041,0.26324,-0.59564,-22.53992,0.29815,-0.01487,0.0876,0.35478
1758580.0,0.21273,145.16121,0.24738,0.02763,0.12945,0.04526,-0.23924,71.28,0.29226,-0.01712,0.08722,0.05723
1758585.0,0.0967,-23.20651,0.23231,0.02832,0.1282,0.00935,-0.43214,-38.58026,0.30625,-0.02127,0.08804,0.18674
1758590.0,-0.13414,-46.1677,0.2225,0.0267,0.12718,0.01799,-0.36012,14.40426,0.31163,-0.02466,0.08828,0.12968
1758595.0,0.29672,86.17136,0.22992,0.0294,0.12662,0.08804,-0.16071,39.8807,0.29654,-0.02602,0.08758,0.02583
1758600.0,-0.1473,-88.80293,0.22166,0.02763,0.12566,0.0217,-0.23144,-14.14553,0.29003,-0.02807,0.08712,0.05356
1758605.0,0.41271,112.00037,0.24076,0.03148,0.12586,0.17033,-0.00717,44.85393,0.26174,-0.02786,0.08625,5e-05
1758610.0,0.08294,-65.95411,0.22498,0.032,0.12463,0.00688,-0.33857,-66.27923,0.26943,-0.03097,0.08634,0.11463
1758615.0,-0.08368,-33.32398,0.21085,0.03084,0.12351,0.007,-0.22812,22.08978,0.2653,-0.03294,0.08585,0.05204
1758620.0,0.08689,34.11518,0.19845,0.0314,0.12231,0.00755,-0.23145,-0.66732,0.26191,-0.03493,0.08538,0.05357
1758625.0,-0.39958,-97.29476,0.21857,0.02709,0.1229,0.15967,-0.36944,-27.59742,0.27266,-0.03827,0.08562,0.13649
1758630.0,0.25295,130.50723,0.22201,0.02935,0.12217,0.06399,-0.08102,57.68332,0.2535,-0.0387,0.08479,0.00657
1758635.0,-0.06013,-62.61596,0.20582,0.02846,0.12103,0.00362,-0.37567,-58.92854,0.26572,-0.04207,0.08505,0.14113
1758640.0,-0.21141,-30.25607,0.20638,0.02606,0.12038,0.04469,-0.23139,28.85644,0.26228,-0.04396,0.08455,0.05354
1758645.0,-0.02623,37.03551,0.18836,0.02553,0.11921,0.00069,-0.23315,-0.35241,0.25937,-0.04585,0.08406,0.05436
1758650.0,-0.50117,-94.9884,0.21964,0.02027,0.12073,0.25117,-0.3417,-21.71138,0.2676,-0.04881,0.08407,0.11676
1758655.0,0.10042,120.31819,0.20772,0.02107,0.11959,0.01008,-0.04528,59.28521,0.24537,-0.04878,0.08323,0.00205
1758660.0,-0.19612,-59.30749,0.20656,0.0189,0.11886,0.03846,-0.31494,-53.93323,0.25233,-0.05144,0.0831,0.09919
1758665.0,-0.20398,-1.5716,0.2063,0.01667,0.11815,0.04161,-0.10891,41.20726,0.23799,-0.05201,0.0823,0.01186
1758670.0,-0.08251,24.29311,0.19392,0.01568,0.11707,0.00681,-0.17067,-12.35227,0.23125,-0.0532,0.08161,0.02913
1758675.0,-0.35914,-55.32503,0.21044,0.01193,0.11728,0.12898,-0.14224,5.68551,0.22235,-0.05409,0.08087,0.02023
1758680.0,0.22915,117.65677,0.21231,0.0141,0.11657,0.05251,0.10552,49.55258,0.21067,-0.05249,0.08031,0.01113
1758685.0,-0.20994,-87.81727,0.21208,0.01186,0.11589,0.04407,0.00851,-19.4023,0.19045,-0.05188,0.07955,7e-05
1758690.0,-0.02293,37.40098,0.19316,0.01151,0.11474,0.00053,0.26656,51.61026,0.19806,-0.0487,0.07975,0.07105
1758695.0,0.01527,7.64151,0.17537,0.01155,0.1136,0.00023,0.11599,-30.11457,0.18986,-0.04705,0.07921,0.01345
1758700.0,-0.65833,-134.72169,0.22367,0.00485,0.11686,0.4334,-0.20249,-63.69486,0.19112,-0.04861,0.07866,0.041
1758705.0,-0.03555,124.55747,0.20486,0.00445,0.11571,0.00126,0.02358,45.21413,0.17437,-0.04788,0.07792,0.00056
1758710.0,-0.25283,-43.45644,0.20965,0.00187,0.1152,0.06392,0.05014,5.3105,0.16194,-0.0469,0.07724,0.00251
1758715.0,-0.12423,25.71973,0.20111,0.00061,0.1142,0.01543,0.25617,41.20646,0.17137,-0.04387,0.07737,0.06562
1758720.0,-0.2028,-15.71458,0.20128,-0.00142,0.11347,0.04113,0.01033,-49.16748,0.15526,-0.04333,0.07662,0.00011
1758725.0,-0.59516,-78.4719,0.24067,-0.00736,0.11579,0.35422,-0.10579,-23.22435,0.15032,-0.04396,0.07589,0.01119
1758730.0,-0.10569,97.89415,0.22717,-0.00834,0.11472,0.01117,0.01412,23.98266,0.1367,-0.04338,0.07517,0.0002
1758735.0,-0.5083,-80.52264,0.25528,-0.01334,0.11603,0.25837,-0.07383,-17.59018,0.13041,-0.04368,0.07443,0.00545
1758740.0,-0.1564,70.38002,0.2454,-0.01477,0.11507,0.02446,0.29014,72.79424,0.14638,-0.04034,0.07477,0.08418
1758745.0,-0.10089,11.10206,0.23095,-0.01563,0.11399,0.01018,0.10739,-36.55011,0.14248,-0.03886,0.07424,0.01153
1758750.0,-0.50388,-80.59741,0.25824,-0.02052,0.11519,0.2539,-0.04843,-31.16405,0.13308,-0.03896,0.0735,0.00235
1758755.0,-0.02187,96.40134,0.2346,-0.02053,0.11403,0.00048,0.0939,28.4662,0.12916,-0.03763,0.07294,0.00882
1758760.0,-0.43333,-82.29059,0.25448,-0.02466,0.11456,0.18777,-0.00329,-19.4392,0.11657,-0.03729,0.07222,1e-05
1758765.0,0.10666,107.99677,0.23969,-0.02334,0.11359,0.01138,0.4692,94.49819,0.15184,-0.03222,0.07401,0.22015
1758770.0,0.06988,-7.35582,0.22271,-0.02241,0.11254,0.00488,0.21785,-50.26911,0.15844,-0.02972,0.07388,0.04746
1758775.0,-0.3519,-84.35529,0.23563,-0.02571,0.11247,0.12383,0.07767,-28.03735,0.15036,-0.02865,0.07326,0.00603
1758780.0,-0.07924,54.5314,0.21999,-0.02624,0.11138,0.00628,0.06117,-3.29991,0.14144,-0.02775,0.0726,0.00374
1758785.0,-0.48482,-81.11479,0.24647,-0.03083,0.11232,0.23505,-0.06227,-24.68669,0.13352,-0.0281,0.07189,0.00388
1758790.0,0.19256,135.47536,0.24108,-0.02859,0.11169,0.03708,0.51356,115.16469,0.17153,-0.02268,0.07405,0.26374
1758795.0,0.14705,-9.10254,0.23168,-0.02684,0.11088,0.02162,0.25609,-51.49355,0.17998,-0.01989,0.07407,0.06558
1758800.0,-0.1536,-60.13056,0.22387,-0.02811,0.10993,0.02359,0.20722,-9.77348,0.18271,-0.01762,0.07383,0.04294
1758805.0,0.22852,76.42462,0.22434,-0.02554,0.10947,0.05222,0.24353,7.26084,0.18879,-0.01501,0.07376,0.0593
1758810.0,-0.14638,-74.98046,0.21654,-0.02675,0.10852,0.02143,0.1472,-19.266,0.18463,-0.01339,0.07328,0.02167
1758815.0,0.62571,154.41788,0.25746,-0.02022,0.11161,0.39151,0.82592,135.74521,0.24876,-0.00499,0.07945,0.68215
1758820.0,0.4673,-31.68169,0.27844,-0.01535,0.11282,0.21837,0.54165,-56.85479,0.27805,0.00047,0.08159,0.29338
1758825.0,0.065,-80.45939,0.2571,-0.01454,0.11176,0.00422,0.38247,-31.83596,0.28849,0.00429,0.0822,0.14628
1758830.0,0.42307,71.61314,0.27369,-0.01017,0.11251,0.17898,0.42663,8.83245,0.3023,0.00852,0.08313,0.18201
1758835.0,-0.04048,-92.70844,0.25037,-0.01047,0.1114,0.00164,0.28833,-27.66047,0.30091,0.01131,0.08306,0.08313
1758840.0,0.65523,139.14041,0.29086,-0.00381,0.11463,0.42932,0.55568,53.46954,0.32638,0.01676,0.08514,0.30878
1758845.0,0.49182,-32.68207,0.31095,0.00114,0.11589,0.24188,0.29805,-51.52523,0.32355,0.01957,0.08506,0.08883
1758850.0,0.08438,-81.48698,0.2883,0.00197,0.1148,0.00712,0.19204,-21.20094,0.3104,0.0213,0.0845,0.03688
1758855.0,0.3743,57.98423,0.2969,0.0057,0.11501,0.1401,0.20675,2.94114,0.30003,0.02315,0.084,0.04275
1758860.0,-0.15193,-105.24669,0.2824,0.00412,0.1141,0.02308,0.01299,-38.75179,0.27133,0.02305,0.08316,0.00017
1758865.0,0.55614,141.61507,0.30977,0.00964,0.11595,0.3093,0.3097,59.34181,0.27517,0.02592,0.08313,0.09591
1758870.0,0.33646,-43.93608,0.31244,0.01291,0.11584,0.11321,0.02861,-56.21806,0.25051,0.02594,0.0823,0.00082
1758875.0,-0.05619,-78.53141,0.28682,0.01222,0.11472,0.00316,-0.04907,-15.53698,0.23037,0.02519,0.08153,0.00241
1758880.0,0.18317,47.87325,0.27645,0.01393,0.11386,0.03355,-0.0283,4.15558,0.21016,0.02466,0.08074,0.0008
1758885.0,-0.25886,-88.40713,0.27469,0.0112,0.11345,0.06701,-0.11949,-18.23766,0.20109,0.02322,0.08014,0.01428
1758890.0,0.46179,144.13022,0.2934,0.01571,0.11431,0.21325,0.1922,62.33773,0.2002,0.02491,0.07962,0.03694
1758895.0,0.25128,-42.10056,0.28919,0.01806,0.11371,0.06314,-0.04771,-47.98343,0.18496,0.02418,0.07887,0.00228
1758900.0,-0.06797,-63.85015,0.26707,0.0172,0.11265,0.00462,-0.03937,1.66847,0.1704,0.02354,0.07812,0.00155
1758905.0,0.17269,48.13155,0.25763,0.01876,0.11176,0.02982,-0.01957,3.96051,0.15531,0.02311,0.07736,0.00038
1758910.0,-0.07273,-49.08347,0.23914,0.01784,0.11072,0.00529,0.00551,5.01649,0.14033,0.02294,0.07659,3e-05
1758915.0,0.56298,127.14015,0.27152,0.02329,0.11253,0.31694,0.28454,55.806,0.15475,0.02555,0.0765,0.08097
1758920.0,0.14294,-84.00606,0.25867,0.02449,0.11154,0.02043,-0.1128,-79.46856,0.15056,0.02417,0.07592,0.01272
1758925.0,-0.10022,-48.63245,0.24282,0.02324,0.11058,0.01004,-0.07774,7.01217,0.14328,0.02315,0.07526,0.00604
1758930.0,0.07799,35.6408,0.22634,0.02379,0.1095,0.00608,-0.10275,-5.00285,0.13922,0.02189,0.07466,0.01056
1758935.0,-0.42179,-99.95468,0.24588,0.01933,0.11035,0.1779,-0.23525,-26.5003,0.14883,0.01932,0.07457,0.05534
1758940.0,0.31901,148.15891,0.2532,0.02233,0.11013,0.10177,0.11984,71.01846,0.14593,0.02032,0.07392,0.01436
1758945.0,0.0564,-52.52192,0.23352,0.02267,0.10904,0.00318,-0.16211,-56.39069,0.14755,0.0185,0.07351,0.02628
1758950.0,-0.17787,-46.85455,0.22795,0.02067,0.10834,0.03164,-0.12118,8.18606,0.14491,0.0171,0.07296,0.01469
1758955.0,-0.18866,-2.15808,0.22402,0.01857,0.10769,0.03559,-0.28825,-33.41371,0.15925,0.01405,0.07315,0.08309
1758960.0,-0.52825,-67.91755,0.25445,0.0131,0.10954,0.27905,-0.27286,3.07813,0.17061,0.01118,0.07322,0.07445
1758965.0,-0.03789,98.07298,0.23279,0.01259,0.10847,0.00144,-0.13785,27.00304,0.16733,0.00969,0.07271,0.019
1758970.0,-0.26145,-44.71165,0.23566,0.00985,0.10812,0.06835,-0.4208,-56.59015,0.19268,0.00539,0.0738,0.17707
1758975.0,-0.19608,13.07375,0.2317,0.0078,0.10746,0.03845,-0.15385,53.38979,0.18879,0.00379,0.07331,0.02367
1758980.0,-0.13759,11.69766,0.22229,0.00634,0.10659,0.01893,-0.26736,-22.70159,0.19665,0.00108,0.07329,0.07148
1758985.0,-0.54865,-82.21268,0.25492,0.00079,0.10854,0.30102,-0.33156,-12.84075,0.21014,-0.00224,0.07365,0.10993
1758990.0,0.07865,125.46026,0.2373,0.00157,0.10752,0.00619,-0.09013,48.28716,0.19814,-0.00312,0.07299,0.00812
1758995.0,-0.22332,-60.39462,0.2359,-0.00068,0.10694,0.04987,-0.39764,-61.50246,0.21809,-0.00707,0.07378,0.15812
1759000.0,-0.29356,-14.04739,0.24167,-0.00361,0.10671,0.08618,-0.22998,33.53239,0.21928,-0.0093,0.07353,0.05289
1759005.0,-0.09062,40.58789,0.22656,-0.00448,0.10572,0.00821,-0.23561,-1.12789,0.22091,-0.01156,0.0733,0.05551
1759010.0,-0.50677,-83.23021,0.25458,-0.0095,0.10713,0.25682,-0.30221,-13.31954,0.22904,-0.01447,0.07339,0.09133
1759015.0,0.31762,164.87823,0.26089,-0.00623,0.10711,0.10088,0.14471,89.3838,0.22061,-0.01288,0.07291,0.02094
1759020.0,0.12262,-38.99951,0.24706,-0.00494,0.1062,0.01504,0.26385,23.82921,0.22493,-0.01011,0.07293,0.06962
1759025.0,0.14797,5.06902,0.23715,-0.00341,0.10537,0.02189,0.42975,33.17948,0.24541,-0.00571,0.07409,0.18468
1759030.0,0.23692,17.79152,0.23713,-0.00101,0.10488,0.05613,0.27323,-31.30401,0.2482,-0.00292,0.07412,0.07465
1759035.0,-0.21617,-90.61813,0.23503,-0.00316,0.10429,0.04673,0.12088,-30.46938,0.23546,-0.00168,0.07353,0.01461
1759040.0,0.2452,92.27324,0.23605,-0.00068,0.10385,0.06012,0.24479,24.781,0.2364,0.00078,0.07339,0.05992
1759045.0,-0.14265,-77.57047,0.22671,-0.0021,0.10301,0.02035,0.17405,-14.14725,0.23016,0.00252,0.07295,0.03029
1759050.0,0.24444,77.41898,0.22848,0.00037,0.10257,0.05975,0.56707,78.60358,0.26385,0.00816,0.07534,0.32157
1759055.0,0.25616,2.34417,0.23125,0.00293,0.10219,0.06562,0.37396,-38.62096,0.27486,0.01182,0.0759,0.13985
1759060.0,-0.20047,-91.32731,0.22817,0.00089,0.10157,0.04019,0.20889,-33.01473,0.26827,0.01379,0.07552,0.04364
1759065.0,0.25988,92.07097,0.23134,0.00348,0.10121,0.06754,0.29245,16.71228,0.27069,0.01658,0.07553,0.08553
1759070.0,-0.19765,-91.50556,0.22797,0.00147,0.1006,0.03906,0.13561,-31.3695,0.25718,0.01777,0.07491,0.01839
1759075.0,0.39636,118.80202,0.24481,0.00542,0.10112,0.1571,0.68121,109.12056,0.29958,0.0244,0.07847,0.46404
1759080.0,0.32435,-14.40319,0.25277,0.00861,0.10111,0.1052,0.42401,-51.43924,0.31202,0.0284,0.07925,0.17979
1759085.0,-0.14135,-93.13885,0.24162,0.00711,0.10031,0.01998,0.22183,-40.43702,0.303,0.03033,0.07883,0.04921
1759090.0,0.24615,77.49971,0.24208,0.0095,0.09987,0.06059,0.2824,12.11496,0.30094,0.03285,0.07866,0.07975
1759095.0,-0.14466,-78.16325,0.23234,0.00796,0.09911,0.02093,0.17433,-21.61369,0.28828,0.03427,0.07807,0.03039
1759100.0,0.64522,157.97758,0.27362,0.01433,0.1021,0.41631,0.83501,132.13583,0.34296,0.04227,0.08358,0.69725
1759105.0,0.47819,-33.40595,0.29408,0.01897,0.10318,0.22867,0.50892,-65.21863,0.35955,0.04694,0.08487,0.259
1759110.0,0.12769,-70.10101,0.27744,0.02006,0.10227,0.0163,0.39475,-22.8333,0.36307,0.05042,0.08521,0.15583
1759115.0,0.35144,44.75,0.28484,0.02337,0.10232,0.12351,0.33487,-11.97692,0.36025,0.05326,0.08515,0.11214
1759120.0,0.01391,-67.50471,0.25775,0.02328,0.1013,0.00019,0.29825,-7.32272,0.35405,0.05571,0.08489,0.08896
1759125.0,0.71978,141.17294,0.30395,0.03024,0.10504,0.51808,0.56777,53.90394,0.37542,0.06083,0.08661,0.32237
1759130.0,0.54272,-35.41166,0.32783,0.03537,0.10656,0.29455,0.29775,-54.00552,0.36766,0.0632,0.08629,0.08865
1759135.0,0.2499,-58.56374,0.32004,0.03751,0.10595,0.06245,0.28418,-2.71233,0.35931,0.06541,0.08591,0.08076
1759140.0,0.52633,55.28532,0.34067,0.0424,0.10723,0.27702,0.31423,6.00986,0.3548,0.0679,0.08566,0.09874
1759145.0,0.03249,-98.76726,0.30985,0.0423,0.10616,0.00106,0.17809,-27.22809,0.33713,0.069,0.08492,0.03172
1759150.0,0.66874,127.25015,0.34574,0.04857,0.10894,0.44722,0.40974,46.32859,0.34439,0.07241,0.08521,0.16788
1759155.0,0.3603,-61.68922,0.34719,0.05168,0.10881,0.12981,0.08458,-65.03156,0.31841,0.07253,0.08436,0.00715
1759160.0,0.21958,-28.14323,0.33443,0.05336,0.108,0.04822,0.22293,27.67113,0.30886,0.07404,0.08374,0.0497
1759165.0,0.36346,28.77525,0.33733,0.05646,0.10786,0.1321,0.15837,-12.91335,0.29381,0.07488,0.08297,0.02508
1759170.0,-0.11544,-95.77879,0.31515,0.05474,0.10707,0.01333,0.00797,-30.08045,0.26523,0.07421,0.08218,6e-05
1759175.0,0.46951,116.98981,0.33058,0.05889,0.10768,0.22044,0.23756,45.91812,0.26246,0.07584,0.08162,0.05643
1759180.0,0.11331,-71.24075,0.30885,0.05944,0.10664,0.01284,-0.1205,-71.61149,0.24827,0.07388,0.08118,0.01452
1759185.0,-0.0019,-23.04175,0.27816,0.05882,0.10561,0.0,0.01006,26.11264,0.22444,0.07324,0.08041,0.0001
1759190.0,0.16561,33.50197,0.2669,0.05989,0.10466,0.02743,-0.03179,-8.37041,0.20518,0.07219,0.07972,0.00101
1759195.0,-0.29354,-91.8297,0.26957,0.05636,0.10484,0.08616,-0.13204,-20.04937,0.19787,0.07015,0.07933,0.01743
1759200.0,0.24409,107.52583,0.26702,0.05823,0.10414,0.05958,0.06309,39.02491,0.18439,0.07008,0.07854,0.00398
1759205.0,-0.1563,-80.07853,0.25595,0.05609,0.10355,0.02443,-0.02716,-18.05022,0.16866,0.06911,0.07784,0.00074
1759210.0,0.02834,36.9292,0.23319,0.05581,0.10252,0.0008,0.23501,52.43473,0.1753,0.07077,0.07733,0.05523
1759215.0,0.05753,5.8376,0.21562,0.05583,0.10149,0.00331,0.06782,-33.438,0.16455,0.07074,0.07656,0.0046
1759220.0,-0.39087,-89.67997,0.23315,0.05136,0.10244,0.15278,-0.07373,-28.30959,0.15547,0.06929,0.076,0.00544
1759225.0,0.09101,96.37514,0.21893,0.05176,0.10143,0.00828,0.03481,21.70754,0.1434,0.06895,0.07525,0.00121
1759230.0,-0.49684,-117.56968,0.24672,0.04627,0.10336,0.24685,-0.20411,-47.78303,0.14947,0.06622,0.07523,0.04166
1759235.0,-0.13835,71.69713,0.23589,0.04442,0.10266,0.01914,0.17878,76.57644,0.1524,0.06734,0.0746,0.03196
1759240.0,-0.09011,9.64913,0.22131,0.04308,0.10181,0.00812,0.01733,-32.28864,0.1389,0.06684,0.07388,0.0003
1759245.0,-0.65844,-113.66577,0.26502,0.03606,0.10562,0.43354,-0.22003,-47.47299,0.14701,0.06397,0.07395,0.04841
1759250.0,-0.14512,102.66314,0.25303,0.03425,0.10488,0.02106,-0.09517,24.97219,0.14183,0.06238,0.07346,0.00906
1759255.0,-0.50324,-71.62301,0.27805,0.02888,0.10667,0.25325,-0.13844,-8.65441,0.14149,0.06037,0.07312,0.01917
1759260.0,0.06236,113.11969,0.25648,0.02921,0.10561,0.00389,0.39021,105.73141,0.16636,0.06367,0.07345,0.15227
1759265.0,-0.11399,-35.26979,0.24223,0.02778,0.10476,0.01299,0.05369,-67.30521,0.15509,0.06357,0.07272,0.00288
1759270.0,-0.5436,-85.92182,0.27237,0.02207,0.10691,0.2955,-0.08694,-28.1263,0.14828,0.06207,0.07221,0.00756
1759275.0,-0.10854,87.01129,0.25599,0.02076,0.10601,0.01178,0.03332,24.05352,0.13678,0.06178,0.0715,0.00111
1759280.0,-0.53853,-85.99789,0.28424,0.01517,0.10801,0.29001,-0.07497,-21.65879,0.1306,0.06041,0.07097,0.00562
1759285.0,0.30626,168.95869,0.28644,0.01808,0.10776,0.0938,0.62037,139.06883,0.17958,0.06601,0.07333,0.38486
1759290.0,0.17226,-26.80131,0.27503,0.01962,0.10692,0.02967,0.30832,-62.41155,0.19245,0.06843,0.07317,0.09506
1759295.0,-0.15226,-64.90379,0.26275,0.0179,0.10614,0.02318,0.24042,-13.57956,0.19725,0.07015,0.07273,0.0578
1759300.0,0.30989,92.42986,0.26746,0.02082,0.10591,0.09603,0.34482,20.88025,0.21201,0.0729,0.07274,0.1189
1759305.0,-0.16673,-95.32356,0.25739,0.01895,0.1052,0.0278,0.14044,-40.8755,0.20485,0.07358,0.07206,0.01972
1759310.0,0.57082,147.50954,0.28873,0.02446,0.10713,0.32583,0.73133,118.17799,0.2575,0.08015,0.07558,0.53485
1759315.0,0.4071,-32.7425,0.30057,0.02829,0.10749,0.16573,0.43516,-59.23453,0.27526,0.0837,0.07606,0.18936
1759320.0,0.05536,-70.34981,0.27605,0.02856,0.10643,0.00306,0.35151,-16.72989,0.28289,0.08638,0.076,0.12356
1759325.0,0.4949,87.90958,0.29793,0.03322,0.10749,0.24493,0.44217,18.13248,0.29882,0.08994,0.07648,0.19552
1759330.0,-0.00427,-99.83509,0.26857,0.03285,0.10643,2e-05,0.25506,-37.42262,0.29444,0.09159,0.07599,0.06506
1759335.0,0.71591,144.03723,0.3133,0.03968,0.10994,0.51253,0.55947,60.88171,0.32094,0.09627,0.07737,0.31301
1759340.0,0.46594,-49.99552,0.32857,0.04394,0.11062,0.2171,0.25876,-60.1423,0.31473,0.09789,0.07686,0.06696
1759345.0,0.1053,-72.1273,0.30624,0.04456,0.10955,0.01109,0.1923,-13.29108,0.30248,0.09884,0.07617,0.03698
1759350.0,0.33279,45.49897,0.30889,0.04744,0.10927,0.11075,0.17615,-3.22965,0.28985,0.09961,0.07547,0.03103
1759355.0,-0.08283,-83.12429,0.28629,0.04614,0.10835,0.00686,0.09763,-15.70537,0.27063,0.09959,0.07472,0.00953
1759360.0,0.57742,132.05032,0.3154,0.05145,0.11003,0.33342,0.36758,53.98994,0.28032,0.10227,0.07467,0.13511
1759365.0,0.27189,-61.10691,0.31105,0.05365,0.1094,0.07392,0.03488,-66.53864,0.25578,0.1016,0.07397,0.00122
1759370.0,-0.00087,-54.55244,0.28003,0.05311,0.10834,0.0,0.04291,1.60477,0.23449,0.10101,0.07327,0.00184
1759375.0,0.23765,47.70377,0.27579,0.05495,0.10759,0.05648,0.07276,5.97041,0.21832,0.10073,0.07254,0.00529
1759380.0,-0.30732,-108.99401,0.27895,0.05133,0.1078,0.09445,-0.06718,-27.98804,0.2032,0.09905,0.07209,0.00451
1759385.0,0.30925,123.31491,0.28198,0.05391,0.10737,0.09564,0.16969,47.37361,0.19985,0.09976,0.07142,0.02879
1759390.0,-0.03722,-69.29487,0.2575,0.053,0.10638,0.00139,-0.19376,-72.68882,0.19924,0.09682,0.07155,0.03754
1759395.0,-0.13931,-20.41743,0.24568,0.05108,0.10568,0.01941,-0.02781,33.18859,0.1821,0.09557,0.07099,0.00077
1759400.0,0.04577,37.01618,0.22569,0.05102,0.10462,0.00209,-0.04145,-2.72679,0.16804,0.0942,0.07046,0.00172
1759405.0,-0.47954,-105.06273,0.25108,0.04572,0.10634,0.22996,-0.19975,-31.65977,0.17121,0.09126,0.0706,0.0399
1759410.0,0.08842,113.59238,0.23481,0.04614,0.10529,0.00782,0.00103,40.15595,0.15419,0.09036,0.06998,0.0
1759415.0,-0.30345,-78.37312,0.24167,0.04265,0.10544,0.09208,-0.36526,-73.25845,0.1753,0.08581,0.07131,0.13341
1759420.0,-0.30697,-0.7051,0.2482,0.03915,0.10558,0.09423,-0.15894,41.26471,0.17366,0.08336,0.07119,0.02526
1759425.0,-0.17148,27.09844,0.24053,0.03705,0.10496,0.02941,-0.23968,-16.14919,0.18026,0.08013,0.0715,0.05745
1759430.0,-0.67334,-100.37132,0.28381,0.02994,0.10886,0.45338,-0.37591,-27.24468,0.19983,0.07557,0.07282,0.1413
1759435.0,-0.08168,118.33215,0.2636,0.02883,0.10789,0.00667,-0.12374,50.43398,0.19222,0.07357,0.07248,0.01531
1759440.0,-0.24666,-32.99776,0.26191,0.02607,0.10755,0.06084,0.01599,27.94534,0.17459,0.073,0.07179,0.00026
1759445.0,-0.04703,39.92695,0.24042,0.02534,0.10653,0.00221,0.3061,58.0214,0.18775,0.07533,0.0716,0.0937
1759450.0,-0.00762,7.88143,0.21714,0.02501,0.10548,6e-05,0.12349,-36.52086,0.18132,0.07581,0.07091,0.01525
1759455.0,-0.45813,-90.10163,0.24124,0.02018,0.10671,0.20988,-0.00093,-24.8847,0.16328,0.07504,0.07026,0.0
1759460.0,0.04289,100.20503,0.2214,0.02041,0.10565,0.00184,0.12839,25.8638,0.15979,0.07558,0.06958,0.01648
1759465.0,-0.41313,-91.20554,0.24058,0.01607,0.10643,0.17068,-0.02757,-31.19181,0.14657,0.07455,0.06899,0.00076
1759470.0,-0.05514,71.5986,0.22203,0.01536,0.10542,0.00304,0.33999,73.51246,0.16591,0.0772,0.06899,0.1156
1759475.0,-0.15291,-19.55443,0.21512,0.01368,0.10464,0.02338,0.04941,-58.11658,0.15426,0.07692,0.06831,0.00244
1759480.0,-0.58774,-86.96549,0.25238,0.00766,0.10714,0.34544,-0.09855,-29.59297,0.14869,0.07517,0.06793,0.00971
1759485.0,-0.07035,103.47858,0.23418,0.00688,0.10613,0.00495,0.04129,27.96981,0.13795,0.07483,0.06726,0.00171
1759490.0,-0.7228,-130.4912,0.28304,-0.00042,0.11029,0.52244,-0.26115,-60.48833,0.15027,0.07147,0.06769,0.0682
1759495.0,-0.1895,106.66048,0.27369,-0.00231,0.10953,0.03591,0.23618,99.46592,0.15886,0.07312,0.06728,0.05578
1759500.0,-0.20153,-2.40516,0.26647,-0.0043,0.10883,0.04061,0.00808,-45.62091,0.14378,0.07247,0.06665,7e-05
1759505.0,-0.49097,-57.88963,0.28892,-0.00917,0.11006,0.24106,-0.03201,-8.01728,0.13261,0.07142,0.06609,0.00102
1759510.0,0.01873,101.94064,0.2619,-0.00889,0.10897,0.00035,0.07004,20.40995,0.12635,0.07141,0.06543,0.00491
1759515.0,-0.36426,-76.59846,0.27214,-0.01244,0.10912,0.13269,0.00219,-13.5702,0.11393,0.07072,0.06482,0.0
1759520.0,0.41182,155.21654,0.28611,-0.0082,0.10979,0.16959,0.67948,135.45726,0.17049,0.0768,0.06781,0.46169
1759525.0,0.2652,-29.32441,0.28402,-0.00546,0.10942,0.07033,0.31913,-72.06994,0.18535,0.07923,0.06771,0.10184
1759530.0,-0.07553,-68.14596,0.26317,-0.00616,0.10838,0.00571,0.21316,-21.19274,0.18813,0.08057,0.0672,0.04544
1759535.0,0.4599,107.08585,0.28284,-0.0015,0.10942,0.2115,0.37054,31.47597,0.20637,0.08347,0.06736,0.1373
1759540.0,-0.25253,-142.4859,0.27981,-0.00401,0.10895,0.06377,0.06025,-62.05798,0.19176,0.08323,0.06669,0.00363
1759545.0,0.58246,166.99899,0.31007,0.00185,0.11123,0.33926,0.75231,138.41191,0.24782,0.08992,0.07041,0.56597
1759550.0,0.41608,-33.27628,0.32068,0.00599,0.1118,0.17312,0.38162,-74.13804,0.2612,0.09284,0.07054,0.14564
1759555.0,-0.01302,-85.81982,0.28991,0.0058,0.11068,0.00017,0.24586,-27.1516,0.25966,0.09437,0.07006,0.06045
1759560.0,0.30541,63.68619,0.29146,0.0088,0.11045,0.09328,0.27303,5.4332,0.261,0.09616,0.06968,0.07455
1759565.0,-0.1825,-97.58199,0.28056,0.00689,0.10971,0.03331,0.0963,-35.34598,0.24453,0.09616,0.06898,0.00927
1759570.0,0.57562,151.62425,0.31007,0.01257,0.11178,0.33134,0.39024,58.7884,0.2591,0.0991,0.06914,0.15229
1759575.0,0.61928,8.73088,0.34099,0.01864,0.11427,0.38351,0.27556,-22.93683,0.26075,0.10086,0.06875,0.07593
1759580.0,0.30636,-62.58339,0.33753,0.02152,0.11394,0.09386,0.28538,1.96431,0.26321,0.10271,0.0684,0.08144
1759585.0,0.519,42.52824,0.35567,0.02649,0.11523,0.26936,0.25481,-6.11376,0.26237,0.10423,0.06794,0.06493
1759590.0,0.00493,-102.81496,0.3206,0.02628,0.11408,2e-05,0.07839,-35.28393,0.24397,0.10397,0.06727,0.00615
1759595.0,0.67216,133.44733,0.35576,0.03274,0.11703,0.4518,0.35261,54.84452,0.25484,0.10646,0.0672,0.12434
1759600.0,0.35151,-64.13113,0.35533,0.03592,0.11685,0.12356,0.01011,-68.49992,0.23036,0.1055,0.06662,0.0001
1759605.0,0.13561,-43.17874,0.33336,0.03692,0.11578,0.01839,0.06902,11.78183,0.21423,0.10513,0.06597,0.00476
1759610.0,0.29525,31.92794,0.32955,0.0395,0.11528,0.08718,0.00879,-12.04697,0.19369,0.10417,0.0654,8e-05
1759615.0,-0.05614,-70.27911,0.30221,0.03855,0.11421,0.00315,-0.00576,-2.91026,0.17489,0.10307,0.06486,3e-05
1759620.0,0.54746,120.7202,0.32673,0.04364,0.11561,0.29971,0.22543,46.23854,0.17995,0.10429,0.06436,0.05082
1759625.0,0.09731,-90.03094,0.30379,0.04417,0.11448,0.00947,-0.20926,-86.93739,0.18288,0.10116,0.06468,0.04379
1759630.0,0.11936,4.41018,0.28535,0.04493,0.11339,0.01425,0.03099,48.04943,0.16769,0.10045,0.06408,0.00096
1759635.0,0.20955,18.03899,0.27777,0.04657,0.11253,0.04391,-0.07781,-21.76019,0.1587,0.09867,0.06375,0.00605
1759640.0,-0.27561,-97.03255,0.27755,0.04335,0.11242,0.07596,-0.18804,-22.04681,0.16164,0.0958,0.06392,0.03536
1759645.0,0.42332,139.78639,0.29213,0.04715,0.11271,0.1792,0.1163,60.86882,0.1571,0.09601,0.06328,0.01353
1759650.0,-0.01491,-87.64654,0.26441,0.04653,0.11162,0.00022,0.03755,-15.75072,0.14515,0.09542,0.06269,0.00141
1759655.0,0.30207,63.39629,0.26817,0.04908,0.11114,0.09125,0.43075,78.64046,0.17371,0.09878,0.06316,0.18554
1759660.0,0.23041,-14.33221,0.2644,0.0509,0.11035,0.05309,0.17268,-51.61435,0.1736,0.09952,0.06258,0.02982
1759665.0,-0.25884,-97.85012,0.26384,0.0478,0.11019,0.067,0.00299,-33.93657,0.15654,0.09855,0.06205,1e-05
1759670.0,0.01393,54.55439,0.23885,0.04746,0.1091,0.00019,-0.06105,-12.80843,0.14699,0.09696,0.06168,0.00373
1759675.0,-0.38112,-79.0093,0.25308,0.04318,0.10981,0.14525,-0.12131,-12.05125,0.14442,0.09477,0.06153,0.01471
1759680.0,0.18938,114.0991,0.24671,0.04464,0.10892,0.03586,0.41652,107.56568,0.17163,0.09799,0.06193,0.17349
1759685.0,0.13006,-11.86397,0.23504,0.04549,0.1079,0.01692,0.12761,-57.78319,0.16723,0.09829,0.06132,0.01628
1759690.0,-0.34916,-95.84282,0.24645,0.04155,0.10835,0.12191,-0.03793,-33.10803,0.1543,0.09692,0.06088,0.00144
1759695.0,0.07656,85.1431,0.22946,0.0419,0.10728,0.00586,0.07062,21.71026,0.14593,0.09666,0.06028,0.00499
1759700.0,-0.39704,-94.72024,0.24622,0.03751,0.10809,0.15764,-0.05742,-25.60741,0.13708,0.09512,0.05991,0.0033
1759705.0,0.4614,171.68895,0.26774,0.04174,0.10877,0.21289,0.65428,142.33978,0.1888,0.10071,0.06238,0.42808
1759710.0,0.15901,-60.47778,0.25687,0.04292,0.10782,0.02529,0.21099,-88.6583,0.19102,0.10182,0.06187,0.04452
1759715.0,-0.25325,-82.45282,0.25651,0.03996,0.1076,0.06414,0.08811,-24.57612,0.18073,0.10168,0.06126,0.00776
1759720.0,0.09173,68.99677,0.24003,0.04047,0.10655,0.00842,0.12931,8.24058,0.17559,0.10195,0.06065,0.01672
1759725.0,-0.38474,-95.29508,0.2545,0.03622,0.10726,0.14803,-0.03801,-33.46412,0.16183,0.10055,0.06024,0.00144
1759730.0,0.40302,157.5519,0.26935,0.03989,0.10751,0.16242,0.27175,61.95145,0.17282,0.10227,0.05992,0.07385
1759735.0,0.24902,-30.79938,0.26732,0.04198,0.10686,0.06201,0.00608,-53.1339,0.15615,0.1013,0.05941,4e-05
1759740.0,0.04005,-41.79427,0.24459,0.04196,0.10579,0.0016,0.06394,11.5732,0.14693,0.10093,0.05883,0.00409
1759745.0,0.28217,48.42359,0.24835,0.04436,0.1053,0.07962,0.02272,-8.24439,0.13451,0.10015,0.0583,0.00052
1759750.0,-0.21674,-99.78104,0.24519,0.04175,0.10491,0.04697,-0.13373,-31.29144,0.13443,0.09781,0.05826,0.01788
1759755.0,0.4824,139.82735,0.26891,0.04616,0.10577,0.23271,0.1338,53.50596,0.13437,0.09817,0.05769,0.0179
1759760.0,0.17561,-61.35752,0.25958,0.04745,0.10487,0.03084,-0.25563,-77.88415,0.14649,0.09463,0.05834,0.06534
1759765.0,-0.09818,-54.75756,0.24344,0.046,0.10403,0.00964,-0.25394,0.33674,0.15724,0.09115,0.05894,0.06449
1759770.0,0.08734,37.10235,0.22783,0.04641,0.10301,0.00763,-0.31348,-11.90856,0.17286,0.0871,0.05996,0.09827
1759775.0,-0.39202,-95.87192,0.24425,0.04203,0.10386,0.15368,-0.40127,-17.55698,0.1957,0.08222,0.0617,0.16102
1759780.0,0.2559,129.58548,0.24541,0.04417,0.10327,0.06549,-0.1245,55.35368,0.18858,0.08015,0.0615,0.0155
1759785.0,-0.17038,-85.257,0.23791,0.04202,0.10269,0.02903,-0.52855,-80.80952,0.22258,0.07406,0.06452,0.27936
1759790.0,-0.11995,10.08592,0.22611,0.0404,0.10192,0.01439,-0.28234,49.24201,0.22855,0.0705,0.06512,0.07972
1759795.0,-0.00308,23.37412,0.20381,0.03997,0.10092,1e-05,-0.35893,-15.31739,0.24159,0.0662,0.06627,0.12883
1759800.0,-0.47337,-94.05863,0.23077,0.03483,0.10249,0.22408,-0.44039,-16.29254,0.26147,0.06114,0.06812,0.19394
1759805.0,0.0417,103.01581,0.21186,0.0349,0.10147,0.00174,-0.26388,35.30117,0.26171,0.05789,0.06848,0.06963
1759810.0,-0.3616,-80.66117,0.22684,0.03094,0.102,0.13076,-0.33348,-13.91973,0.26889,0.05397,0.0693,0.11121
1759815.0,0.42982,158.28517,0.24713,0.03492,0.10254,0.18475,0.39653,146.00197,0.28165,0.0574,0.06975,0.15723
1759820.0,0.34372,-17.22062,0.25679,0.03801,0.10245,0.11814,0.13999,-51.30708,0.26749,0.05823,0.06912,0.0196
1759825.0,-0.09338,-87.42037,0.24045,0.0367,0.10159,0.00872,0.02619,-22.75982,0.24336,0.05791,0.06844,0.00069
1759830.0,0.23718,66.11267,0.24012,0.0387,0.10097,0.05626,0.0134,-2.55853,0.22036,0.05746,0.06778,0.00018
1759835.0,-0.1889,-85.21627,0.235,0.03643,0.10047,0.03568,-0.08679,-20.03901,0.20701,0.05602,0.0673,0.00753
1759840.0,0.65704,169.187,0.27721,0.04263,0.10324,0.4317,0.25601,68.56161,0.21191,0.05802,0.06702,0.06554
1759845.0,0.40093,-51.22127,0.28958,0.04622,0.10346,0.16075,-0.09342,-69.88623,0.20006,0.0565,0.06658,0.00873
1759850.0,0.02778,-74.63049,0.2634,0.04603,0.10243,0.00077,-0.12858,-7.03304,0.19291,0.05465,0.06625,0.01653
1759855.0,0.48928,92.30009,0.28599,0.05046,0.10333,0.23939,0.04678,35.07326,0.1783,0.05457,0.06558,0.00219
1759860.0,-0.03881,-105.61797,0.26127,0.04957,0.10238,0.00151,-0.07897,-25.15177,0.16837,0.05324,0.0651,0.00624
1759865.0,0.64679,137.11932,0.29982,0.05554,0.10485,0.41833,0.18836,53.46641,0.17036,0.05459,0.06463,0.03548
1759870.0,0.31748,-65.86172,0.30159,0.05816,0.10447,0.10079,-0.1762,-72.91097,0.17095,0.05228,0.06451,0.03105
1759875.0,-0.1936,-102.21603,0.29079,0.05565,0.10405,0.03748,-0.34198,-33.15578,0.18805,0.04834,0.06538,0.11695
1759880.0,0.00229,39.17933,0.26194,0.05511,0.10304,1e-05,-0.39003,-9.61036,0.20825,0.04396,0.06661,0.15212
1759885.0,-0.47486,-95.43002,0.28323,0.04981,0.10476,0.22549,-0.53205,-28.40356,0.24063,0.0382,0.0692,0.28307
1759890.0,0.25948,146.86732,0.28086,0.05191,0.10414,0.06733,-0.24574,57.26104,0.24114,0.03536,0.0693,0.06039
1759895.0,-0.10085,-72.06565,0.26285,0.05038,0.10333,0.01017,-0.61625,-74.10136,0.27865,0.02884,0.07277,0.37976
1759900.0,-0.13197,-6.22469,0.24977,0.04856,0.10262,0.01742,-0.40904,41.44194,0.29169,0.02446,0.07392,0.16731
1759905.0,-0.01446,23.50321,0.22624,0.04793,0.10163,0.00021,-0.50178,-18.54824,0.3127,0.0192,0.07589,0.25178
1759910.0,-0.49052,-95.21233,0.25266,0.04254,0.10346,0.24061,-0.62982,-25.60808,0.34441,0.01271,0.07926,0.39667
1759915.0,0.10241,118.58616,0.23764,0.04314,0.10246,0.01049,-0.37356,51.25155,0.34733,0.00885,0.07993,0.13955
1759920.0,-0.24106,-68.69411,0.23798,0.0403,0.10223,0.05811,-0.34223,6.26726,0.34682,0.00534,0.08034,0.11712
1759925.0,-0.11085,26.0421,0.22527,0.03879,0.10143,0.01229,-0.08625,51.19593,0.32076,0.00442,0.07962,0.00744
1759930.0,-0.06737,8.69625,0.20948,0.03773,0.10053,0.00454,-0.26652,-36.05499,0.31533,0.00171,0.07954,0.07103
1759935.0,-0.46528,-79.5826,0.23506,0.0327,0.102,0.21648,-0.33249,-13.19407,0.31705,-0.00163,0.07984,0.11055
1759940.0,0.05422,103.89923,0.21697,0.03291,0.10098,0.00294,-0.16078,34.34299,0.30142,-0.00322,0.07929,0.02585
1759945.0,-0.42975,-96.79432,0.23825,0.02829,0.10207,0.18469,-0.29199,-26.24326,0.30048,-0.00611,0.07932,0.08526
1759950.0,0.01383,88.71626,0.21581,0.02814,0.10105,0.00019,0.177,93.79899,0.28813,-0.00428,0.07885,0.03133
1759955.0,0.04475,6.18396,0.1987,0.02831,0.10005,0.002,0.00087,-35.22705,0.25941,-0.00423,0.07806,0.0
1759960.0,-0.43854,-96.65796,0.22269,0.02364,0.10118,0.19232,-0.14801,-29.77518,0.24827,-0.00567,0.07749,0.02191
1759965.0,0.07998,103.70473,0.20842,0.0242,0.1002,0.0064,-0.0279,24.02088,0.22623,-0.00589,0.07672,0.00078
1759970.0,-0.40725,-97.44712,0.2283,0.01989,0.10102,0.16586,-0.17363,-29.14466,0.22097,-0.00757,0.07622,0.03015
1759975.0,0.32792,147.03569,0.23826,0.02297,0.10094,0.10753,0.50111,134.94719,0.24898,-0.00248,0.078,0.25111
1759980.0,0.2521,-15.16449,0.23965,0.02526,0.10045,0.06356,0.23489,-53.24402,0.24757,-0.00011,0.07777,0.05517
1759985.0,-0.25471,-101.36204,0.24115,0.02246,0.10021,0.06488,0.05985,-35.0084,0.2288,0.00049,0.07703,0.00358
1759990.0,-0.04774,41.39441,0.22181,0.02176,0.09926,0.00228,-0.06059,-24.08814,0.21198,-0.00012,0.07629,0.00367
1759995.0,-0.52217,-94.88731,0.25185,0.01632,0.10117,0.27267,-0.17126,-22.13406,0.20791,-0.00183,0.07582,0.02933
1760000.0,0.30073,164.57979,0.25673,0.01916,0.10095,0.09044,0.16924,68.10078,0.20404,-0.00012,0.07535,0.02864
1760005.0,0.30133,0.12167,0.26119,0.02198,0.10072,0.0908,0.02525,-28.79765,0.18616,0.00014,0.0746,0.00064
1760010.0,-0.21179,-102.62565,0.25625,0.01965,0.10025,0.04486,-0.12742,-30.53488,0.18029,-0.00114,0.07401,0.01624
1760015.0,0.13791,69.93993,0.24442,0.02083,0.09938,0.01902,-0.05354,14.77577,0.16761,-0.00166,0.0733,0.00287
1760020.0,-0.4313,-113.84203,0.26311,0.01631,0.10039,0.18602,-0.18716,-26.72263,0.16957,-0.00352,0.0729,0.03503
1760025.0,0.457,177.6613,0.2825,0.02071,0.10129,0.20885,0.21064,79.56045,0.17368,-0.00138,0.07262,0.04437
1760030.0,0.22001,-47.39791,0.27625,0.02271,0.10067,0.04841,-0.10192,-62.51274,0.1665,-0.00238,0.072,0.01039
1760035.0,-0.13862,-71.72544,0.26249,0.02109,0.09991,0.01921,-0.13158,-5.93222,0.16301,-0.00367,0.07144,0.01731
1760040.0,0.35083,97.88984,0.27132,0.02439,0.09998,0.12308,0.05253,36.82183,0.15196,-0.00311,0.07076,0.00276
1760045.0,-0.16974,-104.11436,0.26116,0.02245,0.09935,0.02881,-0.07067,-24.6407,0.14383,-0.00379,0.07009,0.00499
1760050.0,0.54429,142.80539,0.28947,0.02767,0.10103,0.29625,0.2386,61.85578,0.15331,-0.00136,0.06997,0.05693
1760055.0,0.22288,-64.28265,0.28282,0.02962,0.10039,0.04967,-0.09984,-67.68796,0.14796,-0.00235,0.06936,0.00997
1760060.0,0.00971,-42.63367,0.2555,0.02942,0.09939,9e-05,0.01244,22.45527,0.13441,-0.0022,0.06867,0.00015
1760065.0,0.26205,50.46852,0.25616,0.03175,0.09893,0.06867,0.01674,0.85957,0.12264,-0.00201,0.06799,0.00028
1760070.0,-0.25096,-102.60201,0.25564,0.02892,0.09872,0.06298,-0.13566,-30.47929,0.12394,-0.00335,0.06749,0.0184
1760075.0,0.3252,115.23219,0.2626,0.03188,0.09859,0.10576,0.07164,41.46026,0.11871,-0.0026,0.06687,0.00513
1760080.0,0.02635,-59.77103,0.23897,0.03183,0.09761,0.00069,-0.24932,-64.19252,0.13177,-0.00507,0.06679,0.06216
1760085.0,-0.09244,-23.75718,0.22432,0.03059,0.09678,0.00855,-0.09808,30.24717,0.12841,-0.006,0.06621,0.00962
1760090.0,0.09742,37.973,0.21163,0.03125,0.09586,0.00949,-0.13634,-7.65105,0.1292,-0.0073,0.06571,0.01859
1760095.0,-0.39903,-99.2915,0.23037,0.02695,0.09671,0.15923,-0.23917,-20.56702,0.1402,-0.00962,0.06558,0.0572
1760100.0,0.26862,133.53098,0.23419,0.02937,0.09632,0.07216,0.03551,54.93744,0.12973,-0.00917,0.06495,0.00126
1760105.0,-0.17273,-88.27134,0.22805,0.02735,0.09576,0.02984,-0.39171,-85.4442,0.15593,-0.01299,0.06573,0.15343
1760110.0,-0.12174,10.19841,0.21742,0.02586,0.09502,0.01482,-0.14655,49.03077,0.15499,-0.01433,0.06525,0.02148
1760115.0,0.07208,38.76529,0.20288,0.02632,0.09409,0.0052,-0.17879,-6.44673,0.15737,-0.01597,0.06486,0.03196
1760120.0,-0.49664,-113.74416,0.23226,0.02109,0.09583,0.24665,-0.33151,-30.54491,0.17478,-0.01913,0.06519,0.1099
1760125.0,0.18363,136.0529,0.2274,0.02271,0.09513,0.03372,-0.04516,57.26969,0.16182,-0.01939,0.06455,0.00204
1760130.0,-0.249,-86.52462,0.22956,0.02,0.0949,0.062,-0.13471,-17.90905,0.15911,-0.02054,0.06403,0.01815
1760135.0,-0.0405,41.69878,0.21065,0.01939,0.09399,0.00164,0.16141,59.22345,0.15934,-0.01872,0.06371,0.02605
1760140.0,-0.00311,7.47836,0.1899,0.01917,0.09305,1e-05,-0.01432,-35.14547,0.14484,-0.01868,0.06308,0.00021
1760145.0,-0.56446,-112.2702,0.22735,0.01333,0.09546,0.31862,-0.21789,-40.71484,0.15214,-0.02067,0.06284,0.04748
1760150.0,0.05104,123.09976,0.20972,0.01371,0.09452,0.0026,-0.03124,37.32967,0.14005,-0.02078,0.06221,0.00098
1760155.0,-0.36741,-83.69061,0.22549,0.0099,0.095,0.13499,-0.08933,-11.61629,0.13498,-0.02146,0.06163,0.00798
1760160.0,0.07867,89.21619,0.21081,0.01058,0.09409,0.00619,0.3688,91.62554,0.15836,-0.01756,0.06251,0.13601
1760165.0,0.02953,-9.82811,0.19268,0.01077,0.09316,0.00087,0.08177,-57.40577,0.1507,-0.01656,0.06198,0.00669
1760170.0,-0.38695,-83.29519,0.21211,0.0068,0.09378,0.14973,-0.05507,-27.36956,0.14114,-0.01695,0.06138,0.00303
1760175.0,0.28583,134.5551,0.21948,0.00959,0.0936,0.0817,0.2025,51.51496,0.14728,-0.01476,0.06123,0.04101
1760180.0,-0.23339,-103.84206,0.22087,0.00716,0.09324,0.05447,0.02987,-34.52592,0.13554,-0.01431,0.06064,0.00089
1760185.0,0.64721,176.11862,0.2635,0.01356,0.09633,0.41888,0.77539,149.10387,0.19952,-0.00641,0.06615,0.60123
1760190.0,0.46123,-37.19501,0.28328,0.01803,0.09733,0.21274,0.38706,-77.66608,0.21828,-0.00248,0.067,0.14981
1760195.0,-0.00392,-93.03013,0.25534,0.01781,0.09636,2e-05,0.24851,-27.71042,0.2213,3e-05,0.06695,0.06176
1760200.0,0.3287,66.5242,0.26268,0.02092,0.09634,0.10805,0.24984,0.26663,0.22415,0.00253,0.06689,0.06242
1760205.0,-0.1228,-90.30119,0.24869,0.01949,0.09558,0.01508,0.12559,-24.85029,0.2143,0.00376,0.06637,0.01577
1760210.0,0.74661,173.88263,0.29848,0.02676,0.09981,0.55743,0.46298,67.47756,0.23916,0.00835,0.06777,0.21435
1760215.0,0.47328,-54.66625,0.31596,0.03122,0.10076,0.22399,0.15017,-62.56117,0.23026,0.00977,0.06729,0.02255
1760220.0,0.30395,-33.86611,0.31476,0.03395,0.10049,0.09238,0.29176,28.31803,0.23641,0.01259,0.0674,0.08512
1760225.0,0.60225,59.66027,0.34351,0.03963,0.10265,0.3627,0.28718,-0.91529,0.24149,0.01534,0.06747,0.08248
1760230.0,0.04303,-111.84376,0.31346,0.03967,0.10162,0.00185,0.10159,-37.11967,0.2275,0.0162,0.06686,0.01032
1760235.0,0.74439,140.27229,0.35655,0.04671,0.10547,0.55412,0.3961,58.90332,0.24436,0.02,0.06761,0.1569
1760240.0,0.39361,-70.15748,0.36026,0.05018,0.1056,0.15493,0.03288,-72.64442,0.22321,0.02013,0.06693,0.00108
1760245.0,0.15545,-47.63031,0.33978,0.05124,0.10465,0.02417,0.0974,12.90446,0.21063,0.0209,0.06632,0.00949
1760250.0,0.39364,47.63694,0.34516,0.05466,0.10475,0.15495,0.05723,-8.03544,0.19529,0.02126,0.06567,0.00327
1760255.0,-0.14591,-107.9089,0.32524,0.05265,0.1041,0.02129,-0.07118,-25.68111,0.18288,0.02034,0.0651,0.00507
1760260.0,0.65139,159.45824,0.35785,0.05864,0.10657,0.4243,0.29824,73.88428,0.19442,0.02312,0.06521,0.08895
1760265.0,0.23333,-83.6114,0.3454,0.06039,0.1058,0.05444,-0.11151,-81.95007,0.18613,0.02177,0.06473,0.01243
1760270.0,-0.13975,-74.61629,0.32484,0.05839,0.10514,0.01953,-0.14333,-6.36398,0.18185,0.02012,0.06435,0.02054
1760275.0,-0.0205,23.85039,0.2944,0.0576,0.10415,0.00042,-0.20272,-11.87744,0.18393,0.01789,0.0642,0.04109
1760280.0,-0.59226,-114.35178,0.32419,0.0511,0.10725,0.35077,-0.35899,-31.25434,0.20144,0.01412,0.06495,0.12887
1760285.0,0.10454,139.3591,0.30222,0.05163,0.1062,0.01093,-0.06899,57.9999,0.18819,0.01329,0.06436,0.00476
1760290.0,-0.17919,-56.74435,0.28992,0.04933,0.10566,0.03211,-0.38286,-62.77455,0.20766,0.00933,0.06526,0.14658
1760295.0,-0.20568,-5.29875,0.2815,0.04678,0.10524,0.0423,-0.15978,44.61695,0.20287,0.00764,0.06489,0.02553
1760300.0,-0.22912,-4.6872,0.27626,0.04402,0.10494,0.05249,-0.3621,-40.46409,0.21879,0.00394,0.06558,0.13111
1760305.0,-0.70303,-94.78228,0.31893,0.03655,0.10936,0.49425,-0.4775,-23.07989,0.24466,-0.00087,0.06719,0.228
1760310.0,0.00859,142.32343,0.2879,0.03627,0.10827,7e-05,-0.20603,54.29229,0.2408,-0.00292,0.06693,0.04245
1760315.0,-0.41532,-84.78104,0.30064,0.03175,0.10919,0.17249,-0.24813,-8.41817,0.24153,-0.00538,0.06685,0.06157
1760320.0,-0.4904,-15.01648,0.31962,0.02653,0.11077,0.24049,-0.12752,24.12178,0.23013,-0.0066,0.06633,0.01626
1760325.0,-0.32983,32.11268,0.32064,0.02297,0.1109,0.10879,-0.25347,-25.19122,0.23247,-0.00907,0.06627,0.06425
1760330.0,-0.79213,-92.45924,0.36779,0.01481,0.11631,0.62747,-0.41329,-31.96309,0.25055,-0.01311,0.0672,0.17081
1760335.0,-0.21876,114.67399,0.35289,0.01248,0.11568,0.04786,-0.22608,37.44191,0.2481,-0.01524,0.06698,0.05111
1760340.0,-0.6926,-94.76812,0.38686,0.00543,0.11939,0.4797,-0.32124,-19.03159,0.25541,-0.0183,0.06722,0.10319
1760345.0,-0.0528,127.96086,0.35345,0.00485,0.11823,0.00279,0.2827,120.78722,0.25814,-0.01529,0.06744,0.07992
1760350.0,-0.08914,-7.26812,0.32702,0.00391,0.11714,0.00795,-2e-05,-56.54399,0.23233,-0.01513,0.06677,0.0
1760355.0,-0.65288,-112.7482,0.35961,-0.00266,0.12019,0.42625,-0.20994,-41.98411,0.23009,-0.01708,0.06647,0.04408
1760360.0,-0.16765,97.04527,0.34041,-0.00431,0.11926,0.02811,-0.10044,21.90069,0.21713,-0.01792,0.06588,0.01009
1760365.0,-0.72262,-110.9938,0.37863,-0.01149,0.12312,0.52218,-0.33302,-46.5171,0.22872,-0.02107,0.06619,0.1109
1760370.0,0.22766,190.05704,0.36353,-0.0091,0.12245,0.05183,0.46637,159.87895,0.25248,-0.01619,0.06786,0.2175
1760375.0,0.23825,2.11731,0.35101,-0.00663,0.12183,0.05676,0.25352,-42.57069,0.25259,-0.0135,0.06789,0.06427
1760380.0,-0.20917,-89.48391,0.33682,-0.00866,0.12101,0.04375,0.12863,-24.97746,0.24019,-0.01207,0.06741,0.01655
1760385.0,0.22957,87.74728,0.3261,-0.00627,0.12036,0.0527,0.20119,14.51137,0.23629,-0.00994,0.06718,0.04048
1760390.0,-0.29353,-104.62016,0.32284,-0.00915,0.11996,0.08616,0.02492,-35.25301,0.21515,-0.00959,0.06652,0.00062
1760395.0,0.53594,165.89563,0.34415,-0.00369,0.12167,0.28724,0.35814,66.6424,0.22945,-0.00592,0.06718,0.12826
1760400.0,0.28388,-50.41313,0.33812,-0.00082,0.12127,0.08059,0.01937,-67.7529,0.20844,-0.00566,0.06652,0.00038
1760405.0,-0.0175,-60.27596,0.30606,-0.00099,0.12006,0.00031,0.03237,2.59996,0.19084,-0.00528,0.06587,0.00105
1760410.0,0.24806,53.11282,0.30026,0.0015,0.11947,0.06154,0.00146,-6.1825,0.1719,-0.00522,0.06521,0.0
1760415.0,-0.27905,-105.42252,0.29814,-0.0013,0.11904,0.07787,-0.1201,-24.31233,0.16672,-0.00636,0.06468,0.01442
1760420.0,0.47367,150.54396,0.31569,0.00345,0.12006,0.22436,0.20645,65.31108,0.17069,-0.00424,0.06448,0.04262
1760425.0,0.38007,-18.7202,0.32213,0.00722,0.12025,0.14445,0.0308,-35.12984,0.1567,-0.00389,0.06385,0.00095
1760430.0,0.14325,-47.36344,0.30424,0.00858,0.11923,0.02052,0.09931,13.70223,0.15096,-0.00285,0.06331,0.00986
1760435.0,0.23801,18.95101,0.29762,0.01087,0.11855,0.05665,-0.01903,-23.66785,0.13777,-0.00302,0.06268,0.00036
1760440.0,-0.36679,-120.95862,0.30454,0.00709,0.11877,0.13453,-0.19578,-35.35065,0.14357,-0.00494,0.06242,0.03833
1760445.0,0.473,167.95697,0.32138,0.01175,0.11971,0.22373,0.16265,71.68649,0.14548,-0.00327,0.06207,0.02646
1760450.0,-0.00471,-95.54165,0.28972,0.01159,0.11851,2e-05,-0.3615,-104.83121,0.16708,-0.00685,0.06271,0.13068
1760455.0,-0.20073,-39.20451,0.28082,0.00946,0.11777,0.04029,-0.28389,15.52266,0.17876,-0.00962,0.06283,0.08059
1760460.0,-0.0685,26.44596,0.25959,0.00868,0.11665,0.00469,-0.3942,-22.06175,0.20031,-0.01347,0.06366,0.15539
1760465.0,-0.4878,-83.85883,0.28241,0.00372,0.1179,0.23795,-0.44949,-11.05871,0.22522,-0.01783,0.06488,0.20204
1760470.0,0.13703,124.96485,0.26787,0.00505,0.1169,0.01878,-0.23261,43.37547,0.22596,-0.01997,0.06469,0.05411
1760475.0,-0.30465,-88.3362,0.27155,0.00196,0.11667,0.09281,-0.30486,-14.44915,0.23385,-0.02282,0.06483,0.09294
1760480.0,0.07042,75.01383,0.25143,0.00264,0.11555,0.00496,0.10027,81.02547,0.22049,-0.02159,0.06433,0.01005
1760485.0,0.02032,-10.01872,0.22832,0.00282,0.11439,0.00041,-0.19924,-59.90211,0.21837,-0.02337,0.064,0.0397
1760490.0,-0.48606,-101.27724,0.2541,-0.00207,0.11559,0.23626,-0.36616,-33.38292,0.23315,-0.0268,0.06451,0.13407
1760495.0,-0.0134,94.53215,0.23003,-0.00218,0.11444,0.00018,-0.27136,18.95898,0.23697,-0.02924,0.06445,0.07364
1760500.0,-0.67018,-131.35596,0.27404,-0.00886,0.11767,0.44915,-0.51039,-47.80493,0.26431,-0.03405,0.06608,0.2605
1760505.0,0.13182,160.40137,0.25982,-0.00746,0.11668,0.01738,0.17153,136.38367,0.25503,-0.032,0.06583,0.02942
1760510.0,0.07598,-11.1691,0.24144,-0.00662,0.11559,0.00577,-0.13526,-61.35782,0.24306,-0.03303,0.06528,0.01829
1760515.0,-0.12818,-40.83219,0.23011,-0.00784,0.11457,0.01643,-0.07909,11.23362,0.22666,-0.03349,0.06465,0.00626
1760520.0,0.23011,71.65804,0.23011,-0.00546,0.11398,0.05295,-0.07186,1.44539,0.21118,-0.03387,0.06401,0.00516
1760525.0,-0.29995,-106.0125,0.2371,-0.0084,0.11369,0.08997,-0.252,-36.02748,0.21526,-0.03606,0.06384,0.0635
1760530.0,0.69545,199.08098,0.28293,-0.00137,0.11741,0.48365,0.54187,158.77396,0.24792,-0.03028,0.06648,0.29362
1760535.0,0.57775,-23.54099,0.31241,0.00443,0.11953,0.33379,0.22841,-62.69181,0.24597,-0.02769,0.06647,0.05217
1760540.0,-0.14645,-144.83986,0.29582,0.00292,0.11855,0.02145,-0.06584,-58.85017,0.22796,-0.02807,0.06582,0.00433
1760545.0,0.21362,72.01579,0.2876,0.00502,0.1178,0.04564,-0.06043,1.08118,0.21121,-0.02839,0.06517,0.00365
1760550.0,-0.16213,-75.15098,0.27505,0.00335,0.1169,0.02629,-0.12758,-13.42886,0.20284,-0.02939,0.06461,0.01628
1760555.0,0.58719,149.86467,0.30626,0.00919,0.11907,0.3448,0.1726,60.03498,0.19982,-0.02737,0.06437,0.02979
1760560.0,0.32508,-52.42179,0.30815,0.01235,0.11886,0.10568,-0.14811,-64.14053,0.19465,-0.02857,0.06387,0.02194
1760565.0,0.01348,-62.32145,0.27868,0.01236,0.11767,0.00018,-0.14811,0.00028,0.18999,-0.02977,0.06337,0.02194
1760570.0,0.27851,53.00681,0.27866,0.01502,0.11719,0.07757,-0.19113,-8.60446,0.19011,-0.03138,0.06299,0.03653
1760575.0,-0.33903,-123.50793,0.2847,0.01148,0.11724,0.11494,-0.4169,-45.15432,0.21279,-0.03524,0.06382,0.1738
1760580.0,0.43047,153.89877,0.29928,0.01567,0.11779,0.1853,-0.11827,59.72496,0.20333,-0.03607,0.06324,0.01399
1760585.0,0.18417,-49.2595,0.28777,0.01736,0.11689,0.03392,-0.44156,-64.65617,0.22716,-0.04012,0.06422,0.19497
1760590.0,-0.1134,-59.51348,0.27033,0.01605,0.11589,0.01286,-0.44286,-0.26009,0.24873,-0.04415,0.06517,0.19612
1760595.0,0.16563,55.8068,0.25986,0.01754,0.11495,0.02743,-0.45242,-1.91275,0.2691,-0.04823,0.06615,0.20468
1760600.0,-0.44145,-121.41712,0.27802,0.01295,0.11587,0.19488,-0.61409,-32.33484,0.3036,-0.05389,0.06863,0.37711
1760605.0,0.26293,140.8761,0.27651,0.01545,0.11532,0.06913,-0.38372,46.07526,0.31161,-0.05719,0.06901,0.14724
1760610.0,0.19001,-14.58333,0.26786,0.0172,0.11447,0.0361,-0.59541,-42.33871,0.33999,-0.06257,0.07116,0.35451
1760615.0,-0.03103,-44.20931,0.24418,0.01672,0.11334,0.00096,-0.55424,8.23336,0.36141,-0.06749,0.07282,0.30719
1760620.0,0.23958,54.12232,0.24372,0.01895,0.1127,0.0574,-0.5838,-5.91213,0.38365,-0.07265,0.0747,0.34083
1760625.0,-0.29924,-107.76286,0.24927,0.01576,0.11256,0.08954,-0.77471,-38.18063,0.42276,-0.07967,0.07878,0.60017
1760630.0,0.23492,106.83093,0.24783,0.01796,0.11191,0.05519,-0.67419,20.10341,0.4479,-0.08562,0.08146,0.45453
1760635.0,-0.06962,-60.90819,0.23001,0.01708,0.11086,0.00485,-1.0,-65.16185,0.50311,-0.09476,0.08884,1.0
1760640.0,-0.18495,-23.06542,0.22551,0.01506,0.11015,0.03421,-0.85425,29.14948,0.53823,-0.10236,0.09361,0.72975
1760645.0,0.02497,41.98374,0.20545,0.01516,0.10905,0.00062,-0.93573,-16.29633,0.57798,-0.11069,0.09948,0.8756
1760650.0,-0.41335,-87.66361,0.22624,0.01087,0.10976,0.17086,-1.0,-12.85316,0.62018,-0.11958,0.10623,1.0
1760655.0,0.05663,93.99554,0.20928,0.01133,0.10869,0.00321,-0.8607,27.8607,0.64423,-0.12699,0.11055,0.7408
1760660.0,-0.3852,-88.36658,0.22687,0.00737,0.10914,0.14838,-0.88303,-4.46681,0.66811,-0.13456,0.11505,0.77974
1760665.0,-0.30906,15.22786,0.23509,0.0042,0.10903,0.09552,-0.66821,42.96352,0.66812,-0.13989,0.11669,0.44651
1760670.0,-0.16252,29.3093,0.22784,0.00253,0.10821,0.02641,-0.78472,-23.30055,0.67978,-0.14634,0.1196,0.61578
1760675.0,-0.65875,-99.24535,0.27093,-0.00408,0.11142,0.43395,-0.86873,-16.802,0.69867,-0.15356,0.12352,0.75468
1760680.0,-0.00276,131.198,0.24411,-0.00406,0.1103,1e-05,-0.59514,54.71725,0.68832,-0.15798,0.12419,0.35419
1760685.0,-0.43771,-86.99146,0.26347,-0.0084,0.11104,0.19159,-0.64278,-9.52871,0.68377,-0.16283,0.12526,0.41317
1760690.0,-0.0402,79.50239,0.24114,-0.00872,0.10994,0.00162,-0.1943,89.69584,0.63482,-0.16314,0.12401,0.03775
1760695.0,0.00021,8.08135,0.21705,-0.00863,0.10884,0.0,-0.38213,-37.56573,0.60955,-0.16533,0.12324,0.14603
1760700.0,-0.43525,-87.09078,0.23887,-0.0129,0.10954,0.18944,-0.45185,-13.94377,0.59378,-0.1682,0.12282,0.20417
1760705.0,0.12024,111.09739,0.22701,-0.01157,0.10862,0.01446,-0.27656,35.05908,0.56206,-0.16928,0.1217,0.07648
1760710.0,-0.32837,-89.72106,0.23714,-0.01473,0.10851,0.10782,-0.35712,-16.11194,0.54157,-0.17116,0.12083,0.12753
1760715.0,0.05884,77.44027,0.21931,-0.014,0.10748,0.00346,0.09623,90.66936,0.49703,-0.16849,0.12032,0.00926
1760720.0,0.08917,6.06606,0.2063,-0.01297,0.10651,0.00795,-0.089,-37.04634,0.45623,-0.16769,0.11918,0.00792
1760725.0,-0.35654,-89.14118,0.22132,-0.0164,0.1066,0.12712,-0.18974,-20.14806,0.42958,-0.16791,0.118,0.036
1760730.0,0.19209,109.7262,0.2184,-0.01432,0.10596,0.0369,-0.04176,29.59538,0.3908,-0.16665,0.11697,0.00174
1760735.0,-0.34392,-107.20158,0.23095,-0.01761,0.10597,0.11828,-0.1701,-25.6669,0.36873,-0.16668,0.1158,0.02893
1760740.0,0.2829,125.36438,0.23615,-0.01461,0.10579,0.08004,0.39889,113.79691,0.37174,-0.16103,0.11778,0.15911
1760745.0,0.2102,-14.54004,0.23355,-0.01236,0.10523,0.04419,0.12448,-54.88184,0.34702,-0.15817,0.1174,0.01549
1760750.0,-0.09176,-60.39339,0.21937,-0.01315,0.10424,0.00842,0.0788,-9.13549,0.3202,-0.1558,0.11678,0.00621
1760755.0,0.35014,88.38066,0.23245,-0.00952,0.10449,0.1226,0.14152,12.54483,0.30233,-0.15283,0.11647,0.02003
1760760.0,-0.20472,-110.97193,0.22968,-0.01147,0.10382,0.04191,-0.00762,-29.82802,0.27286,-0.15138,0.11552,6e-05
1760765.0,0.64521,169.98486,0.27123,-0.00491,0.10701,0.41629,0.67921,137.36615,0.31349,-0.14307,0.12112,0.46133
1760770.0,0.45303,-38.4353,0.28941,-0.00033,0.10799,0.20524,0.31666,-72.51031,0.31381,-0.13847,0.12198,0.10028
1760775.0,-0.03549,-97.70445,0.26402,-0.00068,0.10693,0.00126,0.20346,-22.63958,0.30278,-0.13506,0.12191,0.0414
1760780.0,0.32096,71.29107,0.26971,0.00254,0.10687,0.10302,0.19533,-1.62729,0.29203,-0.13175,0.12176,0.03815
1760785.0,-0.2332,-110.83303,0.26606,0.00018,0.10635,0.05438,-0.02838,-44.74124,0.26567,-0.13072,0.12065,0.00081
1760790.0,0.62073,170.78743,0.30153,0.00639,0.10906,0.38531,0.22535,50.74496,0.26163,-0.12716,0.12068,0.05078
1760795.0,0.66778,9.40874,0.33815,0.013,0.11225,0.44593,0.07921,-29.22803,0.24339,-0.12509,0.11989,0.00627
1760800.0,0.31224,-71.1069,0.33556,0.01599,0.11201,0.0975,0.0364,-8.56195,0.22269,-0.12348,0.11895,0.00132
1760805.0,0.63014,63.5798,0.36502,0.02213,0.11459,0.39708,0.01235,-4.80948,0.20166,-0.12212,0.11794,0.00015
1760810.0,0.03911,-118.20589,0.33243,0.0223,0.11344,0.00153,-0.15874,-34.21753,0.19737,-0.12249,0.11678,0.0252
1760815.0,0.86329,164.83507,0.38552,0.03071,0.11924,0.74527,0.17676,67.10008,0.19531,-0.11949,0.11649,0.03124
1760820.0,0.40458,-91.74081,0.38742,0.03445,0.11942,0.16369,-0.23574,-82.49957,0.19935,-0.12066,0.11545,0.05557
1760825.0,0.15423,-50.07146,0.3641,0.03565,0.11836,0.02379,-0.15421,16.30571,0.19483,-0.12099,0.11431,0.02378
1760830.0,0.48806,66.76694,0.3765,0.04017,0.11919,0.2382,-0.08996,12.84999,0.18435,-0.12068,0.11318,0.00809
1760835.0,-0.09081,-115.77364,0.34793,0.03886,0.11816,0.00825,-0.21623,-25.25462,0.18753,-0.12164,0.11213,0.04676
1760840.0,0.66803,151.76778,0.37994,0.04516,0.12086,0.44627,0.10399,64.04482,0.17918,-0.11938,0.11151,0.01081
1760845.0,0.22798,-88.00958,0.36474,0.04698,0.11998,0.05198,-0.301,-80.99822,0.19136,-0.1212,0.11072,0.0906
1760850.0,-0.00517,-46.6302,0.32879,0.04646,0.11881,3e-05,-0.17786,24.62694,0.19001,-0.12176,0.10964,0.03164
1760855.0,0.18594,38.22171,0.3145,0.04786,0.11781,0.03457,-0.18971,-2.36896,0.18998,-0.12244,0.10859,0.03599
1760860.0,-0.36243,-109.67466,0.31929,0.04376,0.11828,0.13136,-0.27096,-16.2496,0.19808,-0.12393,0.10772,0.07342
1760865.0,0.34717,141.91956,0.32208,0.04679,0.118,0.12052,0.00013,54.21777,0.17828,-0.12269,0.1068,0.0
1760870.0,0.1005,-49.33385,0.29992,0.04733,0.11685,0.0101,-0.28026,-56.07809,0.18848,-0.12426,0.10597,0.07854
1760875.0,0.04034,-12.03149,0.27397,0.04726,0.11568,0.00163,-0.0448,47.09194,0.17411,-0.12347,0.10497,0.00201
1760880.0,0.06666,5.26324,0.25323,0.04745,0.11453,0.00444,-0.18386,-27.8123,0.17509,-0.12407,0.10396,0.0338
1760885.0,-0.47028,-107.38754,0.27494,0.04227,0.11601,0.22116,-0.29905,-23.03883,0.18748,-0.12582,0.10322,0.08943
1760890.0,0.25262,144.57991,0.27271,0.04438,0.11528,0.06382,-0.0235,55.11119,0.17109,-0.1248,0.10229,0.00055
1760895.0,-0.14456,-79.43552,0.25989,0.04249,0.11448,0.0209,-0.38097,-71.49478,0.19207,-0.12736,0.10191,0.14514
1760900.0,-0.17798,-6.68495,0.2517,0.04028,0.11381,0.03168,-0.13313,49.56752,0.18618,-0.12742,0.10089,0.01772
1760905.0,-0.12742,10.11329,0.23927,0.03861,0.11295,0.01624,-0.26194,-25.76192,0.19376,-0.12876,0.10006,0.06861
1760910.0,-0.7242,-119.35594,0.28777,0.03098,0.11752,0.52446,-0.42481,-32.57394,0.21686,-0.13172,0.09992,0.18047
1760915.0,-0.05142,134.55513,0.26413,0.03015,0.11641,0.00264,-0.15677,53.60816,0.21085,-0.13197,0.09893,0.02458
1760920.0,-0.49562,-88.84019,0.28728,0.0249,0.11796,0.24564,-0.18277,-5.19884,0.20804,-0.13248,0.09796,0.0334
1760925.0,-0.32874,33.3765,0.29143,0.02136,0.11801,0.10807,0.09128,54.81001,0.19637,-0.13025,0.09747,0.00833
1760930.0,-0.17959,29.83031,0.28024,0.01935,0.11722,0.03225,-0.03827,-25.9116,0.18056,-0.12933,0.09658,0.00146
1760935.0,-0.69,-102.08203,0.32122,0.01226,0.12098,0.4761,-0.16813,-25.97168,0.17932,-0.12971,0.09563,0.02827
1760940.0,-0.0177,134.45988,0.29087,0.01196,0.11978,0.00031,0.03903,41.43266,0.16529,-0.12803,0.09495,0.00152
1760945.0,-0.46497,-89.45463,0.30828,0.00719,0.12081,0.2162,-0.04211,-16.22761,0.15297,-0.12717,0.09408,0.00177
1760950.0,-0.13831,65.33303,0.29128,0.00573,0.11981,0.01913,0.33171,74.76334,0.17084,-0.12258,0.0952,0.11003
1760955.0,-0.00805,26.05137,0.26296,0.00559,0.11861,6e-05,0.20971,-24.4008,0.17473,-0.11926,0.09533,0.04398
1760960.0,-0.53709,-105.80704,0.29037,0.00017,0.12031,0.28846,0.05222,-31.49635,0.16248,-0.11754,0.09466,0.00273
1760965.0,0.04058,115.53416,0.26539,0.00057,0.11913,0.00165,0.17812,25.17937,0.16404,-0.11458,0.09457,0.03173
1760970.0,-0.41303,-90.72301,0.28016,-0.00356,0.11961,0.17059,0.08096,-19.43208,0.15574,-0.11263,0.094,0.00655
1760975.0,-0.00948,80.7101,0.25309,-0.00362,0.11842,9e-05,0.49877,83.56229,0.19004,-0.10651,0.09673,0.24877
1760980.0,0.0272,7.33515,0.2305,-0.00331,0.11724,0.00074,0.30009,-39.73736,0.20104,-0.10245,0.09738,0.09005
1760985.0,-0.5061,-106.65885,0.25806,-0.00834,0.11855,0.25614,0.09717,-40.58393,0.19066,-0.10045,0.0968,0.00944
1760990.0,-0.01052,99.11515,0.23331,-0.00836,0.11736,0.00011,0.15999,12.5648,0.18759,-0.09785,0.09649,0.0256
1760995.0,-0.4588,-89.65566,0.25585,-0.01287,0.11818,0.2105,0.09767,-12.46289,0.1786,-0.09589,0.0959,0.00954
1761000.0,0.03255,98.27042,0.23352,-0.01241,0.11702,0.00106,0.57101,94.66712,0.21784,-0.08922,0.0993,0.32605
1761005.0,-0.09636,-25.78213,0.21981,-0.01325,0.11591,0.00929,0.21374,-71.45406,0.21743,-0.08619,0.09921,0.04568
1761010.0,-0.53547,-87.82201,0.25137,-0.01848,0.11743,0.28673,0.07611,-27.52646,0.2033,-0.08457,0.09848,0.00579
1761015.0,-0.03453,100.18745,0.22969,-0.01864,0.11626,0.00119,0.17457,19.69184,0.20042,-0.08198,0.09815,0.03047
1761020.0,-0.56137,-105.36771,0.26286,-0.02406,0.11798,0.31514,0.01758,-31.39737,0.18214,-0.08098,0.09727,0.00031
1761025.0,0.26813,165.90062,0.26339,-0.02114,0.11764,0.07189,0.69573,135.63022,0.2335,-0.07322,0.10221,0.48404
1761030.0,0.1143,-30.7671,0.24848,-0.01979,0.11664,0.01306,0.32301,-74.54446,0.24245,-0.06925,0.10272,0.10433
1761035.0,-0.34805,-92.47017,0.25843,-0.02307,0.11653,0.12114,0.20628,-23.34482,0.23883,-0.0665,0.10244,0.04255
1761040.0,0.13421,96.45317,0.24601,-0.0215,0.11561,0.01801,0.28947,16.6364,0.2439,-0.06294,0.10266,0.08379
1761045.0,-0.49322,-125.48618,0.27073,-0.02621,0.11663,0.24327,0.06044,-45.80584,0.22555,-0.06171,0.10178,0.00365
1761050.0,0.41252,181.14766,0.28491,-0.02183,0.11735,0.17017,0.75738,139.38756,0.27873,-0.05351,0.10734,0.57362
1761055.0,0.24288,-33.92798,0.28071,-0.01918,0.11687,0.05899,0.41,-69.47552,0.29186,-0.04888,0.10837,0.1681
1761060.0,-0.23451,-95.47685,0.27609,-0.02133,0.11615,0.05499,0.2819,-25.61997,0.29086,-0.04557,0.10836,0.07947
1761065.0,0.15498,77.89699,0.26398,-0.01957,0.1153,0.02402,0.29753,3.12712,0.29153,-0.04214,0.10843,0.08853
1761070.0,-0.47632,-126.26078,0.28521,-0.02414,0.11619,0.22688,0.06532,-46.44267,0.26891,-0.04107,0.10746,0.00427
1761075.0,0.5112,197.50415,0.30781,-0.01878,0.11783,0.26132,0.81953,150.84206,0.32397,-0.03246,0.11364,0.67163
1761080.0,0.16708,-68.82341,0.29374,-0.01693,0.11699,0.02792,0.34709,-94.48808,0.32628,-0.02866,0.11392,0.12047
1761085.0,-0.05833,-45.08107,0.2702,-0.01734,0.11584,0.0034,0.36302,3.18691,0.32996,-0.02475,0.11428,0.13179
1761090.0,0.23094,57.85306,0.26627,-0.01486,0.11529,0.05333,0.2756,-17.48525,0.32452,-0.02174,0.11402,0.07595
1761095.0,-0.41052,-128.29271,0.2807,-0.01881,0.11567,0.16853,0.04339,-46.44264,0.29641,-0.02109,0.11292,0.00188
1761100.0,0.48996,180.09769,0.30162,-0.01373,0.11705,0.24007,0.39631,70.58589,0.3064,-0.01692,0.1135,0.15707
1761105.0,0.22884,-52.22499,0.29434,-0.0113,0.11645,0.05237,0.02546,-74.17122,0.2783,-0.0165,0.11238,0.00065
1761110.0,-0.00427,-46.62246,0.26534,-0.01123,0.11529,2e-05,0.10994,16.8969,0.26147,-0.01523,0.11142,0.01209
1761115.0,0.2793,56.71395,0.26673,-0.00833,0.11497,0.07801,0.11826,1.66344,0.24715,-0.0139,0.11048,0.01399
1761120.0,-0.28759,-113.37727,0.26882,-0.01112,0.11458,0.08271,-0.00531,-24.71405,0.22296,-0.01381,0.10937,3e-05
1761125.0,0.519,161.31706,0.29384,-0.00582,0.11619,0.26936,0.295,60.06283,0.23017,-0.01072,0.10921,0.08703
1761130.0,0.17143,-69.51344,0.2816,-0.00404,0.11533,0.02939,-0.08972,-76.94508,0.21612,-0.01151,0.10818,0.00805
1761135.0,-0.2208,-78.44614,0.27552,-0.00621,0.11464,0.04875,-0.10935,-3.92658,0.20545,-0.01249,0.1072,0.01196
1761140.0,0.0044,45.04088,0.2484,-0.00611,0.1135,2e-05,-0.13563,-5.25491,0.19846,-0.01372,0.10627,0.0184
1761145.0,-0.53417,-107.71529,0.27698,-0.01139,0.11509,0.28534,-0.26659,-26.19322,0.20528,-0.01625,0.10584,0.07107
1761150.0,0.30118,167.07024,0.2794,-0.00826,0.1149,0.09071,0.06313,65.94589,0.19106,-0.01546,0.10484,0.00399
1761155.0,-0.18768,-97.77132,0.27023,-0.01005,0.11407,0.03522,-0.37865,-88.35725,0.20982,-0.01909,0.10508,0.14338
1761160.0,-0.37666,-37.7966,0.28087,-0.01372,0.11424,0.14187,-0.24946,25.83916,0.21379,-0.02139,0.10455,0.06223
1761165.0,-0.05092,65.14906,0.25788,-0.01409,0.11312,0.00259,-0.20127,9.63776,0.21253,-0.02319,0.10383,0.04051
1761170.0,-0.66635,-123.08607,0.29872,-0.02062,0.11615,0.44402,-0.38284,-36.31537,0.22956,-0.02679,0.10405,0.14657
1761175.0,0.10388,154.04509,0.27924,-0.01937,0.11514,0.01079,-0.0622,64.12891,0.21283,-0.02714,0.10303,0.00387
1761180.0,-0.36352,-93.47953,0.28767,-0.02281,0.11515,0.13215,-0.49019,-85.59827,0.24056,-0.03177,0.1041,0.24029
1761185.0,-0.28511,15.68126,0.28741,-0.02543,0.11468,0.08129,-0.20664,56.70972,0.23717,-0.03352,0.10336,0.0427
1761190.0,-0.13239,30.54565,0.27191,-0.0265,0.11364,0.01753,-0.31364,-21.40023,0.24482,-0.03632,0.10309,0.09837
1761195.0,-0.73918,-121.35867,0.31864,-0.03363,0.11748,0.54638,-0.44717,-26.70546,0.26505,-0.04043,0.10372,0.19996
1761200.0,-0.04049,139.73686,0.29082,-0.0337,0.11631,0.00164,-0.17591,54.25227,0.25614,-0.04179,0.10286,0.03094
1761205.0,-0.57445,-106.79175,0.31919,-0.03911,0.11801,0.33,-0.30025,-24.86798,0.26055,-0.04437,0.10248,0.09015
1761210.0,-0.47128,20.63488,0.33439,-0.04343,0.11866,0.2221,-0.07025,45.99965,0.24152,-0.04463,0.10147,0.00494
1761215.0,-0.37881,18.49326,0.33884,-0.04678,0.11858,0.1435,-0.24975,-35.90011,0.24234,-0.04668,0.10086,0.06238
1761220.0,-0.9582,-115.87846,0.40077,-0.0559,0.12553,0.91816,-0.42438,-34.92497,0.26055,-0.05046,0.10125,0.1801
1761225.0,-0.39741,112.15916,0.40044,-0.05931,0.12542,0.15793,-0.30629,23.61745,0.26512,-0.05302,0.10088,0.09381
1761230.0,-0.89119,-98.75555,0.44951,-0.06763,0.13095,0.79421,-0.41548,-21.83827,0.28016,-0.05664,0.10116,0.17262
1761235.0,-0.33592,111.05353,0.43815,-0.07031,0.13035,0.11284,0.12295,107.68621,0.26444,-0.05484,0.10047,0.01512
1761240.0,-0.25508,16.16783,0.41985,-0.07216,0.12938,0.06507,-0.04166,-32.92155,0.24216,-0.05471,0.09946,0.00174
1761245.0,-0.68065,-85.11314,0.44593,-0.07825,0.13171,0.46328,-0.15568,-22.8056,0.23351,-0.05572,0.09857,0.02424
1761250.0,-0.06324,123.48032,0.40766,-0.0781,0.1304,0.004,-0.0069,29.75646,0.21085,-0.05523,0.09761,5e-05
1761255.0,-0.59241,-105.83337,0.42613,-0.08324,0.13169,0.35095,-0.14845,-28.31018,0.20461,-0.05617,0.09671,0.02204
1761260.0,0.26594,171.66992,0.41011,-0.07975,0.13156,0.07072,0.56308,142.30722,0.24046,-0.04997,0.09951,0.31706
1761265.0,0.19973,-13.24137,0.38907,-0.07695,0.13101,0.03989,0.25599,-61.41792,0.24201,-0.04691,0.09943,0.06553
1761270.0,-0.27547,-95.04018,0.37771,-0.07894,0.13009,0.07588,0.10885,-29.42943,0.22869,-0.04536,0.09867,0.01185
1761275.0,0.29977,115.04848,0.36992,-0.07515,0.13019,0.08986,0.26365,30.96148,0.23219,-0.04227,0.09862,0.06951
1761280.0,-0.43659,-147.27312,0.37659,-0.07877,0.13017,0.19061,-0.02679,-58.08811,0.21165,-0.04211,0.09764,0.00072
1761285.0,0.57341,202.00075,0.39627,-0.07224,0.13304,0.3288,0.79029,163.41531,0.26951,-0.03379,0.10345,0.62456
1761290.0,0.30666,-53.35099,0.38731,-0.06845,0.13312,0.09404,0.3383,-90.39877,0.27639,-0.03007,0.10377,0.11444
1761295.0,-0.26515,-114.36214,0.37509,-0.07042,0.13216,0.07031,0.15654,-36.35069,0.26441,-0.0282,0.10308,0.02451
1761300.0,0.30986,115.0022,0.36857,-0.06662,0.13226,0.09601,0.30507,29.70534,0.26847,-0.02487,0.10314,0.09307
1761305.0,-0.1794,-97.8513,0.34965,-0.06775,0.13106,0.03218,0.18553,-23.9086,0.26018,-0.02276,0.10254,0.03442
1761310.0,0.72082,180.04428,0.38677,-0.05986,0.13585,0.51958,0.4616,55.21494,0.28032,-0.01792,0.10381,0.21307
1761315.0,0.43666,-56.83264,0.39176,-0.0549,0.1369,0.19067,0.11356,-69.60738,0.26365,-0.01661,0.10294,0.0129
1761320.0,0.01558,-84.21511,0.35414,-0.05419,0.13558,0.00024,0.10856,-1.0012,0.24814,-0.01535,0.10207,0.01178
1761325.0,0.39288,75.45861,0.35801,-0.04972,0.13619,0.15435,0.14288,6.86368,0.23761,-0.01377,0.10129,0.02041
1761330.0,-0.27531,-133.63734,0.34974,-0.05198,0.13532,0.0758,-0.07899,-44.37414,0.22175,-0.01442,0.10032,0.00624
1761335.0,0.63623,182.30882,0.37839,-0.04509,0.13861,0.40479,0.29657,75.11272,0.22923,-0.01131,0.10027,0.08795
1761340.0,0.27575,-72.09633,0.36813,-0.04189,0.13824,0.07604,-0.0943,-78.17358,0.21574,-0.01214,0.09933,0.00889
1761345.0,-0.12984,-81.11797,0.3443,-0.04277,0.13693,0.01686,-0.11252,-3.64445,0.20542,-0.01315,0.09844,0.01266
1761350.0,0.17943,61.85374,0.32781,-0.04054,0.13604,0.0322,-0.11372,-0.23952,0.19625,-0.01415,0.09755,0.01293
1761355.0,-0.46784,-129.45337,0.34182,-0.04482,0.13647,0.21887,-0.27268,-31.79124,0.20389,-0.01674,0.09723,0.07435
1761360.0,0.38238,170.04233,0.34587,-0.04054,0.1369,0.14621,0.10108,74.7502,0.19361,-0.01556,0.09639,0.01022
1761365.0,0.04848,-66.77888,0.31613,-0.03965,0.13561,0.00235,-0.26898,-74.01085,0.20114,-0.01809,0.09606,0.07235
1761370.0,-0.24936,-59.56847,0.30946,-0.04175,0.13468,0.06218,-0.20805,12.18656,0.20183,-0.01999,0.09545,0.04328
1761375.0,-0.17848,14.17543,0.29636,-0.04312,0.13352,0.03186,-0.34147,-26.68557,0.2158,-0.02321,0.09551,0.1166
1761380.0,-0.788,-121.90403,0.34552,-0.05057,0.13762,0.62095,-0.47514,-26.73349,0.24173,-0.02773,0.09656,0.22576
1761385.0,-0.06856,143.8891,0.31783,-0.05075,0.13625,0.0047,-0.23229,48.56973,0.24079,-0.02977,0.096,0.05396
1761390.0,-0.43719,-73.72644,0.32976,-0.05461,0.13635,0.19114,-0.58965,-71.47067,0.27567,-0.03537,0.09811,0.34768
1761395.0,-0.59708,-31.97783,0.35649,-0.06004,0.13787,0.3565,-0.43223,31.48281,0.29133,-0.03934,0.09868,0.18682
1761400.0,-0.31771,55.87371,0.35262,-0.06261,0.13714,0.10094,-0.4201,2.42684,0.30421,-0.04315,0.09911,0.17648
1761405.0,-0.91148,-118.75368,0.4085,-0.0711,0.14283,0.8308,-0.57915,-31.80991,0.3317,-0.04851,0.10094,0.33541
1761410.0,-0.09034,164.22729,0.37669,-0.07129,0.14141,0.00816,-0.26244,63.34065,0.32478,-0.05065,0.10037,0.06888
1761415.0,-0.5396,-89.85226,0.39298,-0.07598,0.14214,0.29117,-0.67506,-82.52289,0.3598,-0.05689,0.10319,0.4557
1761420.0,-0.60199,-12.47625,0.41388,-0.08124,0.14343,0.36239,-0.44587,45.83683,0.36841,-0.06078,0.10364,0.1988
1761425.0,-0.40358,39.68161,0.41285,-0.08446,0.14302,0.16288,-0.5256,-15.94517,0.38413,-0.06543,0.10472,0.27626
1761430.0,-0.90251,-99.78727,0.46182,-0.09264,0.14815,0.81453,-0.61127,-17.13384,0.40684,-0.07089,0.1066,0.37365
1761435.0,-0.24716,131.07172,0.44035,-0.09419,0.1469,0.06109,-0.37213,47.82824,0.40337,-0.0739,0.10642,0.13848
1761440.0,-0.59323,-69.21412,0.45564,-0.09918,0.14787,0.35192,-0.74707,-74.98753,0.43774,-0.08063,0.1098,0.55811
1761445.0,-0.47801,23.04269,0.45787,-0.10297,0.1478,0.2285,-0.42268,64.87743,0.43624,-0.08405,0.10985,0.17866
1761450.0,-0.2901,37.58303,0.4411,-0.10484,0.14666,0.08416,-0.50255,-15.97527,0.44287,-0.08824,0.11046,0.25256
1761455.0,-0.54596,-51.17158,0.45158,-0.10925,0.1471,0.29807,-0.3723,26.0507,0.43581,-0.09108,0.11015,0.13861
1761460.0,-0.01054,107.08376,0.40748,-0.10826,0.14573,0.00011,-0.21637,31.18608,0.41387,-0.09233,0.1092,0.04682
1761465.0,-0.55097,-108.08585,0.42183,-0.11269,0.14619,0.30356,-0.33286,-23.29766,0.40577,-0.09474,0.10868,0.1108
1761470.0,-0.01396,107.40021,0.38104,-0.1117,0.14483,0.0002,0.17822,102.21622,0.38301,-0.09201,0.10832,0.03176
1761475.0,-0.12942,-23.09073,0.35588,-0.11188,0.14338,0.01675,-0.11072,-57.78777,0.35578,-0.09219,0.10724,0.01226
1761480.0,-0.82698,-139.51181,0.40299,-0.11903,0.14696,0.68389,-0.35913,-49.68171,0.35612,-0.09486,0.10687,0.12897
1761485.0,-0.51333,62.72966,0.41402,-0.12297,0.14701,0.26351,-0.42027,-12.2285,0.36253,-0.09812,0.10684,0.17663
1761490.0,-0.9985,-97.03345,0.47247,-0.13173,0.15305,0.997,-0.51393,-18.7323,0.37767,-0.10228,0.10746,0.26412
1761495.0,-0.06889,185.92143,0.43211,-0.1311,0.15156,0.00475,0.26059,154.9037,0.36596,-0.09865,0.10768,0.06791
1761500.0,-0.17613,-21.44812,0.40651,-0.13155,0.15007,0.03102,-0.03682,-59.4809,0.33305,-0.09803,0.10664,0.00136
1761505.0,-0.69747,-104.26741,0.43561,-0.13721,0.15171,0.48646,-0.20803,-34.24233,0.32055,-0.09913,0.10569,0.04328
1761510.0,-0.13922,111.65028,0.40597,-0.13723,0.15019,0.01938,-0.1036,20.88581,0.29885,-0.09917,0.10464,0.01073
1761515.0,-0.57901,-87.95795,0.42327,-0.14165,0.1506,0.33525,-0.17092,-13.46437,0.28606,-0.09989,0.10364,0.02921
1761520.0,0.39408,194.61804,0.42035,-0.13629,0.15191,0.1553,0.62891,159.96678,0.32034,-0.0926,0.10781,0.39553
1761525.0,0.2375,-31.31686,0.40207,-0.13255,0.15176,0.05641,0.25467,-74.84781,0.31378,-0.08913,0.10791,0.06486
1761530.0,-0.24392,-96.28369,0.38625,-0.13366,0.15036,0.0595,0.11153,-28.6287,0.29355,-0.08712,0.10723,0.01244
1761535.0,0.18121,85.02588,0.36575,-0.13052,0.14983,0.03284,0.15629,8.95121,0.27983,-0.08469,0.10674,0.02443
1761540.0,-0.37996,-112.23412,0.36717,-0.13301,0.14894,0.14437,-0.00104,-31.46618,0.25195,-0.08385,0.10574,0.0
1761545.0,0.57361,190.71446,0.38781,-0.12594,0.15234,0.32903,0.74501,149.20979,0.30125,-0.07556,0.11141,0.55503
1761550.0,0.22578,-69.56709,0.37161,-0.12243,0.15203,0.05098,0.23479,-102.04368,0.29461,-0.07246,0.11124,0.05513
1761555.0,-0.51266,-147.68759,0.38572,-0.12633,0.15201,0.26282,-0.05367,-57.6921,0.27051,-0.07227,0.11013,0.00288
1761560.0,-0.14309,73.91474,0.36145,-0.1265,0.15049,0.02047,-0.05265,0.2038,0.24873,-0.07208,0.10904,0.00277
1761565.0,-0.67017,-105.41669,0.39232,-0.13193,0.15188,0.44913,-0.18853,-27.17552,0.24271,-0.07324,0.10808,0.03554
1761570.0,0.31772,197.57767,0.38486,-0.12744,0.15234,0.10094,0.2167,81.04602,0.24011,-0.07034,0.10782,0.04696
1761575.0,0.16927,-29.68933,0.3633,-0.12447,0.15168,0.02865,-0.04324,-51.98861,0.22042,-0.07007,0.10675,0.00187
1761580.0,-0.22072,-77.99907,0.34905,-0.12543,0.15026,0.04872,-0.05862,-3.07522,0.20424,-0.06996,0.10569,0.00344
1761585.0,0.1185,67.84389,0.32599,-0.12299,0.14934,0.01404,-0.09324,-6.92461,0.19314,-0.07019,0.10463,0.00869
1761590.0,-0.52395,-128.48956,0.34579,-0.127,0.14942,0.27453,-0.28581,-38.51391,0.20241,-0.07235,0.10404,0.08169
1761595.0,0.36456,177.70168,0.34766,-0.12209,0.15029,0.1329,0.07025,71.21329,0.18919,-0.07092,0.1032,0.00494
1761600.0,0.12485,-47.9412,0.32538,-0.11962,0.14939,0.01559,-0.19861,-53.77221,0.19013,-0.0722,0.10233,0.03945
1761605.0,-0.17509,-59.98771,0.31035,-0.12017,0.14792,0.03066,-0.17195,5.33149,0.18832,-0.07319,0.1014,0.02957
1761610.0,0.07399,49.81541,0.28672,-0.11823,0.14682,0.00547,-0.21836,-9.28108,0.19132,-0.07465,0.1006,0.04768
1761615.0,-0.56507,-127.81123,0.31455,-0.1227,0.1473,0.3193,-0.36064,-28.45686,0.20825,-0.07751,0.10039,0.13006
1761620.0,0.58863,230.73975,0.34196,-0.11559,0.15079,0.34649,0.22496,117.11961,0.20992,-0.07448,0.10029,0.05061
1761625.0,0.23785,-70.15594,0.33155,-0.11205,0.15051,0.05657,-0.1582,-76.63123,0.20475,-0.07532,0.09935,0.02503
1761630.0,-0.07523,-62.61654,0.30592,-0.11168,0.14901,0.00566,-0.09877,11.88596,0.19415,-0.07555,0.09836,0.00976
1761635.0,0.16332,47.71006,0.29166,-0.10893,0.14827,0.02667,-0.1162,-3.48657,0.18636,-0.07596,0.0974,0.0135
1761640.0,-0.66003,-164.6693,0.32849,-0.11444,0.14976,0.43564,-0.39192,-55.14451,0.20691,-0.07912,0.0974,0.1536
1761645.0,-0.01178,129.65004,0.29682,-0.11342,0.14837,0.00014,-0.20506,37.37223,0.20673,-0.08038,0.09658,0.04205
1761650.0,-0.47059,-91.76164,0.3142,-0.11699,0.14813,0.22145,-0.66404,-91.79492,0.25246,-0.08621,0.09895,0.44095
1761655.0,-0.79289,-64.46088,0.36207,-0.12375,0.15113,0.62867,-0.60943,10.9216,0.28816,-0.09145,0.10065,0.3714
1761660.0,-0.56059,46.46029,0.38192,-0.12812,0.15149,0.31426,-0.63086,-4.28605,0.32243,-0.09684,0.10249,0.39798
1761665.0,-1.0,-87.88235,0.44373,-0.13684,0.15742,1.0,-0.70138,-14.10477,0.36032,-0.10289,0.10505,0.49194
1761670.0,-0.25282,149.43694,0.42464,-0.13799,0.15598,0.06392,-0.41635,57.00731,0.36593,-0.10602,0.10496,0.17335
1761675.0,-0.66365,-82.16663,0.44854,-0.14325,0.15713,0.44043,-0.81395,-79.51957,0.41073,-0.1131,0.10882,0.66251
1761680.0,-0.61482,9.76615,0.46517,-0.14797,0.15774,0.378,-0.49406,63.9778,0.41906,-0.11691,0.10916,0.24409
1761685.0,-0.40475,42.01276,0.45912,-0.15054,0.15681,0.16383,-0.52517,-6.22248,0.42967,-0.12099,0.1097,0.2758
1761690.0,-0.96408,-111.86578,0.50962,-0.15867,0.16172,0.92946,-0.66609,-28.18457,0.45331,-0.12644,0.11152,0.44368
1761695.0,-0.3824,116.33733,0.4969,-0.16091,0.1606,0.14623,-0.46787,39.64372,0.45477,-0.12986,0.11154,0.2189
1761700.0,-0.61105,-45.73001,0.50831,-0.16541,0.16098,0.37338,-0.33099,27.37557,0.44239,-0.13187,0.11082,0.10956
1761705.0,-0.31561,59.0877,0.48904,-0.16691,0.15959,0.09961,0.05094,76.38696,0.40325,-0.13004,0.11004,0.00259
1761710.0,-0.21816,19.48998,0.46195,-0.16742,0.15802,0.04759,-0.13601,-37.38899,0.37652,-0.1301,0.10894,0.0185
1761715.0,-0.79676,-115.72028,0.49543,-0.17372,0.16032,0.63483,-0.31812,-36.42305,0.37068,-0.13198,0.1082,0.1012
1761720.0,-0.0632,146.71178,0.45221,-0.17261,0.15884,0.00399,-0.03272,57.07939,0.33689,-0.13099,0.10722,0.00107
1761725.0,-0.24187,-35.73404,0.43118,-0.1733,0.1573,0.0585,0.08284,23.11279,0.31148,-0.12885,0.10659,0.00686
1761730.0,0.18239,84.85142,0.4063,-0.16975,0.15696,0.03326,0.5078,84.99248,0.33111,-0.12248,0.1095,0.25786
1761735.0,0.06031,-24.4147,0.3717,-0.16745,0.15591,0.00364,0.18393,-64.77388,0.3164,-0.11942,0.10932,0.03383
1761740.0,-0.38232,-88.52576,0.37276,-0.1696,0.15481,0.14617,0.08985,-18.81723,0.29374,-0.11733,0.10866,0.00807
1761745.0,0.14139,104.74109,0.34962,-0.16649,0.15421,0.01999,0.17014,16.0589,0.28138,-0.11445,0.10838,0.02895
1761750.0,-0.39374,-107.02644,0.35404,-0.16876,0.15317,0.15503,0.01532,-30.96422,0.25477,-0.11315,0.10746,0.00023
1761755.0,0.29903,138.55534,0.34854,-0.16408,0.15378,0.08942,0.67044,131.02335,0.29634,-0.10532,0.11241,0.44949
1761760.0,0.24791,-10.22544,0.33847,-0.15996,0.15391,0.06146,0.38908,-56.2725,0.30561,-0.10037,0.11368,0.15138
1761765.0,-0.38335,-126.2522,0.34296,-0.16219,0.15286,0.14696,0.11026,-55.76345,0.28608,-0.09827,0.11298,0.01216
1761770.0,0.14176,105.02245,0.32284,-0.15915,0.15224,0.0201,0.18721,15.38978,0.27619,-0.09541,0.11265,0.03505
1761775.0,-0.47834,-124.02022,0.33839,-0.16235,0.15171,0.22881,-0.03324,-44.08948,0.2519,-0.09479,0.11156,0.0011
1761780.0,0.56045,207.75887,0.3606,-0.15512,0.15531,0.31411,0.8388,174.40909,0.31059,-0.08546,0.11898,0.70359
1761785.0,0.48081,-15.92767,0.37262,-0.14876,0.15773,0.23118,0.50013,-67.73529,0.32954,-0.0796,0.12116,0.25013
1761790.0,-0.00988,-98.13881,0.33634,-0.14737,0.15634,0.0001,0.33135,-33.75487,0.32972,-0.07549,0.1216,0.1098
1761795.0,0.64297,130.57065,0.36701,-0.13947,0.1609,0.41341,0.54412,42.55397,0.35116,-0.06929,0.12415,0.29607
1761800.0,0.30146,-68.30348,0.36045,-0.13506,0.16119,0.09088,0.53109,-2.60705,0.36916,-0.06329,0.12644,0.28206
1761805.0,1.0,139.709,0.42441,-0.12371,0.17221,1.0,1.0,93.78229,0.43224,-0.05266,0.13625,1.0
1761810.0,0.81263,-37.47372,0.46323,-0.11434,0.17908,0.66037,0.66181,-67.63863,0.4552,-0.04551,0.13989,0.43799
1761815.0,0.45658,-71.20985,0.46256,-0.10863,0.18048,0.20847,0.57605,-17.15203,0.46728,-0.0393,0.14228,0.33183
1761820.0,0.82889,74.46098,0.4992,-0.09926,0.18729,0.68705,0.64736,14.26299,0.48529,-0.03243,0.14548,0.41908
1761825.0,0.21838,-122.10154,0.47112,-0.09608,0.18641,0.04769,0.37937,-53.59888,0.4747,-0.02831,0.14569,0.14392
1761830.0,0.86718,129.76074,0.51072,-0.08645,0.19364,0.75201,0.62658,49.44167,0.48989,-0.02176,0.14843,0.3926
1761835.0,0.7537,-22.69752,0.53502,-0.07805,0.19862,0.56806,0.42559,-40.19648,0.48346,-0.01729,0.14891,0.18113
1761840.0,0.40024,-70.69015,0.52154,-0.07327,0.19888,0.1602,0.36279,-12.56095,0.47139,-0.01349,0.14884,0.13162
1761845.0,0.58791,37.53386,0.52818,-0.06665,0.20117,0.34564,0.31793,-8.97085,0.45604,-0.01018,0.14843,0.10108
1761850.0,0.12531,-92.52031,0.48789,-0.06473,0.19952,0.0157,0.17461,-28.66576,0.4279,-0.00833,0.14728,0.03049
1761855.0,0.72019,118.975,0.51112,-0.05689,0.20356,0.51867,0.39707,44.49222,0.42482,-0.00427,0.14741,0.15766
1761860.0,0.431,-57.83792,0.50311,-0.05201,0.20386,0.18576,0.08157,-63.09847,0.39049,-0.00341,0.14601,0.00665
1761865.0,0.10963,-64.27431,0.46376,-0.05039,0.20208,0.01202,0.02742,-10.83018,0.35419,-0.00311,0.14456,0.00075
1761870.0,0.32744,43.56346,0.45013,-0.04661,0.20146,0.10722,0.01796,-1.89347,0.32056,-0.0029,0.14312,0.00032
1761875.0,-0.1727,-100.02841,0.42239,-0.04787,0.1996,0.02982,-0.11231,-26.05304,0.29974,-0.00399,0.14181,0.01261
1761880.0,0.45463,125.46611,0.42561,-0.04285,0.20008,0.20669,0.16884,56.22977,0.28665,-0.00226,0.14068,0.02851
1761885.0,0.06626,-77.67371,0.38968,-0.04176,0.19819,0.00439,-0.21458,-76.68372,0.27944,-0.00438,0.13972,0.04604
1761890.0,-0.0906,-31.37235,0.35977,-0.04225,0.19623,0.00821,-0.11732,19.45211,0.26323,-0.00551,0.13844,0.01376
1761895.0,0.02249,22.61781,0.32604,-0.0416,0.19431,0.00051,-0.17536,-11.60876,0.25444,-0.00721,0.13734,0.03075
1761900.0,-0.44599,-93.6965,0.33804,-0.04564,0.19397,0.19891,-0.28451,-21.82986,0.25745,-0.00999,0.13672,0.08095
1761905.0,0.08594,106.38686,0.31283,-0.04433,0.1922,0.00739,-0.10281,36.33963,0.24199,-0.01091,0.13544,0.01057
1761910.0,-0.45285,-107.75931,0.32683,-0.04841,0.19192,0.20508,-0.56742,-92.92081,0.27453,-0.01648,0.13712,0.32196
1761915.0,-0.3628,18.01174,0.33043,-0.05155,0.19097,0.13162,-0.29226,55.03209,0.2763,-0.01924,0.13649,0.08541
1761920.0,-0.21874,28.81004,0.31926,-0.05323,0.18933,0.04785,-0.33006,-7.56097,0.28168,-0.02234,0.13608,0.10894
1761925.0,-0.59739,-75.72944,0.34707,-0.05867,0.19034,0.35688,-0.40254,-14.49544,0.29376,-0.02615,0.13613,0.16204
1761930.0,-0.10971,97.53619,0.32334,-0.05918,0.18846,0.01204,-0.25207,30.09316,0.28959,-0.02841,0.13527,0.06354
1761935.0,-0.43641,-65.33961,0.33464,-0.06295,0.18797,0.19045,-0.25881,-1.34817,0.28652,-0.03071,0.13444,0.06698
1761940.0,-0.21928,43.42554,0.32311,-0.06451,0.18633,0.04808,0.04974,61.71067,0.26284,-0.02991,0.13316,0.00247
1761945.0,-0.08896,26.06367,0.29969,-0.06476,0.18447,0.00791,-0.0517,-20.28794,0.24172,-0.03012,0.13183,0.00267
1761950.0,-0.48125,-78.45791,0.31785,-0.06892,0.18433,0.2316,-0.1813,-25.91921,0.23568,-0.03164,0.13074,0.03287
1761955.0,0.05982,108.2151,0.29205,-0.06764,0.18265,0.00358,0.01991,40.24224,0.21411,-0.03112,0.12946,0.0004
1761960.0,-0.28496,-68.95631,0.29134,-0.06981,0.18129,0.0812,-0.04359,-12.7007,0.19705,-0.03124,0.12816,0.0019
1761965.0,-0.01916,53.15981,0.26412,-0.0693,0.1795,0.00037,0.26121,60.95927,0.20347,-0.02832,0.12772,0.06823
1761970.0,0.09052,21.93527,0.24676,-0.0677,0.17795,0.00819,0.10896,-30.44865,0.19402,-0.02695,0.12663,0.01187
1761975.0,-0.32162,-82.42826,0.25425,-0.07024,0.17681,0.10344,-0.01096,-23.98492,0.17571,-0.02679,0.12536,0.00012
1761980.0,0.14006,92.33656,0.24283,-0.06814,0.17547,0.01962,0.12552,27.29704,0.17069,-0.02526,0.12434,0.01576
1761985.0,-0.27768,-83.54771,0.24631,-0.07024,0.17415,0.07711,0.00358,-24.38815,0.15398,-0.02498,0.1231,1e-05
1761990.0,0.05214,65.96351,0.22689,-0.06901,0.17255,0.00272,0.32227,63.73636,0.17081,-0.0215,0.12305,0.10386
1761995.0,0.02694,-5.0396,0.2069,-0.06805,0.17092,0.00073,0.09736,-44.98168,0.16347,-0.02031,0.12196,0.00948
1762000.0,-0.18724,-42.8362,0.20493,-0.06925,0.16935,0.03506,0.11723,3.97424,0.15884,-0.01894,0.12093,0.01374
1762005.0,0.26117,89.6824,0.21056,-0.06594,0.16872,0.06821,0.21178,18.90935,0.16414,-0.01663,0.12024,0.04485
1762010.0,-0.10664,-73.56179,0.20017,-0.06635,0.16705,0.01137,0.09823,-22.70956,0.15754,-0.01548,0.11917,0.00965
1762015.0,0.39729,100.78516,0.21988,-0.06171,0.16749,0.15784,0.57387,95.12747,0.19918,-0.00959,0.12138,0.32932
1762020.0,0.33418,-12.6208,0.23131,-0.05775,0.16735,0.11168,0.32008,-50.75795,0.21127,-0.00629,0.12123,0.10245
1762025.0,-0.04268,-75.37349,0.21245,-0.0576,0.16568,0.00182,0.19364,-25.28732,0.2095,-0.00429,0.12041,0.0375
1762030.0,0.39027,86.58985,0.23023,-0.05312,0.16599,0.15231,0.27877,17.02527,0.21643,-0.00146,0.11999,0.07771
1762035.0,0.00662,-76.72878,0.20787,-0.05253,0.16436,4e-05,0.18403,-18.94668,0.21319,0.00039,0.11913,0.03387
1762040.0,0.6267,124.01595,0.24975,-0.04573,0.16724,0.39275,0.71549,106.29181,0.26342,0.00754,0.12295,0.51193
1762045.0,0.40896,-43.54742,0.26567,-0.04119,0.16759,0.16725,0.35084,-72.9296,0.27216,0.01098,0.12287,0.12309
1762050.0,0.02173,-77.44576,0.24128,-0.04056,0.16596,0.00047,0.21911,-26.3469,0.26686,0.01306,0.12207,0.04801
1762055.0,0.44731,85.11426,0.26188,-0.03568,0.16663,0.20008,0.29999,16.17613,0.27017,0.01593,0.12166,0.08999
1762060.0,-0.00918,-91.29674,0.23661,-0.03541,0.16497,8e-05,0.15429,-29.14065,0.25858,0.01731,0.12063,0.0238
1762065.0,0.74129,150.09406,0.28708,-0.02765,0.16923,0.54951,0.75425,119.992,0.30815,0.02468,0.12474,0.56889
1762070.0,0.50913,-46.43322,0.30928,-0.02228,0.17037,0.25921,0.38289,-74.27058,0.31562,0.02826,0.12475,0.14661
1762075.0,0.10845,-80.13496,0.2892,-0.02097,0.16883,0.01176,0.27352,-21.87469,0.31141,0.03071,0.1241,0.07481
1762080.0,0.45947,70.2042,0.30623,-0.01617,0.1694,0.21112,0.32798,10.89119,0.31307,0.03369,0.12372,0.10757
1762085.0,-0.00117,-92.12774,0.27572,-0.01602,0.16771,0.0,0.17705,-30.18487,0.29947,0.03512,0.12268,0.03135
1762090.0,0.68402,137.03691,0.31655,-0.00902,0.17084,0.46788,0.42003,48.59529,0.31152,0.03897,0.12291,0.17642
1762095.0,0.52043,-32.71714,0.33694,-0.00372,0.17188,0.27085,0.18543,-46.91924,0.29891,0.04043,0.12189,0.03438
1762100.0,0.11589,-80.9078,0.31483,-0.00253,0.1703,0.01343,0.12391,-12.30488,0.28141,0.04127,0.12074,0.01535
1762105.0,0.3361,44.04088,0.31696,0.00086,0.16972,0.11296,0.0997,-4.84187,0.26324,0.04185,0.11957,0.00994
1762110.0,-0.17843,-102.90622,0.30311,-0.00093,0.16834,0.03184,-0.0747,-34.87906,0.24439,0.04069,0.1185,0.00558
1762115.0,0.52623,140.93253,0.32542,0.00434,0.16938,0.27692,0.25151,65.2416,0.2451,0.0428,0.11775,0.06326
1762120.0,0.50756,-3.73435,0.34363,0.00937,0.17017,0.25762,0.12816,-24.66974,0.23341,0.04365,0.11665,0.01643
1762125.0,0.29633,-42.24557,0.3389,0.01224,0.16927,0.08781,0.18529,11.42598,0.22859,0.04507,0.11568,0.03433
1762130.0,0.56077,52.88791,0.36109,0.01773,0.17053,0.31446,0.20085,3.11194,0.22582,0.04662,0.11476,0.04034
1762135.0,0.01894,-108.36636,0.32688,0.01774,0.16882,0.00036,0.04244,-31.68237,0.20748,0.04658,0.11361,0.0018
1762140.0,0.70198,136.60818,0.36439,0.02458,0.17172,0.49277,0.35591,62.69501,0.22233,0.04967,0.11341,0.12667
1762145.0,0.53258,-33.87954,0.38121,0.02966,0.17253,0.28364,0.12582,-46.01847,0.21267,0.05044,0.11234,0.01583
1762150.0,0.25127,-56.26188,0.36821,0.03188,0.17129,0.06314,0.13533,1.90083,0.20494,0.05129,0.11128,0.01831
1762155.0,0.25971,1.68715,0.35736,0.03415,0.17009,0.06745,-0.00504,-28.07367,0.18495,0.05072,0.1102,3e-05
1762160.0,-0.18749,-89.43934,0.34037,0.03194,0.16887,0.03515,-0.0949,-17.97157,0.17595,0.04927,0.10931,0.00901
1762165.0,0.45316,128.129,0.35165,0.03615,0.16892,0.20535,0.15839,50.65859,0.17419,0.05036,0.10833,0.02509
1762170.0,0.17925,-54.78215,0.33441,0.03758,0.16743,0.03213,-0.14555,-60.7878,0.17133,0.0484,0.10762,0.02118
1762175.0,-0.19527,-74.9028,0.3205,0.03525,0.16629,0.03813,-0.20111,-11.11246,0.1743,0.0459,0.10716,0.04044
1762180.0,0.05638,50.33064,0.29409,0.03546,0.16463,0.00318,-0.16311,7.59999,0.17318,0.04381,0.10651,0.0266
1762185.0,-0.43518,-98.31386,0.3082,0.03076,0.16515,0.18939,-0.3111,-29.59863,0.18698,0.04026,0.10668,0.09678
1762190.0,0.23384,133.80528,0.30076,0.03279,0.1639,0.05468,-0.03307,55.6057,0.17159,0.03953,0.10567,0.00109
1762195.0,-0.01666,-50.10118,0.27235,0.03229,0.16229,0.00028,-0.28786,-50.95786,0.18321,0.03626,0.10566,0.08286
1762200.0,-0.17489,-31.64448,0.2626,0.03022,0.16109,0.03059,-0.18499,20.57413,0.18339,0.03404,0.10509,0.03422
1762205.0,0.01025,37.02745,0.23737,0.03002,0.15948,0.00011,-0.22339,-7.6799,0.18739,0.03147,0.10469,0.0499
1762210.0,-0.41189,-84.42852,0.25482,0.0256,0.1598,0.16966,-0.31678,-18.67713,0.20033,0.02799,0.10483,0.10035
1762215.0,0.19124,120.62619,0.24846,0.02726,0.15847,0.03657,-0.05565,52.22631,0.18586,0.02715,0.10385,0.0031
1762220.0,-0.05481,-49.20876,0.2291,0.02644,0.15695,0.003,-0.30756,-50.38348,0.19803,0.0238,0.10391,0.09459
1762225.0,-0.1435,-17.73907,0.22054,0.02474,0.15567,0.02059,-0.1821,25.09331,0.19644,0.02174,0.10328,0.03316
1762230.0,-0.02633,23.43443,0.20112,0.02423,0.15413,0.00069,-0.2674,-17.06088,0.20353,0.01885,0.10307,0.0715
1762235.0,-0.57594,-109.92194,0.2386,0.01823,0.15612,0.3317,-0.45028,-36.57557,0.22821,0.01416,0.1042,0.20275
1762240.0,0.04701,124.58866,0.21944,0.01852,0.15457,0.00221,-0.17283,55.49045,0.22267,0.01229,0.1035,0.02987
1762245.0,-0.31415,-72.23146,0.22891,0.01519,0.15411,0.09869,-0.22275,-9.98546,0.22268,0.00994,0.103,0.04962
1762250.0,-0.2429,14.25137,0.23031,0.01261,0.15322,0.059,-0.0381,36.93008,0.20422,0.00946,0.102,0.00145
1762255.0,-0.11357,25.86566,0.21863,0.01135,0.15184,0.0129,-0.13815,-20.01001,0.19761,0.00798,0.10119,0.01909
1762260.0,-0.52273,-81.83337,0.24904,0.00601,0.15312,0.27325,-0.23922,-20.21364,0.20178,0.00551,0.10078,0.05723
1762265.0,0.03137,110.8215,0.22728,0.00626,0.1516,0.00098,-0.05942,35.95937,0.18754,0.00486,0.09981,0.00353
1762270.0,-0.32781,-71.83755,0.23733,0.00292,0.15117,0.10746,-0.12113,-12.34177,0.1809,0.0036,0.09897,0.01467
1762275.0,-0.12245,41.07233,0.22584,0.00166,0.14982,0.01499,0.14897,54.02093,0.17771,0.00506,0.09819,0.02219
1762280.0,-0.07059,10.37184,0.21032,0.00094,0.14837,0.00498,-0.01901,-33.59542,0.16184,0.00482,0.09721,0.00036
1762285.0,-0.35298,-56.47805,0.22458,-0.0026,0.14811,0.1246,-0.06591,-9.3815,0.15224,0.00411,0.09629,0.00434
1762290.0,0.18479,107.55373,0.2206,-0.00072,0.14698,0.03415,0.09557,32.29716,0.14658,0.00502,0.09541,0.00913
1762295.0,-0.25707,-88.37015,0.22425,-0.00329,0.14615,0.06608,-0.03101,-25.31678,0.13502,0.00466,0.09446,0.00096
1762300.0,0.13918,79.24954,0.21574,-0.00186,0.14489,0.01937,0.40194,86.59097,0.16171,0.00864,0.09507,0.16156
1762305.0,0.16309,4.78226,0.21048,-0.00021,0.14371,0.0266,0.20575,-39.23959,0.16612,0.01061,0.0945,0.04233
1762310.0,-0.27708,-88.03444,0.21714,-0.00298,0.14302,0.07677,0.06645,-27.85983,0.15615,0.01117,0.09358,0.00442
1762315.0,0.18781,92.97752,0.21421,-0.00107,0.14195,0.03527,0.19385,25.4809,0.15992,0.01299,0.09297,0.03758
1762320.0,-0.18941,-75.4432,0.21173,-0.00296,0.14088,0.03588,0.10343,-18.08472,0.15427,0.0139,0.09212,0.0107
1762325.0,0.33241,104.36272,0.22379,0.0004,0.14057,0.11049,0.56065,91.44467,0.19491,0.01936,0.09413,0.31433
1762330.0,0.20315,-25.85186,0.22173,0.00242,0.13957,0.04127,0.2497,-62.19033,0.20039,0.02167,0.09371,0.06235
1762335.0,-0.17661,-75.95244,0.21722,0.00063,0.13848,0.03119,0.15219,-19.50198,0.19557,0.02297,0.09294,0.02316
1762340.0,0.21199,77.72192,0.2167,0.00275,0.13754,0.04494,0.22131,13.82432,0.19814,0.02496,0.0924,0.04898
1762345.0,-0.23526,-89.45058,0.21855,0.00037,0.13672,0.05535,0.07836,-28.58974,0.18616,0.02549,0.0915,0.00614
1762350.0,0.62331,171.713,0.25903,0.0066,0.13915,0.38851,0.75006,134.33875,0.24255,0.03274,0.09573,0.56258
1762355.0,0.39541,-45.57986,0.27267,0.01048,0.13924,0.15635,0.36834,-76.3427,0.25513,0.03609,0.09588,0.13568
1762360.0,-0.00694,-80.46922,0.24609,0.01031,0.13785,5e-05,0.2562,-22.42805,0.25524,0.03829,0.09539,0.06564
1762365.0,0.29692,60.77152,0.25118,0.01318,0.13728,0.08816,0.23569,-4.10325,0.25328,0.04027,0.09482,0.05555
1762370.0,-0.16169,-91.72162,0.24223,0.01143,0.13621,0.02614,0.06045,-35.04636,0.234,0.04047,0.09388,0.00365
1762375.0,0.62349,157.03586,0.28035,0.01755,0.13852,0.38874,0.6859,125.08839,0.27919,0.04692,0.09702,0.47045
1762380.0,0.46039,-32.61979,0.29836,0.02198,0.13905,0.21196,0.3858,-60.01994,0.28985,0.05031,0.09718,0.14884
1762385.0,0.18168,-55.74154,0.28669,0.02357,0.13791,0.03301,0.33772,-9.61468,0.29464,0.05319,0.09702,0.11406
1762390.0,0.46442,56.54789,0.30446,0.02798,0.13844,0.21569,0.30667,-6.21006,0.29584,0.05572,0.09667,0.09405
1762395.0,0.05146,-82.59167,0.27916,0.02822,0.13706,0.00265,0.1987,-21.5947,0.28613,0.05715,0.09591,0.03948
1762400.0,0.81364,152.22276,0.33261,0.03607,0.14174,0.66202,0.83761,127.60407,0.34128,0.06496,0.10092,0.70159
1762405.0,0.62769,-37.1905,0.36212,0.04199,0.14375,0.394,0.48959,-69.60517,0.35611,0.0692,0.10168,0.23969
1762410.0,0.26154,-73.23029,0.35206,0.04418,0.14278,0.0684,0.37966,-21.98526,0.35846,0.07231,0.10161,0.14414
1762415.0,0.53415,54.52138,0.37027,0.04908,0.14371,0.28531,0.37072,-1.78778,0.35969,0.07529,0.10146,0.13743
1762420.0,0.04378,-98.07251,0.33762,0.04903,0.14227,0.00192,0.20488,-33.16801,0.34421,0.07659,0.10061,0.04198
1762425.0,0.73976,139.19597,0.37784,0.05594,0.14553,0.54725,0.47627,54.27803,0.35741,0.08058,0.10117,0.22683
1762430.0,0.35927,-76.09917,0.37598,0.05897,0.14497,0.12907,0.04833,-85.58792,0.32651,0.08026,0.10017,0.00234
1762435.0,0.01957,-67.94041,0.34034,0.05858,0.14354,0.00038,0.0136,-6.9468,0.29521,0.07959,0.09921,0.00018
1762440.0,0.25072,46.2312,0.33138,0.0605,0.14246,0.06286,0.02375,2.03022,0.26807,0.07904,0.09825,0.00056
1762445.0,-0.21137,-92.41904,0.31938,0.05778,0.14176,0.04468,-0.10551,-25.85113,0.25181,0.07719,0.0976,0.01113
1762450.0,0.37923,118.11991,0.32536,0.06099,0.14136,0.14381,0.10268,41.6372,0.2369,0.07745,0.09663,0.01054
1762455.0,0.10319,-55.20815,0.30314,0.06142,0.13996,0.01065,-0.17917,-56.37059,0.23113,0.07488,0.09631,0.0321
1762460.0,-0.07621,-35.87868,0.28045,0.06004,0.13875,0.00581,-0.09187,17.46124,0.2172,0.07321,0.09562,0.00844
1762465.0,0.09855,34.95069,0.26226,0.06042,0.13738,0.00971,-0.14765,-11.15699,0.21025,0.071,0.09514,0.0218
1762470.0,-0.34841,-89.39214,0.27087,0.05634,0.13764,0.12139,-0.2582,-22.10906,0.21504,0.06771,0.09525,0.06667
1762475.0,0.25832,121.34772,0.26962,0.05836,0.13666,0.06673,-0.03237,45.16531,0.19677,0.06671,0.0944,0.00105
1762480.0,-0.07225,-66.11526,0.24988,0.05705,0.13546,0.00522,-0.34826,-63.17844,0.21192,0.06256,0.09514,0.12129
1762485.0,-0.16581,-18.71204,0.24148,0.05482,0.1346,0.02749,-0.1928,31.09359,0.21001,0.06001,0.09483,0.03717
1762490.0,0.01931,37.02534,0.21926,0.05447,0.13326,0.00037,-0.23681,-8.80259,0.21269,0.05704,0.09475,0.05608
1762495.0,-0.48697,-101.25585,0.24603,0.04905,0.1348,0.23714,-0.35664,-23.96576,0.22708,0.0529,0.09548,0.12719
1762500.0,0.13669,124.73022,0.2351,0.04993,0.13353,0.01868,-0.08936,53.45606,0.21331,0.05148,0.09472,0.00798
1762505.0,-0.18087,-63.51197,0.22967,0.04762,0.13272,0.03272,-0.42776,-67.68008,0.23476,0.04669,0.09602,0.18298
1762510.0,-0.26222,-16.26855,0.23293,0.04452,0.13233,0.06876,-0.29119,27.31288,0.2404,0.04331,0.09618,0.08479
1762515.0,-0.1327,25.90296,0.22291,0.04275,0.13132,0.01761,-0.34304,-10.36887,0.25066,0.03944,0.09668,0.11767
1762520.0,-0.55551,-84.56111,0.25617,0.03677,0.13351,0.30859,-0.40126,-11.64449,0.26572,0.03504,0.09762,0.16101
1762525.0,-0.12401,86.29975,0.24295,0.03516,0.13243,0.01538,-0.30304,19.64368,0.26946,0.03166,0.09776,0.09183
1762530.0,-0.48014,-71.22688,0.26667,0.03001,0.13371,0.23054,-0.34521,-8.43357,0.27703,0.02789,0.09818,0.11917
1762535.0,-0.39288,17.45234,0.27929,0.02578,0.13412,0.15436,-0.11769,45.50383,0.2611,0.02643,0.0974,0.01385
1762540.0,-0.58444,-38.31209,0.30981,0.01968,0.13643,0.34157,-0.43219,-62.90054,0.27821,0.02185,0.09849,0.18679
1762545.0,-1.0,-83.11162,0.37883,0.00948,0.14526,1.0,-0.55766,-25.09368,0.30615,0.01605,0.1008,0.31099
1762550.0,-0.39395,121.21039,0.38034,0.00544,0.1454,0.1552,-0.34242,43.04898,0.30978,0.01247,0.10105,0.11725
1762555.0,-0.77589,-76.38834,0.41989,-0.00237,0.14993,0.602,-0.4278,-17.07621,0.32158,0.00806,0.10194,0.18301
1762560.0,-0.39035,77.10812,0.41694,-0.00625,0.14991,0.15237,-0.02174,81.21159,0.2916,0.00777,0.10093,0.00047
1762565.0,-0.31005,16.05901,0.40625,-0.00929,0.14931,0.09613,-0.17839,-31.33048,0.28028,0.0059,0.10026,0.03182
1762570.0,-0.63425,-64.83858,0.42905,-0.01554,0.15165,0.40227,-0.26127,-16.57647,0.27838,0.00323,0.09995,0.06826
1762575.0,-0.26229,74.39046,0.41237,-0.018,0.15073,0.0688,-0.19485,13.28437,0.27002,0.00125,0.09934,0.03797
1762580.0,-0.65722,-78.98413,0.43686,-0.0244,0.15322,0.43193,-0.26614,-14.25718,0.26963,-0.00142,0.09905,0.07083
1762585.0,0.11515,154.47289,0.40469,-0.023,0.15188,0.01326,0.36097,125.42125,0.27877,0.0022,0.09934,0.1303
1762590.0,0.01012,-21.00582,0.36523,-0.02267,0.15037,0.0001,0.06437,-59.31888,0.25733,0.00282,0.09839,0.00414
1762595.0,-0.34829,-71.68255,0.36354,-0.02593,0.14991,0.12131,-0.01544,-15.96296,0.23314,0.00264,0.09741,0.00024
1762600.0,-0.00548,68.56307,0.32773,-0.02572,0.14841,3e-05,0.02445,7.97739,0.21227,0.00286,0.09644,0.0006
1762605.0,-0.42845,-84.59406,0.3378,-0.02975,0.14852,0.18357,-0.10046,-24.98107,0.20109,0.00183,0.09558,0.01009
1762610.0,0.3215,149.9886,0.33617,-0.02624,0.14824,0.10336,0.21556,63.20456,0.20254,0.00396,0.09507,0.04647
1762615.0,0.12797,-38.70492,0.31535,-0.02469,0.14699,0.01638,-0.02716,-48.54378,0.185,0.00365,0.09413,0.00074
1762620.0,0.02159,-21.27524,0.28598,-0.02423,0.14555,0.00047,0.12983,31.39651,0.17948,0.00491,0.09334,0.01686
1762625.0,0.05946,7.5731,0.26332,-0.02339,0.14416,0.00354,-0.01451,-28.8678,0.16298,0.00472,0.09241,0.00021
1762630.0,-0.23889,-59.67068,0.26088,-0.02555,0.14317,0.05707,-0.03676,-4.44922,0.15036,0.0043,0.09151,0.00135
1762635.0,0.35905,119.58846,0.2707,-0.0217,0.14319,0.12892,0.20336,48.02373,0.15566,0.00629,0.09098,0.04136
1762640.0,0.02776,-66.25733,0.2464,-0.02121,0.14178,0.00077,-0.13787,-68.24648,0.15388,0.00485,0.09027,0.01901
1762645.0,-0.06819,-19.19142,0.22858,-0.02168,0.14039,0.00465,0.00184,27.94239,0.13868,0.00482,0.08937,0.0
1762650.0,0.11247,36.1339,0.21697,-0.02034,0.13916,0.01265,-0.02981,-6.32969,0.12779,0.00448,0.08849,0.00089
1762655.0,-0.12598,-47.68998,0.20787,-0.02139,0.13788,0.01587,0.0287,11.70111,0.11788,0.00472,0.08761,0.00082
1762660.0,0.39422,104.03968,0.22651,-0.01724,0.13819,0.15541,0.21262,36.78469,0.12736,0.0068,0.08716,0.04521
1762665.0,0.12469,-53.90582,0.21633,-0.01582,0.13701,0.01555,0.21504,0.48333,0.13612,0.00888,0.08671,0.04624
1762670.0,0.28427,31.9146,0.22312,-0.01282,0.13652,0.08081,0.45579,48.1499,0.16809,0.01335,0.0878,0.20774
1762675.0,0.29289,1.72499,0.2301,-0.00976,0.13607,0.08579,0.27452,-36.25414,0.17873,0.01596,0.08759,0.07536
1762680.0,-0.16692,-91.96275,0.22378,-0.01133,0.13495,0.02786,0.12015,-30.87319,0.17287,0.017,0.08682,0.01444
1762685.0,0.29128,91.64008,0.23053,-0.00831,0.1345,0.08484,0.21395,18.75911,0.17698,0.01897,0.08633,0.04577
1762690.0,-0.36936,-132.127,0.24441,-0.01192,0.13443,0.13642,-0.0836,-59.5097,0.16764,0.01795,0.08557,0.00699
1762695.0,0.11134,96.13872,0.23111,-0.01068,0.13324,0.0124,0.38841,94.4032,0.18972,0.02165,0.08606,0.15086
1762700.0,0.07179,-7.90882,0.21517,-0.00986,0.13197,0.00515,0.16339,-45.00383,0.18709,0.02307,0.0854,0.0267
1762705.0,-0.29811,-73.98158,0.22347,-0.01274,0.13147,0.08887,0.06982,-18.71523,0.17536,0.02354,0.08457,0.00487
1762710.0,0.10867,81.35782,0.21199,-0.01153,0.13029,0.01181,0.14845,15.72574,0.17267,0.02479,0.08387,0.02204
1762715.0,-0.39937,-101.60904,0.23073,-0.01541,0.13047,0.1595,-0.04358,-38.40552,0.15976,0.0241,0.08308,0.0019
1762720.0,0.42116,164.10684,0.24977,-0.01104,0.13103,0.17738,0.6741,143.53671,0.21119,0.0306,0.08639,0.45441
1762725.0,0.28097,-28.03924,0.25289,-0.00812,0.13055,0.07894,0.36666,-61.48791,0.22674,0.03396,0.08663,0.13444
1762730.0,-0.17975,-92.14267,0.24558,-0.00984,0.12954,0.03231,0.16987,-39.3595,0.22105,0.03532,0.08595,0.02885
1762735.0,0.14779,65.50655,0.2358,-0.00826,0.12849,0.02184,0.18655,3.33621,0.2176,0.03683,0.08531,0.0348
1762740.0,-0.29887,-89.33054,0.2421,-0.01117,0.12803,0.08932,0.06841,-23.62701,0.20268,0.03715,0.08447,0.00468
1762745.0,0.44515,148.8037,0.26241,-0.0066,0.12879,0.19816,0.36631,59.57924,0.21905,0.04044,0.08469,0.13418
1762750.0,0.30172,-28.686,0.26634,-0.00352,0.12843,0.09104,0.09053,-55.15522,0.2062,0.04094,0.08387,0.0082
1762755.0,0.03901,-52.54189,0.24361,-0.00309,0.12717,0.00152,0.10257,2.40747,0.19583,0.04156,0.08306,0.01052
1762760.0,0.27565,47.32776,0.24681,-0.00031,0.12666,0.07598,0.10558,0.60191,0.18681,0.0422,0.08227,0.01115
1762765.0,-0.18672,-92.47507,0.2408,-0.00217,0.12573,0.03487,-0.03463,-28.04153,0.17159,0.04143,0.08151,0.0012
1762770.0,0.47867,133.07957,0.26459,0.00264,0.12674,0.22913,0.22441,51.80849,0.17687,0.04326,0.08102,0.05036
1762775.0,0.1283,-70.07403,0.25096,0.00389,0.12563,0.01646,-0.12779,-70.43979,0.17196,0.04155,0.0805,0.01633
1762780.0,0.01795,-22.07173,0.22766,0.00403,0.12437,0.00032,0.00817,27.19154,0.15558,0.04122,0.0797,7e-05
1762785.0,0.12186,20.7821,0.21708,0.00521,0.12326,0.01485,-0.0792,-17.47396,0.14795,0.04001,0.07905,0.00627
1762790.0,-0.32547,-89.46455,0.22792,0.00191,0.1231,0.10593,-0.19966,-24.09236,0.15312,0.03761,0.07882,0.03986
1762795.0,0.35619,136.33067,0.24075,0.00545,0.1231,0.12687,0.10809,61.54922,0.14861,0.03832,0.07808,0.01168
1762800.0,-0.04949,-81.13441,0.22162,0.0049,0.1219,0.00245,0.04757,-12.10308,0.13851,0.03841,0.0773,0.00226
1762805.0,-0.07332,-4.76695,0.20679,0.00412,0.12074,0.00538,0.15525,21.53535,0.14018,0.03958,0.07666,0.0241
1762810.0,-0.02689,9.2862,0.1888,0.00381,0.11954,0.00072,-0.02873,-36.79544,0.12904,0.0389,0.07594,0.00083
1762815.0,-0.45903,-86.42903,0.21582,-0.00082,0.12045,0.21071,-0.15507,-25.26888,0.13164,0.03696,0.07555,0.02405
1762820.0,0.03592,98.99128,0.19783,-0.00045,0.11926,0.00129,-0.00284,30.44714,0.11876,0.03656,0.07481,1e-05
1762825.0,-0.40305,-87.79495,0.21835,-0.00448,0.11965,0.16245,-0.13196,-25.82447,0.12008,0.03487,0.07434,0.01741
1762830.0,0.28991,138.59235,0.22551,-0.00154,0.11931,0.08405,0.47026,120.44343,0.1551,0.03923,0.07546,0.22114
1762835.0,0.22978,-12.0254,0.22594,0.00078,0.11864,0.0528,0.23112,-47.82764,0.1627,0.04115,0.07506,0.05342
1762840.0,-0.23101,-92.15762,0.22644,-0.00154,0.11798,0.05336,0.07583,-31.05746,0.15401,0.04149,0.07432,0.00575
1762845.0,0.17253,80.70768,0.22105,0.0002,0.1171,0.02977,0.12203,9.23939,0.15082,0.0423,0.07364,0.01489
1762850.0,-0.28242,-90.99038,0.22719,-0.00263,0.11671,0.07976,-0.02174,-28.75431,0.13791,0.04166,0.07295,0.00047
1762855.0,0.53474,163.43282,0.25795,0.00275,0.11837,0.28595,0.67029,138.40695,0.19115,0.04795,0.07609,0.44929
1762860.0,0.37958,-31.03208,0.27011,0.00652,0.11858,0.14408,0.35727,-62.6041,0.20776,0.05104,0.07627,0.12764
1762865.0,-0.23512,-122.94032,0.26661,0.0041,0.11796,0.05528,0.08546,-54.36137,0.19553,0.05138,0.07552,0.0073
1762870.0,0.23727,94.4783,0.26368,0.00643,0.11732,0.0563,0.21041,24.98955,0.19702,0.05297,0.07501,0.04427
1762875.0,-0.29449,-106.35365,0.26676,0.00342,0.11703,0.08673,0.03494,-35.09537,0.18081,0.05279,0.07426,0.00122
1762880.0,0.38913,136.72569,0.279,0.00728,0.11732,0.15143,0.31742,56.49657,0.19447,0.05544,0.07421,0.10075
1762885.0,0.1128,-55.26671,0.26238,0.00833,0.11626,0.01272,-0.03016,-69.51525,0.17804,0.05458,0.07354,0.00091
1762890.0,0.00256,-22.0477,0.23639,0.00828,0.11509,1e-05,0.09431,24.89267,0.16967,0.05498,0.07282,0.00889
1762895.0,0.24523,48.53338,0.23728,0.01065,0.11449,0.06014,0.09588,0.31532,0.16229,0.05539,0.0721,0.00919
1762900.0,-0.28913,-106.87092,0.24246,0.00765,0.11423,0.08359,-0.06806,-32.78756,0.15286,0.05415,0.07153,0.00463
1762905.0,0.32682,123.18994,0.2509,0.01084,0.11409,0.10681,0.14476,42.56224,0.15205,0.05506,0.0709,0.02095
1762910.0,0.05627,-54.11094,0.23144,0.01129,0.11296,0.00317,-0.1851,-65.97096,0.15536,0.05266,0.07075,0.03426
1762915.0,-0.11675,-34.6048,0.21997,0.01001,0.112,0.01363,-0.09449,18.12116,0.14927,0.05119,0.07026,0.00893
1762920.0,0.07088,37.52702,0.20506,0.01062,0.11091,0.00502,-0.12321,-5.74379,0.14667,0.04944,0.06985,0.01518
1762925.0,-0.30906,-75.98832,0.21546,0.00743,0.1108,0.09552,-0.19189,-13.73557,0.15119,0.04703,0.06973,0.03682
1762930.0,0.31049,123.9095,0.22496,0.01046,0.1106,0.0964,0.03533,45.44364,0.1396,0.04691,0.06903,0.00125
1762935.0,-0.16431,-94.95953,0.2189,0.00871,0.10979,0.027,-0.40548,-88.16163,0.16619,0.04239,0.07035,0.16441
1762940.0,-0.10808,11.24578,0.20782,0.00754,0.10883,0.01168,-0.13691,53.71346,0.16326,0.0406,0.06996,0.01875
1762945.0,-0.05783,10.05043,0.19282,0.00689,0.10778,0.00334,-0.2624,-25.09816,0.17318,0.03757,0.07016,0.06886
1762950.0,-0.49298,-87.02912,0.22283,0.00189,0.10915,0.24302,-0.3663,-20.77821,0.19249,0.03353,0.07106,0.13417
1762955.0,0.0113,100.85534,0.20168,0.00198,0.10806,0.00013,-0.19023,35.2123,0.19226,0.03129,0.07084,0.03619
1762960.0,-0.22538,-47.33578,0.20405,-0.00029,0.10749,0.0508,-0.11767,14.51341,0.1848,0.0298,0.07034,0.01385
1762965.0,-0.09287,26.50139,0.19293,-0.00122,0.1065,0.00862,0.14196,51.92511,0.18052,0.03092,0.06976,0.02015
1762970.0,-0.18074,-17.57326,0.19171,-0.00301,0.10575,0.03267,-0.14622,-57.63654,0.17709,0.02915,0.06937,0.02138
1762975.0,-0.60266,-84.38507,0.23281,-0.00901,0.10821,0.3632,-0.26238,-23.23141,0.18562,0.02624,0.06951,0.06884
1762980.0,-0.01548,117.4369,0.21107,-0.00907,0.10713,0.00024,-0.04545,43.38673,0.1716,0.02552,0.06887,0.00207
1762985.0,-0.38635,-74.17483,0.2286,-0.01285,0.10745,0.14927,-0.15166,-21.24215,0.16961,0.02375,0.06849,0.023
1762990.0,-0.09712,57.84564,0.21545,-0.01369,0.10645,0.00943,0.15417,61.16565,0.16806,0.02505,0.06797,0.02377
1762995.0,-0.11461,-3.49635,0.20537,-0.0147,0.10549,0.01313,-0.05368,-41.5696,0.15662,0.02426,0.06735,0.00288
1763000.0,-0.5436,-85.79856,0.23919,-0.01999,0.10717,0.2955,-0.17985,-25.23464,0.15895,0.02222,0.06709,0.03235
1763005.0,-0.09827,89.06631,0.2251,-0.02077,0.10616,0.00966,-0.10446,15.07796,0.1535,0.02096,0.06657,0.01091
1763010.0,-0.52883,-86.11314,0.25547,-0.02585,0.10763,0.27966,-0.22497,-24.10118,0.16065,0.0185,0.0665,0.05061
1763015.0,0.39906,185.57895,0.26983,-0.0216,0.10832,0.15925,0.55266,155.52457,0.19985,0.02384,0.06863,0.30543
1763020.0,0.25948,-27.91663,0.2688,-0.01879,0.10801,0.06733,0.24965,-60.60149,0.20483,0.0261,0.06844,0.06232
1763025.0,-0.2798,-107.85656,0.2699,-0.0214,0.1076,0.07829,0.03846,-42.23795,0.18819,0.02622,0.06776,0.00148
1763030.0,0.13811,83.58226,0.25672,-0.01981,0.10677,0.01907,0.12047,16.40223,0.18142,0.02716,0.06717,0.01451
1763035.0,-0.31921,-91.46323,0.26297,-0.0228,0.10658,0.10189,0.00518,-23.05757,0.16379,0.02694,0.0665,3e-05
1763040.0,0.44952,153.74628,0.28162,-0.01808,0.10771,0.20207,0.34846,68.6565,0.18226,0.03016,0.06685,0.12143
1763045.0,0.30397,-29.10982,0.28386,-0.01486,0.10765,0.0924,0.09698,-50.2966,0.17373,0.03083,0.06623,0.00941
1763050.0,0.03534,-53.72594,0.25901,-0.01435,0.10659,0.00125,0.10767,2.13716,0.16713,0.03159,0.06562,0.01159
1763055.0,0.28081,49.09341,0.26119,-0.0114,0.10638,0.07885,0.10923,0.31212,0.16134,0.03237,0.06503,0.01193
1763060.0,-0.40186,-136.53365,0.27525,-0.01531,0.10681,0.16149,-0.16069,-53.98407,0.16127,0.03044,0.06474,0.02582
1763065.0,0.30765,141.90045,0.27849,-0.01208,0.10677,0.09465,0.11848,55.83451,0.15699,0.03132,0.06417,0.01404
1763070.0,0.03792,-53.94477,0.25444,-0.01158,0.10572,0.00144,-0.21224,-66.14398,0.16252,0.02888,0.06411,0.04505
1763075.0,-0.20268,-48.12003,0.24926,-0.01349,0.10502,0.04108,-0.16789,8.86951,0.16306,0.02692,0.06385,0.02819
1763080.0,-0.00025,40.48669,0.22436,-0.01336,0.10397,0.0,-0.18782,-3.98634,0.16553,0.02477,0.06366,0.03528
1763085.0,-0.44525,-89.00191,0.24645,-0.01767,0.10476,0.19825,-0.30107,-22.64873,0.17909,0.02151,0.06406,0.09064
1763090.0,0.20139,129.32825,0.24194,-0.01548,0.10419,0.04056,-0.05705,48.80329,0.16688,0.02073,0.06348,0.00325
1763095.0,-0.05698,-51.67412,0.22345,-0.0159,0.10316,0.00325,-0.33769,-56.12875,0.18396,0.01714,0.06411,0.11404
1763100.0,-0.00893,9.61174,0.20199,-0.01583,0.10213,8e-05,-0.07122,53.29505,0.17269,0.01626,0.06354,0.00507
1763105.0,0.03395,8.57438,0.18519,-0.01533,0.10113,0.00115,-0.20454,-26.6635,0.17587,0.01405,0.06339,0.04184
1763110.0,-0.62466,-131.7206,0.22914,-0.02142,0.10376,0.3902,-0.47104,-53.30024,0.20539,0.0092,0.06506,0.22188
1763115.0,-0.16573,91.78475,0.2228,-0.02287,0.10293,0.02747,-0.33173,27.86136,0.21802,0.00579,0.06555,0.11005
1763120.0,-0.52352,-71.55747,0.25287,-0.02787,0.10435,0.27407,-0.34512,-2.67769,0.23073,0.00228,0.0661,0.11911
1763125.0,-0.07449,89.80521,0.23503,-0.02834,0.10333,0.00555,0.1221,93.44362,0.21987,0.00348,0.06558,0.01491
1763130.0,-0.02304,10.29025,0.21383,-0.02829,0.1023,0.00053,-0.03133,-30.6848,0.20102,0.00313,0.06493,0.00098
1763135.0,-0.46612,-88.61516,0.23906,-0.03267,0.10315,0.21727,-0.1602,-25.77408,0.19693,0.0015,0.06455,0.02566
1763140.0,0.04772,102.76718,0.21993,-0.03186,0.10219,0.00228,-0.00161,31.71811,0.1774,0.00147,0.0639,0.0
1763145.0,-0.40307,-90.15698,0.23824,-0.03557,0.10252,0.16246,-0.13367,-26.41282,0.17303,0.00012,0.06344,0.01787
1763150.0,0.31462,143.53795,0.24588,-0.03207,0.10269,0.09899,0.48925,124.58451,0.20465,0.00501,0.06515,0.23937
1763155.0,0.25447,-12.02949,0.24674,-0.02921,0.10247,0.06476,0.24332,-49.18633,0.20852,0.00739,0.06506,0.05921
1763160.0,-0.0095,-52.79526,0.22301,-0.02901,0.10145,9e-05,0.24035,-0.59366,0.2117,0.00972,0.06494,0.05777
1763165.0,0.24553,51.00541,0.22527,-0.02626,0.10117,0.06028,0.19841,-8.38786,0.21037,0.01161,0.06464,0.03937
1763170.0,-0.22825,-94.75517,0.22556,-0.02828,0.10056,0.0521,0.04326,-31.03045,0.19366,0.01192,0.064,0.00187
1763175.0,0.3313,111.91051,0.23614,-0.02469,0.10082,0.10976,0.20028,31.40461,0.19432,0.01381,0.06371,0.04011
1763180.0,0.12835,-40.59145,0.22536,-0.02316,0.10004,0.01647,-0.08907,-57.87068,0.1838,0.01278,0.06318,0.00793
1763185.0,-0.26341,-78.35056,0.22916,-0.02556,0.09961,0.06938,-0.16107,-14.40102,0.18153,0.01104,0.06284,0.02594
1763190.0,0.01961,56.6027,0.20821,-0.02511,0.09863,0.00038,-0.15967,0.28076,0.17934,0.00933,0.0625,0.02549
1763195.0,-0.36048,-76.0164,0.22343,-0.02846,0.09875,0.12994,-0.19257,-6.58005,0.18066,0.00731,0.06227,0.03708
1763200.0,0.35553,143.202,0.23664,-0.02462,0.09921,0.1264,0.12682,63.87746,0.17528,0.00851,0.06179,0.01608
1763205.0,0.0793,-55.24639,0.22091,-0.02358,0.09832,0.00629,-0.20716,-66.79448,0.17847,0.00635,0.06163,0.04291
1763210.0,-0.16714,-49.28889,0.21553,-0.02502,0.09754,0.02794,-0.1611,9.21055,0.17673,0.00468,0.06129,0.02595
1763215.0,0.03571,40.57073,0.19755,-0.02441,0.0966,0.00128,-0.14907,2.40654,0.17396,0.00314,0.0609,0.02222
1763220.0,-0.41746,-90.63493,0.21954,-0.02834,0.09715,0.17428,-0.23514,-17.21419,0.18008,0.00076,0.06085,0.05529
1763225.0,0.23605,130.70317,0.22119,-0.0257,0.09686,0.05572,0.03773,54.57515,0.16585,0.00113,0.06026,0.00142
1763230.0,-0.09809,-66.82908,0.20888,-0.02642,0.09595,0.00962,-0.30787,-69.12163,0.18005,-0.00196,0.06059,0.09479
1763235.0,-0.04324,10.97162,0.19232,-0.02659,0.09499,0.00187,-0.03979,53.61679,0.16602,-0.00234,0.06,0.00158
1763240.0,0.21751,52.1493,0.19484,-0.02415,0.09462,0.04731,0.01234,10.42555,0.15066,-0.0022,0.0594,0.00015
1763245.0,-0.11516,-66.53425,0.18687,-0.02506,0.09376,0.01326,-0.01712,-5.89097,0.1373,-0.00234,0.05881,0.00029
1763250.0,0.29488,82.00729,0.19767,-0.02186,0.09382,0.08695,0.04375,12.17411,0.12795,-0.00188,0.05824,0.00191
1763255.0,-0.11738,-82.45107,0.18964,-0.02281,0.09297,0.01378,-0.01044,-10.83778,0.1162,-0.00197,0.05766,0.00011
1763260.0,0.08092,39.65923,0.17877,-0.02178,0.09215,0.00655,0.29993,62.07323,0.13457,0.00105,0.05798,0.08996
1763265.0,0.18693,21.20262,0.17959,-0.01969,0.09166,0.03494,0.14671,-30.64427,0.13578,0.00251,0.0576,0.02152
1763270.0,-0.21433,-80.25193,0.18306,-0.02164,0.09111,0.04594,0.04939,-19.4633,0.12714,0.00298,0.05705,0.00244
1763275.0,0.27808,98.4814,0.19256,-0.01864,0.09108,0.07733,0.18688,27.49775,0.13312,0.00481,0.05681,0.03492
1763280.0,-0.13352,-82.31947,0.18666,-0.01979,0.0903,0.01783,0.11636,-14.10484,0.13144,0.00593,0.05637,0.01354
1763285.0,0.42135,110.9741,0.21013,-0.01538,0.0913,0.17754,0.61406,99.54053,0.1797,0.01201,0.05943,0.37707
1763290.0,0.34826,-14.61445,0.22394,-0.01174,0.09169,0.12129,0.31963,-58.87357,0.1937,0.01509,0.05976,0.10217
1763295.0,-0.07216,-84.08495,0.20876,-0.01234,0.0908,0.00521,0.17054,-29.81878,0.19138,0.01664,0.0594,0.02908
1763300.0,0.33413,81.25766,0.2213,-0.00888,0.09107,0.11164,0.24093,14.07821,0.19634,0.01889,0.0593,0.05805
1763305.0,-0.22752,-112.32861,0.22192,-0.01107,0.09063,0.05176,0.02555,-43.07599,0.17926,0.01895,0.0587,0.00065
1763310.0,0.62246,169.99536,0.26197,-0.00473,0.09366,0.38746,0.71326,137.54129,0.23266,0.02589,0.06284,0.50874
1763315.0,0.38422,-47.64814,0.2742,-0.00084,0.0942,0.14763,0.33164,-76.32276,0.24256,0.02895,0.06313,0.10999
1763320.0,0.10021,-56.80143,0.2568,0.00017,0.09336,0.01004,0.31707,-2.9138,0.25001,0.03183,0.06331,0.10054
1763325.0,0.27399,34.75508,0.25852,0.00291,0.09316,0.07507,0.21106,-21.20208,0.24611,0.03363,0.06299,0.04455
1763330.0,-0.42606,-140.00909,0.27527,-0.00138,0.09404,0.18152,-0.10927,-64.06627,0.23243,0.0322,0.06256,0.01194
1763335.0,0.37532,160.27496,0.28528,0.00238,0.09449,0.14086,0.22386,66.62463,0.23157,0.03411,0.0623,0.05011
1763340.0,0.09147,-56.76999,0.2659,0.00328,0.09362,0.00837,-0.09617,-64.00515,0.21803,0.03281,0.06184,0.00925
1763345.0,-0.09044,-36.38264,0.24835,0.00234,0.09277,0.00818,-0.01165,16.90366,0.19739,0.03237,0.06124,0.00014
1763350.0,0.17564,53.21603,0.24108,0.00407,0.09214,0.03085,-0.02922,-3.51358,0.18058,0.03175,0.06067,0.00085
1763355.0,-0.30131,-95.38923,0.2471,0.00102,0.09213,0.09079,-0.13291,-20.73854,0.17581,0.0301,0.06033,0.01767
1763360.0,0.48816,157.89345,0.27121,0.00589,0.09353,0.2383,0.23534,73.65048,0.18176,0.03216,0.06014,0.05539
1763365.0,0.1196,-73.71136,0.25605,0.00703,0.09272,0.0143,-0.13989,-75.04514,0.17757,0.03044,0.05983,0.01957
1763370.0,0.07684,-8.55171,0.23813,0.00772,0.09184,0.0059,0.05618,39.21368,0.16544,0.03069,0.05923,0.00316
1763375.0,0.32484,49.60012,0.2468,0.0109,0.09191,0.10552,0.09475,7.71278,0.15837,0.03133,0.05868,0.00898
1763380.0,-0.17016,-98.99992,0.23913,0.00908,0.09131,0.02895,-0.02278,-23.5058,0.14481,0.03079,0.05812,0.00052
1763385.0,0.46288,126.60696,0.26151,0.01362,0.09242,0.21426,0.22748,50.05156,0.15308,0.03276,0.05792,0.05175
1763390.0,0.0238,-87.81558,0.23774,0.01372,0.0915,0.00057,0.14861,-15.77358,0.15263,0.03392,0.05747,0.02208
1763395.0,0.27743,50.72593,0.24171,0.01636,0.09126,0.07697,0.46326,62.93058,0.18369,0.03821,0.05871,0.21461
1763400.0,0.21645,-12.19567,0.23918,0.01836,0.09074,0.04685,0.21127,-50.3989,0.18645,0.03994,0.05841,0.04463
1763405.0,-0.26875,-97.03925,0.24214,0.01549,0.09064,0.07222,0.04793,-32.6675,0.1726,0.04002,0.05783,0.0023
1763410.0,0.23221,100.19122,0.24114,0.01766,0.0902,0.05392,0.15118,20.65115,0.17046,0.04113,0.05737,0.02286
1763415.0,-0.32696,-111.83441,0.24973,0.01421,0.09046,0.1069,-0.02758,-35.75343,0.15617,0.04045,0.05684,0.00076
1763420.0,0.25276,115.94346,0.25003,0.0166,0.09011,0.06389,0.52032,109.58129,0.19258,0.04524,0.05853,0.27074
1763425.0,0.33809,17.06762,0.25884,0.01981,0.09022,0.11431,0.36785,-30.49425,0.21011,0.04847,0.05897,0.13532
1763430.0,-0.23364,-114.34629,0.25632,0.01728,0.08995,0.05459,0.10057,-53.45615,0.19916,0.04899,0.0584,0.01011
1763435.0,0.19244,85.21611,0.24993,0.01903,0.08935,0.03703,0.17561,15.00807,0.1968,0.05026,0.05798,0.03084
1763440.0,-0.29195,-96.87894,0.25413,0.01592,0.08941,0.08524,0.04629,-25.86367,0.18175,0.05022,0.0574,0.00214
1763445.0,0.57329,173.04861,0.28605,0.02149,0.09156,0.32866,0.73703,138.14806,0.23728,0.05709,0.06145,0.54322
1763450.0,0.26308,-62.04175,0.28375,0.02391,0.09121,0.06921,0.29088,-89.23074,0.24264,0.05942,0.06137,0.08461
1763455.0,-0.30235,-113.0862,0.28561,0.02065,0.09134,0.09141,0.06206,-45.76502,0.22458,0.05945,0.06075,0.00385
1763460.0,-0.01257,57.95594,0.25831,0.02031,0.09044,0.00016,0.06472,0.53203,0.20859,0.0595,0.06015,0.00419
1763465.0,-0.5483,-107.1459,0.28731,0.01463,0.09271,0.30063,-0.13988,-40.91903,0.20172,0.05751,0.05994,0.01957
1763470.0,0.27465,164.58968,0.28604,0.01723,0.09244,0.07543,0.16521,61.01794,0.19807,0.05859,0.05945,0.02729
1763475.0,-0.00343,-55.61666,0.25778,0.01702,0.09152,1e-05,-0.15606,-64.25362,0.19387,0.05644,0.05931,0.02435
1763480.0,-0.25145,-49.60363,0.25715,0.01434,0.09131,0.06323,-0.08931,13.35011,0.18341,0.05498,0.05892,0.00798
1763485.0,0.03399,57.08829,0.23483,0.01453,0.0904,0.00116,-0.10216,-2.57033,0.17529,0.05341,0.05857,0.01044
1763490.0,-0.50764,-108.32667,0.26211,0.00931,0.09217,0.2577,-0.28881,-37.32957,0.18664,0.04999,0.05914,0.08341
1763495.0,0.24084,149.69655,0.25998,0.01163,0.09178,0.058,0.07616,72.99254,0.17559,0.05025,0.05855,0.0058
1763500.0,-0.10616,-69.40037,0.2446,0.01045,0.09099,0.01127,-0.28961,-73.15403,0.18699,0.04685,0.0591,0.08388
1763505.0,-0.19808,-18.38391,0.23995,0.00836,0.09051,0.03924,-0.13174,31.57482,0.18147,0.04507,0.05882,0.01736
1763510.0,-0.0623,27.1562,0.22219,0.00766,0.08965,0.00388,-0.21515,-16.68189,0.18484,0.04246,0.0589,0.04629
1763515.0,-0.59419,-106.3784,0.25939,0.00164,0.09231,0.35307,-0.35696,-28.362,0.20205,0.03847,0.05987,0.12742
1763520.0,0.02095,123.02811,0.23554,0.00183,0.09139,0.00044,-0.091,53.19286,0.19094,0.03718,0.05944,0.00828
1763525.0,-0.37468,-79.12507,0.24946,-0.00193,0.09186,0.14038,-0.49253,-80.30698,0.2211,0.03188,0.06159,0.24259
1763530.0,-0.29116,16.70456,0.25363,-0.00483,0.09177,0.08477,-0.20276,57.95319,0.21927,0.02953,0.06152,0.04111
1763535.0,-0.21639,14.95398,0.2499,-0.00694,0.09129,0.04682,-0.29922,-19.29119,0.22726,0.02624,0.06196,0.08953
1763540.0,-0.80418,-117.55934,0.30533,-0.01491,0.0966,0.64671,-0.48506,-37.16729,0.25304,0.02113,0.0639,0.23528
1763545.0,-0.30876,99.08507,0.30567,-0.01785,0.09648,0.09533,-0.34378,28.2561,0.26212,0.01748,0.06457,0.11818
1763550.0,-0.66757,-71.76348,0.34186,-0.02435,0.09966,0.44566,-0.39378,-9.99978,0.27528,0.01337,0.06558,0.15506
1763555.0,-0.40415,52.68478,0.34809,-0.02815,0.10007,0.16334,-0.06857,65.04109,0.25461,0.01255,0.06499,0.0047
1763560.0,-0.3146,17.91009,0.34474,-0.03101,0.09988,0.09897,-0.21066,-28.41764,0.25022,0.01032,0.06483,0.04438
1763565.0,-0.74491,-86.06206,0.38476,-0.03815,0.10387,0.55489,-0.36127,-30.12142,0.26132,0.0066,0.06553,0.13051
1763570.0,-0.17949,113.08369,0.36423,-0.03956,0.10303,0.03222,-0.20987,30.2794,0.25618,0.00444,0.06534,0.04404
1763575.0,-0.62401,-88.90332,0.39021,-0.04541,0.10535,0.38939,-0.29534,-17.09422,0.26009,0.00144,0.06557,0.08723
1763580.0,-0.14346,96.10977,0.36553,-0.04639,0.10439,0.02058,0.21667,102.40086,0.25575,0.00359,0.06536,0.04694
1763585.0,-0.15315,-1.93889,0.3443,-0.04746,0.10346,0.02346,-0.04277,-51.88635,0.23445,0.00313,0.06473,0.00183
1763590.0,-0.6003,-89.43011,0.3699,-0.05298,0.10542,0.36037,-0.21134,-33.71505,0.23214,0.00098,0.06453,0.04467
1763595.0,-0.04767,110.5276,0.33767,-0.05293,0.10436,0.00227,-0.04292,33.68514,0.21322,0.00054,0.06391,0.00184
1763600.0,-0.50608,-91.68301,0.35452,-0.05746,0.10533,0.25612,-0.14641,-20.69813,0.20654,-0.00092,0.06348,0.02143
1763605.0,-0.03585,94.04683,0.32265,-0.05725,0.10428,0.00129,0.28584,86.4496,0.21447,0.00194,0.06365,0.08171
1763610.0,-0.20245,-33.32038,0.31063,-0.0587,0.10345,0.04099,-0.09066,-75.30007,0.20209,0.00102,0.0631,0.00822
1763615.0,-0.57072,-73.65453,0.33664,-0.06382,0.10498,0.32572,-0.16713,-15.29468,0.19859,-0.00066,0.06275,0.02793
1763620.0,0.12795,139.7334,0.31577,-0.0619,0.10429,0.01637,0.10626,54.67849,0.18936,0.0004,0.06223,0.01129
1763625.0,-0.27614,-80.8176,0.31181,-0.06404,0.1037,0.07625,0.00839,-19.57457,0.17126,0.00048,0.06161,7e-05
1763630.0,0.39133,133.49487,0.31976,-0.05949,0.10469,0.15314,0.58875,116.07249,0.21301,0.00637,0.06438,0.34663
1763635.0,0.03159,-71.94933,0.29094,-0.05858,0.10373,0.001,0.10126,-97.49759,0.20183,0.00732,0.06383,0.01025
1763640.0,-0.36277,-78.87177,0.29812,-0.06162,0.1036,0.1316,-0.02952,-26.15695,0.1846,0.00695,0.0632,0.00087
1763645.0,0.09447,91.44848,0.27776,-0.06006,0.1028,0.00892,0.03189,12.28363,0.16933,0.0072,0.06258,0.00102
1763650.0,-0.23329,-65.55201,0.27331,-0.06179,0.10207,0.05442,-0.00404,-7.18788,0.1528,0.00708,0.06195,2e-05
1763655.0,0.65196,177.05038,0.31118,-0.05466,0.10604,0.42505,0.74286,149.38109,0.21181,0.01444,0.06664,0.55184
1763660.0,0.48381,-33.63019,0.32844,-0.04927,0.10782,0.23407,0.40126,-68.32053,0.23075,0.01831,0.06744,0.16101
1763665.0,0.25972,-44.81792,0.32157,-0.04618,0.10768,0.06745,0.40105,-0.04092,0.24778,0.02214,0.0682,0.16084
1763670.0,0.64917,77.89066,0.35433,-0.03923,0.11134,0.42143,0.41431,2.65078,0.26444,0.02606,0.06903,0.17165
1763675.0,0.11112,-107.61042,0.33001,-0.03772,0.11045,0.01235,0.22497,-37.86827,0.26049,0.02805,0.06872,0.05061
1763680.0,0.88521,154.81712,0.38553,-0.02849,0.11769,0.78359,0.53149,61.30387,0.28759,0.03308,0.07052,0.28248
1763685.0,0.61529,-53.98273,0.4085,-0.02206,0.12058,0.37859,0.18799,-68.69965,0.27763,0.03463,0.07005,0.03534
1763690.0,0.22629,-77.80042,0.39028,-0.01957,0.11998,0.05121,0.13206,-11.18509,0.26307,0.03561,0.06944,0.01744
1763695.0,0.61793,78.32736,0.41305,-0.0132,0.12276,0.38183,0.23876,21.33923,0.26064,0.03764,0.06915,0.05701
1763700.0,0.07964,-107.65803,0.37971,-0.01227,0.12162,0.00634,0.09962,-27.82819,0.24454,0.03826,0.0685,0.00992
1763705.0,0.85668,155.40869,0.4274,-0.00358,0.1278,0.7339,0.41937,63.95135,0.26202,0.04207,0.06924,0.17587
1763710.0,0.36506,-98.325,0.42117,0.00011,0.12786,0.13327,-0.07909,-99.69308,0.24373,0.04086,0.06869,0.00626
1763715.0,0.22235,-28.54198,0.40129,0.00233,0.12706,0.04944,0.0585,27.5182,0.22521,0.04103,0.06801,0.00342
1763720.0,0.24298,4.12766,0.38546,0.00474,0.12636,0.05904,-0.1031,-32.31887,0.21299,0.03959,0.06753,0.01063
1763725.0,-0.33165,-114.92767,0.38008,0.00137,0.1262,0.10999,-0.2939,-38.161,0.22109,0.03626,0.06794,0.08638
1763730.0,0.41651,149.63239,0.38372,0.00552,0.12663,0.17348,0.01418,61.61555,0.20039,0.03604,0.06727,0.0002
1763735.0,0.26746,-29.81057,0.37209,0.00814,0.12604,0.07153,-0.22003,-46.8413,0.20236,0.03348,0.06724,0.04841
1763740.0,0.20848,-11.79575,0.35573,0.01015,0.12517,0.04346,-0.01099,41.80751,0.18322,0.03303,0.06659,0.00012
1763745.0,0.22993,4.28997,0.34315,0.01234,0.12439,0.05287,-0.16482,-30.76519,0.18138,0.03105,0.0663,0.02716
1763750.0,-0.27117,-100.21972,0.33595,0.00951,0.12394,0.07353,-0.29342,-25.72011,0.19258,0.02781,0.06667,0.08609
1763755.0,0.47135,148.505,0.34949,0.01413,0.12479,0.22217,0.04897,68.47795,0.17822,0.02802,0.06601,0.0024
1763760.0,-0.05663,-105.59633,0.32021,0.01342,0.12359,0.00321,-0.39987,-89.76772,0.20039,0.02374,0.06714,0.15989
1763765.0,-0.08109,-4.89123,0.29629,0.01247,0.12244,0.00657,-0.17002,45.96881,0.19735,0.0218,0.06684,0.02891
1763770.0,0.04605,25.4273,0.27127,0.01281,0.12123,0.00212,-0.25055,-16.10511,0.20267,0.01908,0.0669,0.06277
1763775.0,-0.51086,-111.38248,0.29523,0.00757,0.1227,0.26098,-0.39155,-28.20058,0.22156,0.01497,0.06788,0.15331
1763780.0,0.18509,139.18973,0.28422,0.00935,0.12178,0.03426,-0.09207,59.89656,0.20861,0.0139,0.06732,0.00848
1763785.0,-0.23805,-84.62726,0.2796,0.00687,0.12117,0.05667,-0.50297,-82.18085,0.23805,0.00873,0.06926,0.25298
1763790.0,-0.24229,-0.84822,0.27587,0.00438,0.12056,0.0587,-0.29318,41.95924,0.24356,0.00572,0.06946,0.08595
1763795.0,-0.02197,44.06314,0.25048,0.00412,0.11936,0.00048,-0.30347,-2.05787,0.24955,0.00262,0.0697,0.09209
1763800.0,-0.4974,-95.08421,0.27517,-0.0009,0.12064,0.2474,-0.38195,-15.69658,0.26279,-0.00122,0.07046,0.14588
1763805.0,0.05012,109.50227,0.25266,-0.00039,0.11945,0.00251,-0.22573,31.24377,0.25908,-0.00347,0.07025,0.05095
1763810.0,-0.35843,-81.70859,0.26324,-0.00397,0.11952,0.12847,-0.28966,-12.78695,0.26214,-0.00633,0.07035,0.08391
1763815.0,-0.27383,16.91908,0.2643,-0.00667,0.11903,0.07498,-0.04544,48.84455,0.24047,-0.00672,0.06966,0.00206
1763820.0,-0.19812,15.14195,0.25768,-0.00858,0.1182,0.03925,-0.19293,-29.497,0.23572,-0.00858,0.0693,0.03722
1763825.0,-0.65434,-91.24298,0.29735,-0.01504,0.12111,0.42816,-0.31578,-24.5703,0.24372,-0.01165,0.06953,0.09972
1763830.0,-0.08711,113.44435,0.27632,-0.01576,0.11995,0.00759,-0.16538,30.07893,0.23589,-0.01319,0.06907,0.02735
1763835.0,-0.48019,-78.61572,0.29671,-0.0204,0.12086,0.23059,-0.23508,-13.93876,0.23581,-0.01541,0.06886,0.05526
1763840.0,-0.23065,49.90914,0.2901,-0.02251,0.12009,0.0532,0.0831,63.63523,0.22054,-0.01443,0.06827,0.00691
1763845.0,-0.15786,14.55838,0.27688,-0.02386,0.11907,0.02492,-0.11119,-38.85765,0.2096,-0.01539,0.06768,0.01236
1763850.0,-0.61802,-92.03374,0.31099,-0.0298,0.12134,0.38195,-0.27584,-32.93034,0.21623,-0.018,0.06767,0.07609
1763855.0,-0.20207,83.19058,0.3001,-0.03152,0.12041,0.04083,-0.24062,7.0438,0.21867,-0.02022,0.06747,0.0579
1763860.0,-0.58199,-75.98363,0.32829,-0.03703,0.12218,0.33871,-0.26824,-5.52443,0.22362,-0.0227,0.0674,0.07195
1763865.0,-0.24396,67.60523,0.31986,-0.0391,0.12138,0.05952,0.11105,75.85849,0.21237,-0.02137,0.0669,0.01233
1763870.0,-0.1678,15.23182,0.30465,-0.04038,0.12033,0.02816,-0.08595,-39.40007,0.19972,-0.02201,0.06628,0.00739
1763875.0,-0.62628,-91.69432,0.33681,-0.04624,0.12249,0.39222,-0.21963,-26.73658,0.20172,-0.02399,0.066,0.04824
1763880.0,-0.05621,114.01227,0.30875,-0.04634,0.12126,0.00316,-0.04427,35.07263,0.18597,-0.02419,0.06534,0.00196
1763885.0,-0.4513,-79.01657,0.32301,-0.05039,0.12166,0.20367,-0.12627,-16.39958,0.18,-0.02521,0.06479,0.01594
1763890.0,0.02544,95.34843,0.29325,-0.04963,0.1205,0.00065,0.31763,88.78001,0.19376,-0.02178,0.06529,0.10089
1763895.0,0.07376,9.66262,0.2713,-0.0484,0.11944,0.00544,0.13136,-37.2538,0.18752,-0.02025,0.06487,0.01726
1763900.0,-0.4111,-96.97092,0.28528,-0.05203,0.11954,0.169,-0.02633,-31.53843,0.1714,-0.02031,0.06422,0.00069
1763905.0,0.13768,109.75587,0.27052,-0.05013,0.11869,0.01896,0.09468,24.20169,0.16373,-0.01916,0.06371,0.00896
1763910.0,-0.35431,-98.39897,0.2789,-0.05317,0.11841,0.12554,-0.05924,-30.78334,0.15328,-0.01956,0.06309,0.00351
1763915.0,0.26455,123.77226,0.27747,-0.04999,0.11822,0.06999,0.52404,116.65639,0.19036,-0.01413,0.06535,0.27462
1763920.0,0.21176,-10.55686,0.2709,-0.04738,0.11771,0.04484,0.25804,-53.20027,0.19713,-0.01141,0.06543,0.06659
1763925.0,-0.06231,-54.81501,0.25004,-0.04753,0.11653,0.00388,0.22082,-7.44486,0.1995,-0.00908,0.0653,0.04876
1763930.0,0.44968,102.3973,0.27,-0.04255,0.11779,0.20221,0.31426,18.68869,0.21097,-0.00585,0.06567,0.09876
1763935.0,-0.07789,-105.51297,0.25079,-0.04291,0.11663,0.00607,0.13489,-35.87478,0.20336,-0.00444,0.06521,0.01819
1763940.0,0.81448,178.47462,0.30716,-0.03433,0.12266,0.66339,0.92267,157.55577,0.27529,0.00483,0.07298,0.85131
1763945.0,0.70061,-22.7759,0.3465,-0.02698,0.12673,0.49085,0.57739,-69.05492,0.3055,0.01055,0.07546,0.33338
1763950.0,0.06785,-126.55038,0.31864,-0.02604,0.12555,0.0046,0.31114,-53.25068,0.30607,0.01356,0.0756,0.09681
1763955.0,0.41336,69.10165,0.32811,-0.02164,0.12619,0.17087,0.31351,0.4751,0.30681,0.01656,0.07572,0.09829
1763960.0,-0.11338,-105.34888,0.30664,-0.02256,0.12501,0.01286,0.16527,-29.64912,0.29266,0.01805,0.07518,0.02731
1763965.0,0.70727,164.13011,0.3467,-0.01526,0.12898,0.50023,0.79183,125.31276,0.34257,0.02578,0.0803,0.627
1763970.0,0.67912,-5.62854,0.37994,-0.00832,0.13242,0.46121,0.54826,-48.71378,0.36314,0.03101,0.08217,0.30059
1763975.0,0.19751,-96.32231,0.3617,-0.00626,0.13151,0.03901,0.39572,-30.509,0.3664,0.03466,0.08265,0.15659
1763980.0,0.52795,66.08643,0.37833,-0.00092,0.13299,0.27873,0.38679,-1.78629,0.36844,0.03818,0.08304,0.1496
1763985.0,-0.01444,-108.47755,0.34194,-0.00105,0.13166,0.00021,0.19425,-38.50793,0.35102,0.03974,0.08245,0.03773
1763990.0,0.79539,161.96677,0.38728,0.00691,0.13656,0.63265,0.51292,63.73515,0.36721,0.04447,0.08382,0.26309
1763995.0,0.75562,-7.95472,0.42412,0.0144,0.14069,0.57096,0.33099,-36.38659,0.36359,0.04733,0.08379,0.10955
1764000.0,0.41476,-68.17248,0.42318,0.0184,0.14085,0.17202,0.31345,-3.50744,0.35857,0.05,0.08364,0.09825
1764005.0,0.6438,45.80841,0.44524,0.02466,0.14328,0.41448,0.28886,-4.91857,0.3516,0.05238,0.08336,0.08344
1764010.0,0.08502,-111.7552,0.40922,0.02526,0.14188,0.00723,0.10494,-36.78449,0.32694,0.05291,0.08256,0.01101
1764015.0,1.0,182.99567,0.4683,0.03501,0.14977,1.0,0.63693,106.39779,0.35794,0.05875,0.08507,0.40567
1764020.0,0.65623,-68.75375,0.48709,0.04122,0.15206,0.43064,0.24602,-78.18023,0.34674,0.06062,0.08457,0.06053
1764025.0,0.349,-61.44533,0.47328,0.0443,0.15147,0.1218,0.23617,-1.97102,0.33569,0.06238,0.08402,0.05578
1764030.0,0.48679,27.55734,0.47463,0.04872,0.15187,0.23697,0.12764,-21.70534,0.31488,0.06303,0.08323,0.01629
1764035.0,-0.07801,-112.9596,0.43497,0.04746,0.15051,0.00609,-0.09745,-45.01778,0.29314,0.06143,0.08265,0.0095
1764040.0,0.51844,119.2899,0.44332,0.05217,0.15118,0.26878,0.1719,53.86932,0.28101,0.06253,0.08194,0.02955
1764045.0,0.362,-31.28777,0.43519,0.05526,0.15061,0.13105,-0.09001,-52.38114,0.26191,0.06101,0.08135,0.0081
1764050.0,0.22213,-27.97392,0.41388,0.05693,0.14937,0.04934,0.05035,28.07071,0.24076,0.0609,0.08054,0.00253
1764055.0,0.09718,-24.99182,0.38221,0.05734,0.1479,0.00944,-0.23257,-56.58325,0.23994,0.05796,0.08057,0.05409
1764060.0,-0.35884,-91.2033,0.37987,0.05317,0.14812,0.12877,-0.32779,-19.04481,0.24872,0.05411,0.08123,0.10745
1764065.0,0.19979,111.72646,0.36187,0.05464,0.14685,0.03992,-0.08947,47.66457,0.2328,0.05267,0.08062,0.008
1764070.0,-0.19869,-79.69555,0.34555,0.05211,0.14601,0.03948,-0.5174,-85.58563,0.26126,0.04697,0.083,0.2677
1764075.0,-0.20891,-2.04372,0.33188,0.0495,0.14521,0.04364,-0.27204,49.07075,0.26234,0.04378,0.08316,0.07401
1764080.0,-0.01072,39.63662,0.29977,0.04889,0.1438,0.00011,-0.29045,-3.68084,0.26515,0.04044,0.08343,0.08436
1764085.0,-0.52463,-102.78091,0.32225,0.04316,0.14558,0.27523,-0.43541,-28.99227,0.28217,0.03568,0.08481,0.18958
1764090.0,-0.01505,101.91516,0.29153,0.04258,0.14416,0.00023,-0.27466,32.15055,0.28142,0.03258,0.08491,0.07544
1764095.0,-0.39019,-75.0275,0.3014,0.03825,0.14455,0.15225,-0.30624,-6.31681,0.2839,0.02919,0.08518,0.09378
1764100.0,-0.17103,43.83135,0.28836,0.03616,0.14354,0.02925,0.05601,72.44968,0.26111,0.02946,0.08434,0.00314
1764105.0,-0.11382,11.44298,0.27091,0.03466,0.14232,0.01295,-0.14572,-40.34473,0.24957,0.0277,0.0838,0.02123
1764110.0,-0.54736,-86.70879,0.29855,0.02884,0.14422,0.2996,-0.28255,-27.36673,0.25287,0.0246,0.0839,0.07983
1764115.0,-0.03294,102.88334,0.27199,0.02822,0.14281,0.00109,-0.10294,35.92183,0.23788,0.02333,0.08322,0.0106
1764120.0,-0.40582,-74.57578,0.28537,0.02388,0.14323,0.16469,-0.15253,-9.91891,0.22934,0.02157,0.08269,0.02327
1764125.0,-0.04456,72.25185,0.26129,0.02319,0.14185,0.00199,0.27514,85.53419,0.23392,0.0241,0.0825,0.0757
1764130.0,0.00017,8.94617,0.23518,0.02296,0.14043,0.0,0.04955,-45.11758,0.21549,0.02436,0.08168,0.00246
1764135.0,-0.44583,-89.19994,0.25625,0.01828,0.14118,0.19877,-0.10865,-31.63964,0.2048,0.02303,0.08103,0.0118
1764140.0,0.05963,101.09328,0.23659,0.01869,0.13979,0.00356,0.0525,32.2294,0.18957,0.02332,0.08023,0.00276
1764145.0,-0.39288,-90.50328,0.25221,0.01457,0.14005,0.15436,-0.10612,-31.72245,0.18123,0.02203,0.07959,0.01126
1764150.0,-0.03141,72.2945,0.23013,0.01411,0.13867,0.00099,0.28305,77.83363,0.19141,0.02464,0.07947,0.08012
1764155.0,-0.19585,-32.88891,0.22671,0.01201,0.13772,0.03836,-0.08258,-73.12561,0.18053,0.02357,0.07878,0.00682
1764160.0,-0.62069,-84.96619,0.2661,0.00569,0.14026,0.38525,-0.22685,-28.85563,0.18516,0.02106,0.07861,0.05146
1764165.0,-0.09391,105.31277,0.24888,0.00469,0.13896,0.00882,-0.0868,27.99954,0.17532,0.01998,0.07794,0.00753
1764170.0,-0.45988,-73.19415,0.26998,5e-05,0.13968,0.21149,-0.20714,-24.06877,0.1785,0.01771,0.07766,0.04291
1764175.0,0.18983,129.94324,0.26197,0.00194,0.13864,0.03604,0.45962,133.35252,0.20662,0.02213,0.0788,0.21125
1764180.0,0.00214,-37.53969,0.23599,0.00194,0.13725,0.0,0.07413,-77.09695,0.19337,0.02265,0.07804,0.0055
1764185.0,-0.51408,-103.24323,0.2638,-0.00322,0.13849,0.26428,-0.14535,-43.89663,0.18857,0.02097,0.07754,0.02113
1764190.0,0.00315,103.44596,0.23773,-0.00315,0.13711,1e-05,-0.01394,26.28103,0.1711,0.02062,0.07677,0.00019
1764195.0,-0.44335,-89.29996,0.25829,-0.00755,0.13763,0.19656,-0.16606,-30.42347,0.1706,0.01876,0.07635,0.02758
1764200.0,0.41644,171.95731,0.27411,-0.00331,0.13802,0.17342,0.67129,167.46989,0.22067,0.02528,0.07976,0.45063
1764205.0,0.34406,-14.47473,0.2811,0.00016,0.13782,0.11838,0.37739,-58.77927,0.23634,0.0288,0.08017,0.14242
1764210.0,-0.14043,-96.89871,0.26704,-0.00125,0.13664,0.01972,0.14714,-46.05033,0.22742,0.02999,0.07951,0.02165
1764215.0,0.19727,67.5404,0.26006,0.00074,0.13566,0.03892,0.13014,-3.40077,0.21769,0.03099,0.07881,0.01694
1764220.0,-0.27179,-93.81273,0.26123,-0.00199,0.13503,0.07387,-0.03917,-33.86179,0.19984,0.03029,0.07807,0.00153
1764225.0,0.57086,168.52966,0.29219,0.00374,0.13689,0.32588,0.75058,157.94958,0.25491,0.03749,0.08238,0.56336
1764230.0,0.3408,-46.01181,0.29706,0.00711,0.13664,0.11614,0.29544,-91.02679,0.25897,0.04007,0.08221,0.08729
1764235.0,0.06518,-55.12427,0.27387,0.00769,0.13531,0.00425,0.28119,-2.84978,0.26119,0.04248,0.08195,0.07907
1764240.0,0.38046,63.05746,0.28453,0.01142,0.13531,0.14475,0.28286,0.33367,0.26336,0.04488,0.0817,0.08001
1764245.0,-0.11069,-98.23109,0.26714,0.0102,0.13411,0.01225,0.09501,-37.57113,0.24652,0.04538,0.08091,0.00903
1764250.0,0.71526,165.18962,0.31195,0.01725,0.13764,0.51159,0.83577,148.15341,0.30545,0.05329,0.08622,0.69852
1764255.0,0.53796,-35.45887,0.33456,0.02246,0.13892,0.2894,0.46156,-74.84292,0.32106,0.05737,0.08699,0.21304
1764260.0,0.09818,-87.95689,0.31092,0.02321,0.13759,0.00964,0.3109,-30.13166,0.32004,0.05991,0.08675,0.09666
1764265.0,0.47939,76.242,0.32776,0.02778,0.13825,0.22981,0.3657,10.95926,0.32461,0.06296,0.0868,0.13373
1764270.0,-0.02536,-100.94871,0.29752,0.02725,0.13689,0.00064,0.16638,-39.86327,0.30878,0.064,0.08604,0.02768
1764275.0,0.86195,177.46143,0.35397,0.03559,0.14235,0.74296,0.60988,88.70015,0.33889,0.06946,0.0881,0.37195
1764280.0,0.5961,-53.17,0.37818,0.0412,0.14401,0.35534,0.23398,-75.17956,0.3284,0.0711,0.08748,0.05475
1764285.0,0.14704,-89.81234,0.35507,0.04226,0.14268,0.02162,0.1061,-25.57714,0.30617,0.07145,0.08662,0.01126
1764290.0,0.38087,46.76606,0.35765,0.04564,0.14238,0.14506,0.06505,-8.21025,0.28206,0.07139,0.08575,0.00423
1764295.0,-0.11628,-99.42883,0.33351,0.04402,0.14121,0.01352,-0.06838,-26.6853,0.26069,0.06999,0.08509,0.00468
1764300.0,0.64011,151.27634,0.36417,0.04998,0.14328,0.40974,0.31872,77.42075,0.26649,0.07248,0.08484,0.10158
1764305.0,0.39626,-48.77001,0.36738,0.05345,0.14302,0.15702,-0.027,-69.14536,0.24255,0.07148,0.08409,0.00073
1764310.0,0.17839,-43.5728,0.34848,0.0547,0.14175,0.03182,0.04836,15.0723,0.22313,0.07125,0.08326,0.00234
1764315.0,0.40796,45.91379,0.35443,0.05823,0.14155,0.16643,0.04806,-0.06012,0.20562,0.07102,0.08243,0.00231
1764320.0,-0.09477,-100.54715,0.32846,0.0567,0.14037,0.00898,-0.08416,-26.44316,0.19347,0.06947,0.08184,0.00708
1764325.0,0.6596,150.87581,0.36158,0.06273,0.14252,0.43508,0.27037,70.90538,0.20116,0.07148,0.08142,0.0731
1764330.0,0.34087,-63.74681,0.35951,0.06551,0.14186,0.11619,-0.12979,-80.03068,0.19403,0.06946,0.081,0.01684
1764335.0,0.05627,-56.91967,0.32918,0.06542,0.14044,0.00317,-0.06693,12.57031,0.18132,0.0681,0.08037,0.00448
1764340.0,0.29835,48.41562,0.3261,0.06775,0.13957,0.08901,-0.05475,2.43765,0.16866,0.06687,0.07972,0.003
1764345.0,-0.26578,-112.8269,0.32007,0.06441,0.13926,0.07064,-0.26978,-43.00712,0.17877,0.06351,0.08003,0.07278
1764350.0,0.43701,140.55829,0.33176,0.06814,0.13923,0.19097,0.04725,63.40633,0.16562,0.06334,0.07923,0.00223
1764355.0,0.14095,-59.21121,0.31268,0.06886,0.13789,0.01987,-0.32914,-75.27763,0.18197,0.05942,0.07995,0.10833
1764360.0,-0.12323,-52.83691,0.29374,0.06694,0.13687,0.01519,-0.24385,17.05831,0.18816,0.05639,0.08005,0.05946
1764365.0,0.06743,38.13335,0.27111,0.06695,0.1355,0.00455,-0.27044,-5.31844,0.19639,0.05312,0.0803,0.07314
1764370.0,-0.40216,-93.91819,0.28421,0.06226,0.1363,0.16173,-0.40267,-26.44619,0.21701,0.04856,0.08153,0.16214
1764375.0,0.317,143.83192,0.28749,0.0648,0.13558,0.10049,-0.03419,73.69656,0.19873,0.04773,0.08078,0.00117
1764380.0,-0.03779,-70.95759,0.26252,0.06378,0.13433,0.00143,-0.42519,-78.20045,0.22138,0.043,0.08217,0.18079
1764385.0,-0.14067,-20.57673,0.25033,0.06173,0.13339,0.01979,-0.24519,36.0005,0.22376,0.04012,0.08216,0.06012
1764390.0,0.05253,38.64001,0.23055,0.06164,0.13206,0.00276,-0.27039,-5.04012,0.22842,0.03702,0.08228,0.07311
1764395.0,-0.48763,-108.03244,0.25626,0.05615,0.1337,0.23779,-0.42549,-31.02055,0.24813,0.03239,0.08356,0.18104
1764400.0,0.24279,146.08505,0.25491,0.05802,0.1327,0.05895,-0.05232,74.63452,0.22855,0.03154,0.08279,0.00274
1764405.0,-0.10437,-69.43273,0.23986,0.05639,0.13163,0.01089,-0.44092,-77.72072,0.24978,0.02682,0.08415,0.19441
1764410.0,-0.12851,-4.827,0.22872,0.05454,0.13065,0.01651,-0.19833,48.51875,0.24464,0.02457,0.08381,0.03933
1764415.0,0.06425,38.55044,0.21228,0.05464,0.12934,0.00413,-0.22735,-5.80564,0.24291,0.02205,0.08359,0.05169
1764420.0,-0.47811,-108.47121,0.23886,0.04931,0.13083,0.22859,-0.38624,-31.77736,0.25724,0.01797,0.08439,0.14918
1764425.0,0.18193,132.00768,0.23317,0.05064,0.1297,0.0331,-0.0744,62.36813,0.23896,0.01704,0.08363,0.00554
1764430.0,-0.23046,-82.47707,0.2329,0.04783,0.12917,0.05311,-0.5548,-96.07896,0.27054,0.01132,0.086,0.3078
1764435.0,-0.2404,-1.98896,0.23365,0.04495,0.1287,0.05779,-0.29791,51.37712,0.27328,0.00823,0.08608,0.08875
1764440.0,-0.10592,26.8972,0.22087,0.04344,0.12763,0.01122,-0.374,-15.21758,0.28335,0.00441,0.08665,0.13987
1764445.0,-0.48707,-76.23055,0.24749,0.03813,0.12911,0.23724,-0.43246,-11.69243,0.29826,4e-05,0.08765,0.18702
1764450.0,0.10471,118.35566,0.23321,0.0388,0.12787,0.01096,-0.17254,51.98497,0.28569,-0.00169,0.08707,0.02977
1764455.0,-0.29932,-80.80536,0.23982,0.03542,0.12771,0.08959,-0.60627,-86.74731,0.31775,-0.00773,0.08978,0.36757
1764460.0,-0.30085,-0.30573,0.24593,0.03205,0.12754,0.09051,-0.34142,52.9697,0.32012,-0.01107,0.08997,0.11657
1764465.0,-0.08669,42.83009,0.23,0.03087,0.1264,0.00752,-0.35169,-2.0538,0.32327,-0.01448,0.09021,0.12369
1764470.0,-0.54162,-90.98602,0.26117,0.02514,0.12835,0.29336,-0.47038,-23.73841,0.33798,-0.01903,0.09134,0.22126
1764475.0,0.13036,134.3979,0.24809,0.02619,0.12718,0.01699,-0.14437,65.20333,0.31862,-0.02029,0.09058,0.02084
1764480.0,-0.27633,-81.33891,0.25091,0.02317,0.1268,0.07636,-0.1901,-9.14571,0.30577,-0.02199,0.08996,0.03614
1764485.0,-0.20748,13.7709,0.24657,0.02086,0.12605,0.04305,0.02014,42.04645,0.27721,-0.02156,0.08908,0.00041
1764490.0,-0.14587,12.32146,0.2365,0.0192,0.12507,0.02128,-0.18305,-40.6371,0.26779,-0.02318,0.08844,0.03351
1764495.0,-0.81038,-132.90147,0.29388,0.0109,0.13056,0.65671,-0.49832,-63.05346,0.29084,-0.02793,0.08977,0.24832
1764500.0,-0.10637,140.80156,0.27513,0.00973,0.12939,0.01131,-0.16759,66.14569,0.27852,-0.02933,0.08907,0.02809
1764505.0,-0.4868,-76.08655,0.2963,0.00476,0.13051,0.23697,-0.2455,-15.58148,0.27522,-0.03149,0.08863,0.06027
1764510.0,-0.32118,33.12479,0.29879,0.0015,0.13025,0.10315,-0.00358,48.38292,0.24805,-0.03121,0.08775,1e-05
1764515.0,-0.24526,15.18388,0.29343,-0.00097,0.12954,0.06015,-0.2036,-40.00423,0.24361,-0.03293,0.08717,0.04145
1764520.0,-0.68229,-87.40583,0.33232,-0.00778,0.1328,0.46551,-0.33706,-26.69115,0.25295,-0.03597,0.0872,0.11361
1764525.0,-0.13315,109.82802,0.3124,-0.00903,0.13162,0.01773,-0.17741,31.92874,0.2454,-0.03739,0.08653,0.03148
1764530.0,-0.50978,-75.3271,0.33214,-0.01404,0.13276,0.25988,-0.25353,-15.22228,0.24621,-0.03955,0.08612,0.06428
1764535.0,-0.12274,77.40734,0.3112,-0.01513,0.13155,0.01507,0.20601,91.90807,0.24219,-0.0371,0.08585,0.04244
1764540.0,-0.06657,11.23516,0.28674,-0.01564,0.13026,0.00443,0.0192,-37.36276,0.21989,-0.03653,0.08502,0.00037
1764545.0,-0.52264,-91.21455,0.31033,-0.02071,0.13148,0.27315,-0.13829,-31.49792,0.21173,-0.03755,0.08427,0.01912
1764550.0,0.01171,106.8705,0.28047,-0.02039,0.13018,0.00014,0.00043,27.74348,0.1906,-0.03717,0.08344,0.0
1764555.0,-0.45281,-92.90461,0.2977,-0.02471,0.13071,0.20504,-0.15504,-31.09324,0.18705,-0.03835,0.08275,0.02404
1764560.0,0.21974,134.50975,0.2899,-0.02227,0.12998,0.04828,0.53497,138.00221,0.22184,-0.03262,0.08514,0.2862
1764565.0,0.09472,-25.0025,0.27039,-0.0211,0.12882,0.00897,0.15593,-75.80926,0.21525,-0.03073,0.08464,0.02431
1764570.0,-0.37937,-94.81834,0.28128,-0.02468,0.12879,0.14392,-0.053,-41.78502,0.19902,-0.03095,0.0838,0.00281
1764575.0,-0.00394,75.08533,0.25355,-0.02447,0.12751,2e-05,-0.0439,1.82007,0.18351,-0.03108,0.08296,0.00193
1764580.0,-0.24968,-49.14841,0.25316,-0.02672,0.12673,0.06234,0.02082,12.94345,0.16724,-0.03056,0.08216,0.00043
1764585.0,0.4753,144.99728,0.27538,-0.0217,0.12793,0.22591,0.7171,139.25642,0.22223,-0.02309,0.08681,0.51423
1764590.0,0.395,-16.05985,0.28734,-0.01754,0.12835,0.15603,0.37687,-68.04532,0.23769,-0.01909,0.08751,0.14203
1764595.0,-0.11308,-101.61726,0.26991,-0.01849,0.12716,0.01279,0.17835,-39.70511,0.23176,-0.01711,0.08702,0.03181
1764600.0,0.37921,98.45827,0.28084,-0.01452,0.12744,0.1438,0.3175,27.82989,0.24033,-0.01377,0.08725,0.10081
1764605.0,-0.2734,-130.52261,0.2801,-0.0171,0.12682,0.07475,0.00422,-62.65552,0.21672,-0.01359,0.08638,2e-05
1764610.0,0.45504,145.6013,0.29759,-0.01238,0.12774,0.20706,0.66651,132.379,0.2617,-0.00679,0.09005,0.44424
1764615.0,0.37602,-15.8034,0.30544,-0.0085,0.12794,0.14139,0.32957,-67.38779,0.26849,-0.00342,0.09026,0.10862
1764620.0,-0.05913,-87.03036,0.28081,-0.00901,0.12668,0.0035,0.19466,-26.98351,0.2611,-0.00144,0.08974,0.03789
1764625.0,0.35473,82.77129,0.2882,-0.00537,0.12671,0.12583,0.23453,7.97396,0.25845,0.00092,0.08939,0.055
1764630.0,-0.0788,-86.70613,0.26726,-0.0061,0.1255,0.00621,0.1094,-25.02524,0.24354,0.002,0.08861,0.01197
1764635.0,0.77516,170.79271,0.31805,0.00171,0.13023,0.60087,0.88131,154.38098,0.30732,0.0108,0.0953,0.7767
1764640.0,0.58694,-37.64436,0.34494,0.00756,0.13228,0.3445,0.49421,-77.42007,0.32601,0.01563,0.09664,0.24424
1764645.0,0.12632,-92.12307,0.32308,0.00875,0.1311,0.01596,0.30318,-38.20497,0.32372,0.01851,0.09648,0.09192
1764650.0,0.44622,63.97881,0.33539,0.01312,0.13166,0.19911,0.26885,-6.86523,0.31824,0.02101,0.09613,0.07228
1764655.0,-0.07321,-103.88582,0.30917,0.01226,0.13042,0.00536,0.07711,-38.34845,0.29412,0.02157,0.0952,0.00595
1764660.0,0.70724,156.09064,0.34898,0.01921,0.13385,0.50019,0.43062,70.70096,0.30777,0.02566,0.09589,0.18543
1764665.0,0.23156,-95.13566,0.33724,0.02133,0.13295,0.05362,-0.15242,-116.60722,0.29224,0.02388,0.09524,0.02323
1764670.0,-0.04645,-55.60275,0.30816,0.02066,0.13167,0.00216,-0.15319,-0.15365,0.27833,0.02211,0.09459,0.02347
1764675.0,0.2185,52.99016,0.29919,0.02264,0.13073,0.04774,-0.12679,5.27872,0.26318,0.02062,0.09387,0.01608
1764680.0,-0.35173,-114.04609,0.30445,0.01889,0.1308,0.12371,-0.3368,-42.00035,0.27054,0.01705,0.09418,0.11343
1764685.0,0.31345,133.03647,0.30535,0.02184,0.13034,0.09825,-0.05863,55.63235,0.24935,0.01629,0.09329,0.00344
1764690.0,0.02591,-57.50837,0.2774,0.02188,0.12904,0.00067,-0.4675,-81.77225,0.27116,0.01145,0.09465,0.21855
1764695.0,-0.23057,-51.29608,0.27272,0.01935,0.12837,0.05316,-0.39671,14.15793,0.28372,0.00737,0.09534,0.15738
1764700.0,-0.01841,42.43275,0.24729,0.01898,0.1271,0.00034,-0.40331,-1.32185,0.29568,0.00326,0.09604,0.16266
1764705.0,-0.56403,-109.12389,0.27896,0.01315,0.12916,0.31813,-0.58219,-35.77564,0.32433,-0.00259,0.09844,0.33895
1764710.0,0.19977,152.75916,0.27104,0.01501,0.12821,0.03991,-0.21397,73.64531,0.31329,-0.00471,0.09789,0.04578
1764715.0,-0.29616,-99.1852,0.27355,0.0119,0.12788,0.08771,-0.71511,-100.22966,0.35348,-0.01181,0.10186,0.51139
1764720.0,-0.29661,-0.09032,0.27586,0.00882,0.12753,0.08798,-0.43216,56.59056,0.36134,-0.01601,0.10257,0.18676
1764725.0,-0.07583,44.15565,0.25586,0.00797,0.12633,0.00575,-0.4327,-0.10699,0.36848,-0.02018,0.10325,0.18723
1764730.0,-0.54188,-93.21013,0.28446,0.00247,0.12803,0.29363,-0.54553,-22.56646,0.38618,-0.02543,0.10492,0.2976
1764735.0,-0.07255,93.86667,0.26327,0.00172,0.1268,0.00526,-0.38603,31.89924,0.38617,-0.02904,0.10515,0.14902
1764740.0,-0.31758,-49.00664,0.2687,-0.00147,0.12653,0.10086,-0.28346,20.51485,0.3759,-0.03158,0.10473,0.08035
1764745.0,-0.16692,30.13231,0.25852,-0.00313,0.12554,0.02786,0.00462,57.61521,0.33877,-0.03122,0.1037,2e-05
1764750.0,-0.10621,12.14257,0.24329,-0.00416,0.12439,0.01128,-0.20056,-41.03626,0.32495,-0.03291,0.10294,0.04023
1764755.0,-0.56894,-92.54697,0.27585,-0.00981,0.12627,0.32369,-0.33759,-27.40421,0.32621,-0.03596,0.10282,0.11396
1764760.0,-0.02052,109.68453,0.25032,-0.00991,0.12501,0.00042,-0.13799,39.91935,0.30739,-0.03698,0.10189,0.01904
1764765.0,-0.41851,-79.59864,0.26714,-0.014,0.12539,0.17515,-0.22023,-16.44931,0.29868,-0.03881,0.1012,0.0485
1764770.0,-0.10739,62.22412,0.25117,-0.01493,0.12422,0.01153,0.14854,73.75573,0.28366,-0.03694,0.10054,0.02207
1764775.0,-0.05181,11.11591,0.23123,-0.0153,0.123,0.00268,-0.07203,-44.11385,0.2625,-0.03729,0.09954,0.00519
1764780.0,-0.52047,-93.73156,0.26015,-0.02035,0.12427,0.27089,-0.22278,-30.15015,0.25853,-0.03915,0.09888,0.04963
1764785.0,0.09911,123.91526,0.24405,-0.01916,0.12316,0.00982,-0.00994,42.56763,0.23367,-0.03885,0.0979,0.0001
1764790.0,-0.38599,-97.01876,0.25824,-0.02283,0.12325,0.14899,-0.16735,-31.48245,0.22704,-0.04014,0.09709,0.02801
1764795.0,0.07154,91.50542,0.23957,-0.02188,0.12211,0.00512,0.35635,104.74098,0.23997,-0.03617,0.09766,0.12699
1764800.0,0.1086,7.41138,0.22648,-0.02058,0.12105,0.01179,0.14947,-41.37789,0.23092,-0.03432,0.09702,0.02234
1764805.0,-0.37803,-97.32549,0.24163,-0.02415,0.12109,0.14291,-0.02583,-35.05907,0.21041,-0.03423,0.09605,0.00067
1764810.0,0.07946,91.49725,0.22541,-0.02312,0.11999,0.00631,0.04275,13.71644,0.19364,-0.03346,0.09515,0.00183
1764815.0,-0.40418,-96.72794,0.24329,-0.02693,0.12021,0.16336,-0.12113,-32.77678,0.18639,-0.03434,0.09427,0.01467
1764820.0,0.42857,166.55022,0.26182,-0.02237,0.12104,0.18367,0.70634,165.49481,0.23839,-0.02693,0.0987,0.49892
1764825.0,0.35278,-15.15854,0.27091,-0.01862,0.12121,0.12445,0.36195,-68.87782,0.25074,-0.02304,0.0992,0.13101
1764830.0,-0.08721,-87.99776,0.25254,-0.01931,0.12005,0.00761,0.18713,-34.96498,0.24438,-0.02094,0.09864,0.03502
1764835.0,0.26493,70.42879,0.25378,-0.01646,0.11964,0.07019,0.20667,3.90881,0.24061,-0.01867,0.09816,0.04271
1764840.0,-0.24059,-101.10323,0.25246,-0.01871,0.11893,0.05788,0.02325,-36.68485,0.21887,-0.01825,0.0972,0.00054
1764845.0,0.42662,133.44055,0.26988,-0.01425,0.11969,0.182,0.27055,49.45975,0.22404,-0.01536,0.09704,0.0732
1764850.0,0.4248,-0.36254,0.28537,-0.00986,0.12038,0.18046,0.07032,-40.04441,0.20867,-0.0145,0.09614,0.00495
1764855.0,-0.0248,-89.9203,0.25931,-0.01001,0.11918,0.00061,-0.0371,-21.48504,0.19151,-0.01473,0.09519,0.00138
1764860.0,0.17131,39.22104,0.25051,-0.0082,0.11831,0.02935,-0.08047,-8.67297,0.18041,-0.01539,0.09428,0.00647
1764865.0,-0.326,-99.46133,0.25806,-0.01138,0.11812,0.10628,-0.23337,-30.58015,0.1857,-0.01757,0.0938,0.05446
1764870.0,0.35141,135.48109,0.2674,-0.00775,0.11822,0.12349,0.04242,55.15693,0.17138,-0.01697,0.0929,0.0018
1764875.0,0.20778,-28.72571,0.26143,-0.00559,0.1175,0.04317,-0.22017,-52.51793,0.17626,-0.019,0.09237,0.04848
1764880.0,0.0047,-40.61636,0.23576,-0.00549,0.11632,2e-05,-0.07298,29.43728,0.16593,-0.01954,0.09148,0.00533
1764885.0,0.19767,38.59505,0.23195,-0.00346,0.11556,0.03907,-0.14896,-15.19418,0.16423,-0.02083,0.09073,0.02219
1764890.0,-0.37899,-115.33298,0.24666,-0.00721,0.11579,0.14364,-0.35621,-41.45088,0.18343,-0.02419,0.09092,0.12689
1764895.0,0.38028,151.85503,0.26002,-0.00334,0.1161,0.14461,0.03332,77.90633,0.16842,-0.02361,0.09005,0.00111
1764900.0,-0.14183,-104.42206,0.2482,-0.00472,0.11513,0.02012,-0.50156,-106.97572,0.20173,-0.02839,0.09139,0.25156
1764905.0,-0.60736,-93.10648,0.28412,-0.01075,0.11754,0.36889,-0.60793,-21.27484,0.24235,-0.03419,0.09376,0.36958
1764910.0,-0.42192,37.08821,0.2979,-0.01486,0.11802,0.17802,-0.68661,-15.73482,0.28678,-0.04071,0.097,0.47143
1764915.0,-0.8565,-86.91601,0.35376,-0.02328,0.12378,0.73359,-0.7347,-9.61916,0.33157,-0.04765,0.10075,0.53979
1764920.0,-0.11703,147.89417,0.33008,-0.02422,0.12263,0.0137,-0.36291,74.35779,0.3347,-0.0508,0.10071,0.13171
1764925.0,-0.35885,-48.36396,0.33296,-0.02756,0.1225,0.12877,-0.66651,-60.71937,0.36788,-0.05696,0.10342,0.44423
1764930.0,-0.49903,-28.03586,0.34957,-0.03228,0.12346,0.24903,-0.54036,25.22876,0.38513,-0.06179,0.10468,0.29199
1764935.0,-0.2476,50.2862,0.33937,-0.03443,0.12268,0.0613,-0.52431,3.21008,0.39905,-0.06642,0.10573,0.27491
1764940.0,-0.54976,-60.4316,0.36041,-0.03958,0.12405,0.30223,-0.46284,12.29398,0.40543,-0.07038,0.10621,0.21423
1764945.0,0.31035,172.02165,0.3554,-0.03608,0.12401,0.09632,0.00744,94.05743,0.36563,-0.0696,0.10521,6e-05
1764950.0,-0.05246,-72.5627,0.32511,-0.03625,0.12277,0.00275,-0.43461,-88.40977,0.37253,-0.07325,0.10546,0.18888
1764955.0,-0.14996,-19.49972,0.30759,-0.03738,0.12167,0.02249,-0.23191,40.53838,0.35847,-0.07484,0.10465,0.05378
1764960.0,-0.01062,27.8675,0.2779,-0.03712,0.12046,0.00011,-0.31026,-15.66866,0.35365,-0.0772,0.10415,0.09626
1764965.0,-0.56514,-110.90422,0.30662,-0.0424,0.12199,0.31939,-0.49528,-37.00388,0.36781,-0.08138,0.10482,0.2453
1764970.0,0.07272,127.57348,0.28323,-0.04125,0.1209,0.00529,-0.24376,50.30282,0.3554,-0.083,0.10403,0.05942
1764975.0,-0.26441,-67.4279,0.28135,-0.04348,0.12018,0.06992,-0.21055,6.64184,0.34092,-0.08428,0.10315,0.04433
1764980.0,-0.18718,15.44783,0.27193,-0.04491,0.11918,0.03503,0.05756,53.62193,0.31258,-0.08286,0.10232,0.00331
1764985.0,-0.19368,-1.30155,0.26411,-0.0464,0.11821,0.03751,-0.17649,-46.80865,0.29897,-0.08379,0.10138,0.03115
1764990.0,-0.65297,-91.85789,0.30299,-0.05247,0.12063,0.42637,-0.31286,-27.27528,0.30036,-0.08608,0.10088,0.09788
1764995.0,-0.1542,99.75455,0.28811,-0.05349,0.11953,0.02378,-0.16776,29.02132,0.2871,-0.0869,0.09994,0.02814
1765000.0,-0.54176,-77.51216,0.31348,-0.05837,0.12067,0.2935,-0.20467,-7.38344,0.27886,-0.08808,0.09907,0.04189
1765005.0,-0.28111,52.13003,0.31024,-0.0606,0.11995,0.07902,0.15229,71.3933,0.2662,-0.08567,0.09865,0.02319
1765010.0,-0.27566,1.08948,0.30678,-0.06275,0.1192,0.07599,-0.12931,-56.31963,0.25251,-0.08611,0.09768,0.01672
1765015.0,-0.72535,-89.93734,0.34864,-0.06937,0.12231,0.52613,-0.27053,-28.2457,0.25432,-0.08796,0.09704,0.07319
1765020.0,-0.13983,117.10349,0.32776,-0.07008,0.12114,0.01955,-0.0663,40.84787,0.23551,-0.08774,0.09607,0.0044
1765025.0,-0.528,-77.63405,0.34778,-0.07466,0.12198,0.27879,-0.15132,-17.00464,0.22709,-0.08837,0.09515,0.0229
1765030.0,-0.11456,82.68835,0.32446,-0.07506,0.12078,0.01312,0.32694,95.65186,0.23708,-0.08422,0.09589,0.10689
1765035.0,0.10239,43.38982,0.30225,-0.07328,0.11988,0.01048,0.25229,-14.9304,0.2386,-0.08086,0.09604,0.06365
1765040.0,-0.31214,-82.9053,0.30324,-0.07567,0.11924,0.09743,0.13211,-24.0349,0.22795,-0.07873,0.09553,0.01745
1765045.0,0.23079,108.58522,0.296,-0.0726,0.11897,0.05326,0.25505,24.58659,0.23066,-0.07539,0.09566,0.06505
1765050.0,-0.198,-85.75733,0.2862,-0.07386,0.11793,0.0392,0.1341,-24.19013,0.221,-0.07329,0.09514,0.01798
1765055.0,0.1808,75.76064,0.27566,-0.07131,0.11739,0.03269,0.58143,89.46635,0.25705,-0.06675,0.09839,0.33806
1765060.0,0.13777,-8.60676,0.26187,-0.06922,0.11664,0.01898,0.25085,-66.11466,0.25643,-0.06357,0.09839,0.06293
1765065.0,-0.20547,-68.64738,0.25623,-0.07058,0.11566,0.04222,0.19236,-11.69953,0.25002,-0.06101,0.09805,0.037
1765070.0,0.32701,106.49464,0.26331,-0.06661,0.11605,0.10693,0.30768,23.06506,0.25579,-0.05732,0.0984,0.09467
1765075.0,-0.18974,-103.34892,0.25595,-0.06784,0.11504,0.036,0.11614,-38.30952,0.24182,-0.05559,0.09771,0.01349
1765080.0,0.64658,167.26408,0.29501,-0.0607,0.11889,0.41807,0.90669,158.11064,0.30831,-0.04597,0.10581,0.82208
1765085.0,0.70488,11.6587,0.336,-0.05304,0.12345,0.49685,0.66484,-48.3691,0.34396,-0.03886,0.1097,0.44202
1765090.0,-0.00751,-142.47818,0.30315,-0.05258,0.12223,6e-05,0.30605,-71.7579,0.34017,-0.03541,0.10977,0.09367
1765095.0,0.42685,86.87379,0.31552,-0.04779,0.12326,0.1822,0.3815,15.0897,0.3443,-0.03124,0.11038,0.14554
1765100.0,-0.10352,-106.07418,0.29432,-0.04835,0.12206,0.01072,0.17917,-40.46681,0.32779,-0.02914,0.10971,0.0321
1765105.0,0.64733,150.1692,0.32962,-0.04139,0.12558,0.41904,0.86131,136.42918,0.38114,-0.02023,0.11638,0.74186
1765110.0,0.32157,-65.15186,0.32882,-0.03776,0.12562,0.10341,0.34244,-103.77505,0.37727,-0.01661,0.11651,0.11726
1765115.0,0.03072,-58.16915,0.29901,-0.03708,0.12441,0.00094,0.333,-1.88765,0.37284,-0.01311,0.11654,0.11089
1765120.0,0.3841,70.67561,0.30752,-0.03286,0.1249,0.14753,0.34024,1.44801,0.36958,-0.00958,0.1166,0.11576
1765125.0,-0.14412,-105.64468,0.29118,-0.03398,0.12377,0.02077,0.13992,-40.06454,0.34662,-0.00808,0.11565,0.01958
1765130.0,0.7651,181.84401,0.33857,-0.02599,0.1288,0.58538,0.57448,86.9134,0.3694,-0.00226,0.11782,0.33003
1765135.0,0.50127,-52.76503,0.35484,-0.02071,0.13023,0.25128,0.18538,-77.8203,0.351,-0.00038,0.11699,0.03437
1765140.0,0.2655,-47.15572,0.34591,-0.01785,0.12973,0.07049,0.29298,21.51972,0.3452,0.00255,0.11666,0.08584
1765145.0,0.51571,50.04347,0.36289,-0.01252,0.13123,0.26596,0.23951,-10.69356,0.33463,0.00492,0.11605,0.05737
1765150.0,-0.02992,-109.12702,0.32959,-0.01269,0.12992,0.0009,0.04828,-38.24583,0.306,0.00536,0.1149,0.00233
1765155.0,0.71338,148.65977,0.36797,-0.00543,0.13378,0.50891,0.40317,70.97661,0.31571,0.00934,0.11531,0.16254
1765160.0,0.45274,-52.12662,0.37645,-0.00085,0.1345,0.20498,0.06865,-66.90366,0.29101,0.00993,0.11419,0.00471
1765165.0,0.06597,-77.35551,0.3454,-0.00018,0.1332,0.00435,0.0227,-9.19008,0.26418,0.01006,0.11305,0.00052
1765170.0,0.25983,38.7739,0.33684,0.00242,0.13253,0.06751,-0.06605,-17.74997,0.24436,0.0093,0.11197,0.00436
1765175.0,-0.26071,-104.10984,0.32923,-0.00021,0.13189,0.06797,-0.18696,-24.18248,0.23862,0.00733,0.11123,0.03496
1765180.0,0.50826,153.79413,0.34713,0.00487,0.1331,0.25832,0.15606,68.60448,0.23037,0.00882,0.11034,0.02435
1765185.0,0.2684,-47.97073,0.33926,0.00751,0.13245,0.07204,-0.19043,-69.29828,0.22637,0.00683,0.10962,0.03626
1765190.0,-0.02291,-58.26348,0.30762,0.00721,0.13114,0.00053,-0.14418,9.25023,0.21815,0.00532,0.10875,0.02079
1765195.0,0.33471,71.52442,0.31033,0.01048,0.13087,0.11203,-0.04861,19.11339,0.2012,0.00478,0.10769,0.00236
1765200.0,-0.27325,-121.59114,0.30662,0.00764,0.13036,0.07466,-0.23529,-37.33542,0.20461,0.00238,0.10718,0.05536
1765205.0,0.49812,154.2733,0.32577,0.01255,0.13141,0.24812,0.11424,69.90635,0.19557,0.0035,0.10623,0.01305
1765210.0,0.2581,-48.00445,0.31901,0.015,0.13069,0.06661,-0.22804,-68.45515,0.19882,0.00118,0.10569,0.052
1765215.0,-0.18822,-89.26307,0.30593,0.01297,0.12978,0.03543,-0.30522,-15.43757,0.20946,-0.00188,0.10555,0.09316
1765220.0,0.03286,44.21651,0.27862,0.01317,0.12849,0.00108,-0.31947,-2.85014,0.22046,-0.00506,0.10549,0.10206
1765225.0,-0.46668,-99.90776,0.29743,0.00837,0.12946,0.21779,-0.41212,-18.52852,0.23963,-0.00913,0.10606,0.16984
1765230.0,0.24996,143.32732,0.29268,0.01079,0.12874,0.06248,-0.10559,61.30436,0.22622,-0.01009,0.10509,0.01115
1765235.0,0.03652,-42.68755,0.26706,0.01104,0.12746,0.00133,-0.3852,-55.92082,0.24212,-0.01385,0.10542,0.14838
1765240.0,0.00118,-7.0689,0.24048,0.01095,0.12618,0.0,-0.12291,52.45721,0.2302,-0.01494,0.10448,0.01511
1765245.0,-0.10791,-21.81802,0.22722,0.00976,0.12506,0.01164,-0.41276,-57.97005,0.24846,-0.01891,0.10498,0.17037
1765250.0,-0.59313,-97.04292,0.26381,0.00373,0.12737,0.3518,-0.49416,-16.27976,0.27303,-0.02367,0.10615,0.2442
1765255.0,0.06167,130.96004,0.2436,0.00431,0.12613,0.0038,-0.20254,58.32518,0.26598,-0.02546,0.1054,0.04102
1765260.0,-0.20887,-54.10878,0.24012,0.00218,0.12532,0.04363,-0.49672,-58.83654,0.28905,-0.03017,0.10652,0.24673
1765265.0,-0.21681,-1.58745,0.23779,-1e-05,0.12453,0.04701,-0.25843,47.6584,0.28599,-0.03245,0.10597,0.06678
1765270.0,-0.06816,29.72898,0.22083,-0.00069,0.12333,0.00465,-0.3392,-16.15394,0.29131,-0.03552,0.10583,0.11505
1765275.0,-0.55791,-97.9491,0.25454,-0.00627,0.12514,0.31126,-0.4271,-17.58122,0.30489,-0.03943,0.10628,0.18242
1765280.0,0.09554,130.68909,0.23864,-0.00525,0.12399,0.00913,-0.102,65.02088,0.2846,-0.04006,0.10525,0.0104
1765285.0,-0.41201,-101.51007,0.25597,-0.00932,0.12438,0.16975,-0.2537,-30.3402,0.28151,-0.0422,0.10465,0.06436
1765290.0,-0.24098,34.20562,0.25448,-0.01163,0.12366,0.05807,0.05068,60.87603,0.25843,-0.04127,0.10368,0.00257
1765295.0,-0.01026,46.14388,0.23005,-0.01162,0.12242,0.00011,0.00173,-9.78945,0.23276,-0.04084,0.10267,0.0
1765300.0,-0.50641,-99.22994,0.25769,-0.01657,0.1236,0.25646,-0.16127,-32.60147,0.22561,-0.04204,0.10178,0.02601
1765305.0,-0.16813,67.6575,0.24873,-0.01808,0.12259,0.02827,-0.19952,-7.64907,0.223,-0.04362,0.10101,0.03981
1765310.0,-0.64696,-95.76679,0.28856,-0.02437,0.12524,0.41856,-0.34048,-28.19201,0.23475,-0.04658,0.10086,0.11593
1765315.0,0.02012,133.41687,0.26171,-0.02393,0.124,0.0004,0.36293,140.68146,0.24757,-0.04249,0.1015,0.13172
1765320.0,0.06803,9.58072,0.24234,-0.02301,0.12285,0.00463,0.15083,-42.41944,0.23789,-0.04056,0.10085,0.02275
1765325.0,-0.43663,-100.93146,0.26177,-0.02714,0.12329,0.19065,-0.06719,-43.60512,0.22082,-0.04082,0.09984,0.00452
1765330.0,0.13064,113.45367,0.24866,-0.02557,0.1223,0.01707,0.07873,29.185,0.20661,-0.03963,0.09899,0.0062
1765335.0,-0.06794,-39.71572,0.23059,-0.02599,0.1211,0.00462,0.16633,17.52058,0.20259,-0.03757,0.09841,0.02767
1765340.0,0.30315,74.21859,0.23784,-0.0227,0.12095,0.0919,0.62108,90.94913,0.24444,-0.03098,0.10168,0.38574
1765345.0,0.32046,3.46176,0.24611,-0.01927,0.12089,0.1027,0.34089,-56.03749,0.25408,-0.02726,0.10202,0.11621
1765350.0,-0.13471,-91.03402,0.23497,-0.02042,0.11982,0.01815,0.16552,-35.07362,0.24522,-0.02533,0.10136,0.0274
1765355.0,0.32211,91.36401,0.24368,-0.017,0.11977,0.10376,0.22019,10.93421,0.24272,-0.02288,0.10094,0.04849
1765360.0,0.02308,-59.80635,0.22162,-0.01659,0.11859,0.00053,0.2649,8.9416,0.24494,-0.02,0.10074,0.07017
1765365.0,1.0,195.38416,0.29946,-0.00643,0.12753,1.0,1.0,147.01944,0.32045,-0.0098,0.10993,1.0
1765370.0,0.47417,-105.16696,0.31693,-0.00162,0.12852,0.22483,0.38231,-123.53704,0.32663,-0.00588,0.11034,0.14616
1765375.0,0.08235,-78.36366,0.29347,-0.00078,0.1273,0.00678,0.30962,-14.53844,0.32493,-0.00273,0.11021,0.09587
1765380.0,0.50939,85.40849,0.31506,0.00432,0.12858,0.25948,0.40036,18.147,0.33247,0.00131,0.1107,0.16029
1765385.0,0.11281,-79.31492,0.29484,0.0054,0.12741,0.01273,0.3576,-8.55058,0.33499,0.00487,0.11084,0.12788
1765390.0,1.0,177.43706,0.36535,0.01535,0.13583,1.0,1.0,128.47905,0.40149,0.01482,0.11944,1.0
1765395.0,0.79011,-41.97711,0.40783,0.0231,0.14036,0.62428,0.68143,-63.71473,0.42948,0.02149,0.1226,0.46434
1765400.0,0.38612,-80.79803,0.40566,0.02673,0.14024,0.14909,0.57602,-21.08049,0.44414,0.02703,0.12439,0.3318
1765405.0,0.67391,57.55642,0.43248,0.0332,0.14295,0.45415,0.54465,-6.27513,0.45419,0.03221,0.12577,0.29664
1765410.0,0.28115,-78.55107,0.41735,0.03568,0.14212,0.07905,0.45294,-18.34148,0.45406,0.03641,0.12624,0.20516
1765415.0,1.0,143.76979,0.47562,0.04532,0.14981,1.0,0.73706,56.82364,0.48236,0.04342,0.12979,0.54326
1765420.0,0.57418,-85.16423,0.48547,0.05061,0.15106,0.32968,0.322,-83.01179,0.46633,0.04621,0.12926,0.10368
1765425.0,0.26516,-61.8041,0.46344,0.05276,0.15,0.07031,0.30347,-3.70601,0.45004,0.04878,0.12861,0.09209
1765430.0,0.4887,44.70908,0.46597,0.05712,0.15036,0.23883,0.27895,-4.90323,0.43293,0.05108,0.12785,0.07782
1765435.0,-0.09756,-117.25254,0.42913,0.05557,0.14909,0.00952,0.09223,-37.34536,0.39886,0.05149,0.12658,0.00851
1765440.0,0.66513,152.53798,0.45273,0.06166,0.15124,0.4424,0.4146,64.47395,0.40044,0.05512,0.12661,0.17189
1765445.0,0.48732,-35.56142,0.45619,0.06592,0.1515,0.23748,0.15409,-52.1004,0.3758,0.05611,0.12544,0.02375
1765450.0,0.18531,-60.40376,0.4291,0.06711,0.15013,0.03434,0.15259,-0.30031,0.35348,0.05708,0.12428,0.02328
1765455.0,0.41642,46.22335,0.42783,0.07061,0.14982,0.17341,0.14338,-1.8427,0.33247,0.05794,0.12311,0.02056
1765460.0,-0.09343,-101.96986,0.39439,0.06897,0.14859,0.00873,0.02077,-24.52176,0.3013,0.05757,0.12189,0.00043
1765465.0,0.45425,109.53579,0.40038,0.07282,0.14856,0.20634,0.19853,35.55149,0.29102,0.05898,0.12087,0.03941
1765470.0,0.0111,-88.63056,0.36145,0.0722,0.14711,0.00012,-0.21264,-82.23296,0.28318,0.05626,0.12038,0.04521
1765475.0,-0.24082,-50.38457,0.34939,0.06907,0.1466,0.058,-0.17459,7.60866,0.27233,0.05395,0.1197,0.03048
1765480.0,0.10833,69.83112,0.32528,0.06947,0.14515,0.01174,-0.0671,21.49958,0.2518,0.05274,0.11865,0.0045
1765485.0,-0.44122,-109.90945,0.33687,0.06436,0.14625,0.19467,-0.21776,-30.13289,0.2484,0.05004,0.11818,0.04742
1765490.0,0.28922,146.08672,0.33211,0.06661,0.14529,0.08365,0.05827,55.2061,0.22939,0.05012,0.11699,0.0034
1765495.0,-0.06492,-70.82796,0.30539,0.06529,0.144,0.00421,-0.28711,-69.07575,0.23516,0.04675,0.11694,0.08243
1765500.0,-0.16518,-20.05127,0.29137,0.06299,0.14308,0.02728,-0.10798,35.82464,0.22244,0.0452,0.116,0.01166
1765505.0,0.03309,39.64515,0.26554,0.06269,0.14166,0.00109,-0.1392,-6.24278,0.21412,0.04336,0.11518,0.01938
1765510.0,-0.43737,-94.09116,0.28272,0.05769,0.14269,0.19129,-0.26114,-24.38668,0.21882,0.04031,0.11493,0.06819
1765515.0,0.22275,132.02361,0.27673,0.05934,0.14153,0.04962,0.00036,52.29952,0.19697,0.03991,0.1138,0.0
1765520.0,-0.19656,-83.86146,0.26871,0.05678,0.14076,0.03864,-0.38983,-78.03885,0.21626,0.03562,0.11447,0.15197
1765525.0,-0.28225,-17.13809,0.27006,0.05339,0.14048,0.07966,-0.25918,26.13114,0.22055,0.03267,0.11418,0.06717
1765530.0,-0.07016,42.41715,0.25007,0.05215,0.13922,0.00492,-0.27305,-2.77325,0.2258,0.02961,0.11395,0.07455
1765535.0,-0.52982,-91.93085,0.27805,0.04633,0.14115,0.28071,-0.34914,-15.21817,0.23813,0.02582,0.11422,0.1219
1765540.0,0.07059,120.08149,0.2573,0.04658,0.13975,0.00498,-0.12739,44.35001,0.22706,0.02429,0.11331,0.01623
1765545.0,-0.33218,-80.55456,0.26479,0.04279,0.13976,0.11035,-0.16774,-8.06997,0.22113,0.02237,0.11254,0.02814
1765550.0,-0.18566,29.305,0.25688,0.0405,0.13887,0.03447,0.0633,46.20752,0.20534,0.02278,0.11143,0.00401
1765555.0,-0.0548,26.17199,0.23667,0.03955,0.13757,0.003,-0.06659,-25.97816,0.19147,0.02189,0.11039,0.00443
1765560.0,-0.51626,-92.29184,0.26463,0.03399,0.13922,0.26652,-0.19526,-25.73364,0.19185,0.01971,0.10975,0.03813
1765565.0,0.08506,120.26283,0.24667,0.0345,0.13785,0.00723,-0.01982,35.08666,0.17465,0.01932,0.10867,0.00039
1765570.0,-0.31927,-80.86523,0.25393,0.03097,0.1377,0.10193,-0.10218,-16.47084,0.1674,0.0181,0.10773,0.01044
1765575.0,0.04428,72.7105,0.23297,0.0311,0.13633,0.00196,0.27659,75.75463,0.17832,0.02069,0.1073,0.0765
1765580.0,0.00638,-7.58128,0.21031,0.03085,0.13497,4e-05,0.05125,-45.06956,0.16561,0.021,0.10624,0.00263
1765585.0,-0.53465,-108.20547,0.24274,0.0252,0.13675,0.28585,-0.14195,-38.6386,0.16324,0.01937,0.10544,0.02015
1765590.0,-0.00175,106.58041,0.21864,0.02493,0.13539,0.0,-0.02339,23.7121,0.14926,0.01894,0.1044,0.00055
1765595.0,-0.46936,-93.52339,0.24371,0.01998,0.13644,0.2203,-0.15706,-26.73492,0.15004,0.01718,0.10366,0.02467
1765600.0,0.12996,119.86555,0.23234,0.02108,0.13519,0.01689,0.38297,108.00525,0.17333,0.02084,0.10394,0.14666
1765605.0,0.01094,-23.805,0.2102,0.02098,0.13384,0.00012,0.0633,-63.9342,0.16233,0.02126,0.10291,0.00401
1765610.0,-0.16787,-35.76165,0.20597,0.01909,0.13285,0.02818,0.09505,6.35179,0.1556,0.022,0.10194,0.00904
1765615.0,0.25423,84.41919,0.21079,0.02145,0.13206,0.06463,0.16697,14.38321,0.15674,0.02345,0.10112,0.02788
1765620.0,-0.24211,-99.26665,0.21392,0.01881,0.13142,0.05862,0.04247,-24.90074,0.14531,0.02364,0.10012,0.0018
1765625.0,0.55219,158.85872,0.24775,0.02414,0.1329,0.30491,0.6854,128.58749,0.19932,0.03026,0.10341,0.46978
1765630.0,0.38666,-33.10573,0.26164,0.02777,0.13286,0.1495,0.33116,-70.84924,0.2125,0.03327,0.10326,0.10967
1765635.0,-0.12545,-102.42212,0.24802,0.02624,0.13176,0.01574,0.15682,-34.86677,0.20694,0.0345,0.10238,0.02459
1765640.0,0.21936,68.96356,0.24516,0.02817,0.13081,0.04812,0.16919,2.47375,0.20316,0.03585,0.10153,0.02863
1765645.0,-0.27515,-98.90259,0.24816,0.02513,0.1304,0.07571,0.01198,-31.44264,0.18404,0.03561,0.10052,0.00014
1765650.0,0.66976,188.98192,0.29032,0.03158,0.13317,0.44858,0.42284,82.17238,0.20792,0.03948,0.10099,0.17879
1765655.0,0.41736,-50.47947,0.30302,0.03544,0.1333,0.17419,0.10524,-63.52044,0.19765,0.04014,0.10002,0.01108
1765660.0,0.11885,-59.70237,0.2846,0.03627,0.13203,0.01413,0.14039,7.03082,0.19193,0.04114,0.09912,0.01971
1765665.0,0.36379,48.98716,0.29252,0.03955,0.13176,0.13234,0.10197,-7.68499,0.18293,0.04175,0.09816,0.0104
1765670.0,-0.0758,-87.91719,0.27085,0.03839,0.13057,0.00575,0.00275,-19.84374,0.16491,0.04136,0.0972,1e-05
1765675.0,0.62892,140.94455,0.30666,0.0443,0.13269,0.39555,0.29023,57.49557,0.17745,0.04385,0.09683,0.08423
1765680.0,0.15961,-93.86386,0.29195,0.04545,0.13149,0.02547,-0.10808,-79.66177,0.17051,0.04233,0.09609,0.01168
1765685.0,-0.03956,-39.83399,0.26671,0.0446,0.13025,0.00157,0.00182,21.98119,0.15364,0.04192,0.09514,0.0
1765690.0,0.22218,52.34853,0.26226,0.04638,0.12925,0.04936,0.00905,1.44433,0.13918,0.0416,0.0942,8e-05
1765695.0,-0.42371,-129.17836,0.27841,0.04168,0.13013,0.17953,-0.20539,-42.887,0.1458,0.03913,0.09386,0.04218
1765700.0,0.24668,134.07799,0.27523,0.04373,0.12924,0.06085,0.08442,57.96131,0.13966,0.03958,0.09294,0.00713
1765705.0,-0.10898,-71.1318,0.25861,0.0422,0.12817,0.01188,-0.27124,-71.13225,0.15282,0.03647,0.09296,0.07357
1765710.0,-0.13261,-4.72479,0.24601,0.04045,0.12719,0.01758,-0.10096,34.05638,0.14764,0.0351,0.09221,0.01019
1765715.0,-0.00674,25.17421,0.22208,0.03998,0.12594,5e-05,-0.18619,-17.04592,0.15149,0.03288,0.09177,0.03467
1765720.0,-0.48202,-95.05637,0.24807,0.03476,0.12735,0.23234,-0.27512,-17.78564,0.16385,0.0298,0.09178,0.07569
1765725.0,0.12327,121.05768,0.23559,0.03565,0.12615,0.0152,-0.05949,43.12616,0.15342,0.02891,0.09094,0.00354
1765730.0,-0.29272,-83.19867,0.24131,0.03236,0.12595,0.08569,-0.14088,-16.27847,0.15216,0.02721,0.09032,0.01985
1765735.0,-0.07503,43.53796,0.22468,0.03129,0.1248,0.00563,0.17285,62.74616,0.15423,0.02867,0.08962,0.02988
1765740.0,-0.02799,9.40863,0.20501,0.0307,0.12359,0.00078,0.00596,-33.37825,0.1394,0.02844,0.08873,4e-05
1765745.0,-0.64866,-124.13374,0.24937,0.0239,0.12688,0.42076,-0.23935,-49.06197,0.1494,0.02576,0.08855,0.05729
1765750.0,-0.09664,110.40304,0.2341,0.0227,0.12575,0.00934,-0.11026,25.8187,0.14549,0.0244,0.08784,0.01216
1765755.0,-0.41493,-63.65774,0.25218,0.01832,0.12637,0.17217,-0.13378,-4.70535,0.14432,0.02282,0.08721,0.0179
1765760.0,0.1127,105.52728,0.23824,0.01926,0.12519,0.0127,0.35822,98.40086,0.16571,0.02618,0.08744,0.12832
1765765.0,0.06676,-9.18818,0.22109,0.01974,0.12396,0.00446,0.08745,-54.15355,0.15788,0.02679,0.0866,0.00765
1765770.0,-0.34334,-82.01985,0.23331,0.01611,0.12402,0.11788,-0.04145,-25.78082,0.14624,0.02611,0.08578,0.00172
1765775.0,0.17742,104.15025,0.22772,0.01772,0.12303,0.03148,0.09747,27.78533,0.14136,0.02682,0.08497,0.0095
1765780.0,-0.24493,-84.46971,0.22945,0.01509,0.12248,0.05999,0.02977,-13.54093,0.1302,0.02685,0.08412,0.00089
1765785.0,0.70923,190.83211,0.27742,0.02204,0.12597,0.503,0.78796,151.63863,0.19598,0.03446,0.08896,0.62089
1765790.0,0.52412,-37.02096,0.30209,0.02706,0.12719,0.2747,0.44782,-68.02861,0.22116,0.03859,0.08975,0.20054
1765795.0,0.13654,-77.51588,0.28554,0.02815,0.12603,0.01864,0.36192,-17.1794,0.23524,0.04183,0.08987,0.13099
1765800.0,0.45704,64.09991,0.30269,0.03244,0.12657,0.20889,0.35068,-2.24921,0.24678,0.04492,0.08991,0.12297
1765805.0,0.14989,-61.43013,0.28741,0.03362,0.12544,0.02247,0.3271,-4.71477,0.25481,0.04774,0.08979,0.107
1765810.0,0.91332,152.68573,0.35,0.04241,0.13177,0.83416,0.60298,55.17561,0.28963,0.05329,0.09191,0.36359
1765815.0,0.62946,-56.77161,0.37795,0.04828,0.13383,0.39622,0.25895,-68.80675,0.28656,0.05535,0.09141,0.06705
1765820.0,0.30152,-65.58955,0.3703,0.05082,0.13312,0.09091,0.24416,-2.9565,0.28232,0.05723,0.09084,0.05962
1765825.0,0.52827,45.3516,0.3861,0.05559,0.13403,0.27907,0.22272,-4.28832,0.27636,0.05889,0.0902,0.04961
1765830.0,0.06171,-93.31301,0.35366,0.05565,0.13269,0.00381,0.1061,-23.32384,0.25934,0.05936,0.08932,0.01126
1765835.0,0.68564,124.78582,0.38686,0.06195,0.13525,0.4701,0.33135,45.04839,0.26654,0.06208,0.08916,0.10979
1765840.0,0.1265,-111.82723,0.36082,0.0626,0.13394,0.016,-0.16449,-99.1666,0.25633,0.05982,0.08877,0.02706
1765845.0,0.14827,4.3537,0.33957,0.06345,0.13267,0.02198,0.07694,48.28539,0.23839,0.05999,0.08788,0.00592
1765850.0,0.31636,33.61711,0.33725,0.06598,0.13197,0.10008,0.02033,-11.32202,0.21659,0.05959,0.08702,0.00041
1765855.0,-0.20401,-104.07373,0.32392,0.06328,0.13137,0.04162,-0.09625,-23.31571,0.20455,0.05803,0.08639,0.00926
1765860.0,0.37478,115.75967,0.32901,0.0664,0.131,0.14046,0.13005,45.25982,0.1971,0.05875,0.08557,0.01691
1765865.0,-0.2271,-120.3772,0.31882,0.06346,0.13054,0.05157,-0.39789,-105.58815,0.21718,0.05419,0.08676,0.15832
1765870.0,-0.16727,11.9666,0.30366,0.06115,0.12975,0.02798,-0.16181,47.21509,0.21165,0.05203,0.08635,0.02618
1765875.0,-0.03915,25.6231,0.27721,0.06015,0.12855,0.00153,-0.24502,-16.64003,0.21498,0.04906,0.08635,0.06003
1765880.0,-0.52188,-96.5462,0.30168,0.05433,0.13059,0.27236,-0.33231,-17.45842,0.22671,0.04524,0.08691,0.11043
1765885.0,0.01873,108.1224,0.27338,0.05398,0.1293,0.00035,-0.16334,33.7934,0.22038,0.04316,0.08647,0.02668
1765890.0,-0.47027,-97.79935,0.29307,0.04873,0.1307,0.22115,-0.29069,-25.46928,0.22741,0.03982,0.0867,0.0845
1765895.0,-0.0838,77.29269,0.27215,0.04741,0.12956,0.00702,0.14744,87.62485,0.21941,0.04089,0.08595,0.02174
1765900.0,-0.03816,9.12982,0.24875,0.04655,0.12834,0.00146,-0.02173,-33.83333,0.19964,0.04027,0.08513,0.00047
1765905.0,-0.59593,-111.55539,0.28347,0.04013,0.1311,0.35514,-0.21756,-39.16631,0.20143,0.03769,0.08493,0.04733
1765910.0,-0.0449,110.20633,0.25961,0.03928,0.12986,0.00202,-0.09181,25.15026,0.19047,0.03639,0.08424,0.00843
1765915.0,-0.45209,-81.43732,0.27886,0.03436,0.13093,0.20438,-0.1737,-16.37902,0.1888,0.03429,0.08383,0.03017
1765920.0,0.23417,137.2511,0.27439,0.03636,0.13001,0.05483,0.43396,121.53297,0.21331,0.03829,0.08456,0.18832
1765925.0,0.32125,17.41714,0.27907,0.03921,0.12951,0.1032,0.25485,-35.82124,0.21747,0.04046,0.08417,0.06495
1765930.0,-0.1264,-89.53086,0.26381,0.03755,0.12848,0.01598,0.10297,-30.37695,0.20602,0.04108,0.08337,0.0106
1765935.0,0.44999,115.27796,0.28243,0.04168,0.12886,0.20249,0.27859,35.1242,0.21327,0.04346,0.08309,0.07761
1765940.0,-0.08745,-107.48854,0.26293,0.04039,0.12774,0.00765,0.13385,-28.94761,0.20533,0.04436,0.08234,0.01792
1765945.0,0.71026,159.5423,0.30766,0.04709,0.13086,0.50447,0.75144,123.51701,0.25994,0.05143,0.08641,0.56466
1765950.0,0.51922,-38.2082,0.32882,0.05181,0.13173,0.26959,0.37613,-75.06096,0.27156,0.05468,0.08658,0.14148
1765955.0,-0.10281,-124.35501,0.30622,0.05026,0.13065,0.01057,0.13427,-48.35393,0.25783,0.05547,0.08578,0.01803
1765960.0,0.32048,84.6581,0.30764,0.05296,0.13006,0.10271,0.23038,19.22346,0.25509,0.05722,0.08522,0.05308
1765965.0,-0.20549,-105.19389,0.29743,0.05038,0.12941,0.04222,0.05715,-34.64675,0.23529,0.05722,0.08437,0.00327
1765970.0,0.83168,207.43311,0.35085,0.05819,0.1341,0.69169,0.49318,87.20613,0.26108,0.06158,0.08539,0.24323
1765975.0,0.47512,-71.31092,0.36328,0.06236,0.13446,0.22574,0.10071,-78.49418,0.24504,0.06197,0.08455,0.01014
1765980.0,0.15667,-63.69177,0.34262,0.0633,0.13321,0.02454,0.10105,0.0675,0.23065,0.06236,0.08372,0.01021
1765985.0,0.24957,18.58131,0.33331,0.06517,0.13222,0.06229,-0.04574,-29.35815,0.21215,0.06128,0.083,0.00209
1765990.0,-0.27144,-104.20242,0.32713,0.0618,0.132,0.07368,-0.19008,-28.8667,0.20995,0.05877,0.08279,0.03613
1765995.0,0.47201,148.68988,0.34161,0.0659,0.13233,0.22279,0.12311,62.63752,0.20126,0.05941,0.082,0.01516
1766000.0,0.15275,-63.85284,0.32273,0.06677,0.13108,0.02333,-0.1982,-64.2625,0.20096,0.05684,0.08183,0.03928
1766005.0,0.01899,-26.75125,0.29235,0.06629,0.1298,0.00036,-0.08994,21.65219,0.18986,0.05537,0.08122,0.00809
1766010.0,0.2021,36.62189,0.28333,0.06765,0.12868,0.04084,-0.16232,-14.47658,0.1871,0.05319,0.08087,0.02635
1766015.0,-0.61815,-164.04961,0.31681,0.06079,0.132,0.38211,-0.47645,-62.82578,0.21604,0.04789,0.08281,0.22701
1766020.0,0.08881,141.39243,0.29401,0.06107,0.13069,0.00789,-0.15233,64.82542,0.20967,0.04589,0.08238,0.0232
1766025.0,-0.34081,-85.92401,0.29869,0.05705,0.13096,0.11615,-0.19875,-9.28578,0.20858,0.04345,0.08214,0.0395
1766030.0,-0.19336,29.48993,0.28816,0.05455,0.13027,0.03739,0.04002,47.75405,0.19172,0.04341,0.08132,0.0016
1766035.0,-0.06166,26.33866,0.26551,0.05339,0.1291,0.0038,-0.06744,-21.49209,0.17929,0.0423,0.08063,0.00455
1766040.0,-0.55081,-97.83013,0.29404,0.04735,0.13139,0.3034,-0.20879,-28.26834,0.18224,0.03979,0.08044,0.04359
1766045.0,-0.00024,110.11488,0.26466,0.04687,0.13009,0.0,-0.08419,24.91903,0.17244,0.03855,0.07979,0.00709
1766050.0,-0.42009,-83.97065,0.2802,0.0422,0.13093,0.17648,-0.16974,-17.10907,0.17217,0.03647,0.07941,0.02881
1766055.0,0.1172,107.4595,0.2639,0.04295,0.12968,0.01374,0.33621,101.18835,0.18857,0.03947,0.0795,0.11303
1766060.0,0.06441,-10.55902,0.24395,0.04317,0.12838,0.00415,0.08876,-49.48867,0.17859,0.03996,0.07873,0.00788
1766065.0,-0.28683,-70.24823,0.24824,0.03987,0.12817,0.08227,0.03795,-10.16258,0.16453,0.03994,0.07794,0.00144
1766070.0,0.16078,89.52223,0.23949,0.04107,0.12703,0.02585,0.08187,8.78452,0.15626,0.04036,0.07718,0.0067
1766075.0,-0.35334,-102.82397,0.25088,0.03713,0.12728,0.12485,-0.07628,-31.63098,0.14826,0.03919,0.07654,0.00582
1766080.0,0.55892,182.45253,0.28168,0.04235,0.12868,0.31239,0.65804,146.86377,0.19924,0.04538,0.07953,0.43301
1766085.0,0.38176,-35.43303,0.29169,0.04574,0.12852,0.14574,0.32032,-67.54282,0.21135,0.04813,0.07947,0.10261
1766090.0,-0.08147,-92.64515,0.27067,0.04447,0.12739,0.00664,0.15698,-32.66778,0.20591,0.04922,0.0788,0.02464
1766095.0,0.26798,69.8889,0.2704,0.04671,0.12661,0.07181,0.16512,1.62836,0.20183,0.05038,0.07814,0.02727
1766100.0,-0.2598,-105.55452,0.26934,0.04364,0.12627,0.06749,-0.00367,-33.75911,0.18202,0.04984,0.07739,1e-05
1766105.0,0.49098,150.1545,0.2915,0.04811,0.12696,0.24106,0.26014,52.76271,0.18983,0.05194,0.07705,0.06767
1766110.0,0.16736,-64.72231,0.27909,0.04931,0.12583,0.02801,-0.11198,-74.4241,0.18204,0.0503,0.07654,0.01254
1766115.0,-0.04502,-42.47626,0.25568,0.04836,0.12466,0.00203,-0.03434,15.52819,0.16727,0.04946,0.07584,0.00118
1766120.0,0.14781,38.56644,0.24489,0.04936,0.12351,0.02185,-0.08175,-9.48219,0.15872,0.04814,0.07525,0.00668
1766125.0,-0.59811,-149.18478,0.28022,0.04288,0.12639,0.35773,-0.38686,-61.02193,0.18153,0.04379,0.07636,0.14966
1766130.0,0.11451,142.52446,0.26365,0.0436,0.12517,0.01311,-0.1347,50.43131,0.17685,0.04201,0.0759,0.01814
1766135.0,-0.24526,-71.95387,0.26181,0.04071,0.12474,0.06015,-0.486,-70.26059,0.20777,0.03673,0.07788,0.2362
1766140.0,-0.18292,12.4667,0.25392,0.03847,0.12398,0.03346,-0.20352,56.49643,0.20734,0.03433,0.07767,0.04142
1766145.0,-0.05052,26.48042,0.23358,0.03758,0.12282,0.00255,-0.28575,-16.44515,0.21518,0.03112,0.07789,0.08165
1766150.0,-0.54576,-99.04778,0.2648,0.03175,0.12493,0.29785,-0.40489,-23.82747,0.23415,0.02676,0.07898,0.16393
1766155.0,0.087,126.5527,0.24702,0.0323,0.12371,0.00757,-0.1707,46.83707,0.22781,0.02479,0.07857,0.02914
1766160.0,-0.34646,-86.69179,0.25696,0.02852,0.12388,0.12003,-0.21503,-8.86565,0.22653,0.02239,0.07835,0.04624
1766165.0,0.03515,76.32032,0.23478,0.02858,0.12264,0.00124,0.1928,81.56468,0.22316,0.0241,0.07785,0.03717
1766170.0,0.06816,6.60213,0.21812,0.02898,0.12143,0.00465,-0.01878,-42.31508,0.20272,0.02367,0.07709,0.00035
1766175.0,-0.36365,-86.3615,0.23267,0.02505,0.12172,0.13224,-0.11215,-18.67366,0.19366,0.02231,0.0765,0.01258
1766180.0,0.02059,76.84845,0.21146,0.02501,0.12051,0.00042,-0.04004,14.42228,0.1783,0.02169,0.07577,0.0016
1766185.0,-0.7139,-146.89857,0.26171,0.01762,0.12465,0.50965,-0.34929,-61.85029,0.1954,0.01798,0.07636,0.122
1766190.0,0.01732,146.24371,0.23727,0.01761,0.12341,0.0003,0.26021,121.90044,0.20188,0.0204,0.07617,0.06771
1766195.0,-0.02369,-8.20201,0.21591,0.0172,0.12219,0.00056,0.01904,-48.23477,0.1836,0.02038,0.07541,0.00036
1766200.0,-0.52259,-99.77872,0.24658,0.0118,0.12382,0.2731,-0.1331,-30.42711,0.17855,0.01885,0.07489,0.01771
1766205.0,-0.04191,96.13485,0.22611,0.01127,0.12261,0.00176,-0.03623,19.37215,0.16431,0.0183,0.07417,0.00131
1766210.0,-0.6159,-114.79767,0.26509,0.005,0.12524,0.37933,-0.23705,-40.16249,0.17159,0.01575,0.07407,0.05619
1766215.0,0.33902,190.9839,0.27248,0.00834,0.12508,0.11493,0.49338,146.08633,0.20377,0.02052,0.07556,0.24343
1766220.0,0.10943,-45.91755,0.25618,0.00935,0.12393,0.01198,0.11675,-75.32651,0.19507,0.02148,0.0749,0.01363
1766225.0,-0.32719,-87.32401,0.26328,0.00598,0.1238,0.10705,-0.02444,-28.23924,0.178,0.02102,0.07417,0.0006
1766230.0,0.05658,76.75423,0.24261,0.00649,0.12259,0.0032,-0.02696,-0.5032,0.1629,0.02055,0.07345,0.00073
1766235.0,-0.45178,-101.67316,0.26353,0.0019,0.12342,0.20411,-0.1421,-23.02786,0.16082,0.01892,0.07297,0.02019
1766240.0,0.41045,172.44609,0.27822,0.00599,0.12382,0.16847,0.23019,74.45877,0.16776,0.02103,0.07268,0.05299
1766245.0,0.09542,-63.00618,0.25994,0.00688,0.12266,0.0091,-0.14101,-74.24078,0.16508,0.01941,0.07221,0.01988
1766250.0,-0.26309,-71.70159,0.26025,0.00418,0.12215,0.06922,-0.16679,-5.15633,0.16525,0.01755,0.07183,0.02782
1766255.0,0.03726,60.07051,0.23795,0.00452,0.12094,0.00139,-0.14307,4.74376,0.16304,0.01594,0.07137,0.02047
1766260.0,-0.4701,-101.47135,0.26117,-0.00023,0.12194,0.22099,-0.24554,-20.49309,0.17129,0.01333,0.07132,0.06029
1766265.0,0.24123,142.26453,0.25917,0.00218,0.12129,0.05819,-0.00345,48.41843,0.1545,0.01316,0.07061,1e-05
1766270.0,-0.13335,-74.91593,0.24659,0.00083,0.12026,0.01778,-0.40448,-80.20779,0.1795,0.00898,0.07161,0.16361
1766275.0,-0.38967,-51.26413,0.2609,-0.00308,0.12055,0.15185,-0.34575,11.74752,0.19612,0.00544,0.07213,0.11954
1766280.0,-0.15186,47.56256,0.25,-0.00456,0.11956,0.02306,-0.35653,-2.15641,0.21216,0.00182,0.07269,0.12711
1766285.0,-0.71676,-112.97923,0.29667,-0.01169,0.12334,0.51374,-0.52272,-33.23824,0.24322,-0.00343,0.07466,0.27324
1766290.0,0.02415,148.18109,0.26942,-0.01133,0.12212,0.00058,-0.24837,54.87104,0.24373,-0.00588,0.07451,0.06169
1766295.0,-0.40416,-85.66154,0.28289,-0.01526,0.12241,0.16334,-0.64422,-79.17181,0.28378,-0.01226,0.07775,0.41502
1766300.0,-0.24096,32.63895,0.2787,-0.01751,0.12168,0.05806,-0.28134,72.57732,0.28354,-0.01495,0.07769,0.07915
1766305.0,-0.17306,13.58178,0.26814,-0.01907,0.1207,0.02995,-0.40762,-25.25606,0.29595,-0.01888,0.07842,0.16615
1766310.0,-0.65769,-96.92645,0.30709,-0.02546,0.12349,0.43255,-0.51143,-20.76153,0.3175,-0.0238,0.08001,0.26156
1766315.0,0.07992,147.52072,0.28437,-0.0244,0.12237,0.00639,-0.20271,61.74374,0.30602,-0.02559,0.07953,0.04109
1766320.0,-0.27613,-71.20866,0.28355,-0.02692,0.12176,0.07625,-0.18461,3.61856,0.29388,-0.02718,0.07898,0.03408
1766325.0,-0.04723,45.77852,0.25992,-0.02712,0.12055,0.00223,0.12007,60.9374,0.2765,-0.02571,0.0784,0.01442
1766330.0,-0.23337,-37.2269,0.25726,-0.02918,0.11976,0.05446,-0.24806,-73.6267,0.27365,-0.02793,0.0781,0.06153
1766335.0,-0.71158,-95.64165,0.30269,-0.03601,0.12313,0.50634,-0.36853,-24.0945,0.28314,-0.03134,0.07846,0.13582
1766340.0,-0.12155,118.00481,0.28458,-0.03686,0.12197,0.01478,-0.18463,36.77977,0.27329,-0.03287,0.07791,0.03409
1766345.0,-0.61157,-98.00329,0.31728,-0.04261,0.12399,0.37402,-0.31158,-25.38949,0.27712,-0.03566,0.07789,0.09708
1766350.0,-0.03115,116.08314,0.28867,-0.0425,0.12275,0.00097,0.19741,101.79784,0.26915,-0.03333,0.07764,0.03897
1766355.0,-0.13954,-21.6776,0.27375,-0.04347,0.12161,0.01947,-0.09051,-57.5843,0.25128,-0.0339,0.0769,0.00819
1766360.0,-0.54928,-81.94742,0.30131,-0.04852,0.1229,0.30171,-0.17217,-16.33192,0.24337,-0.03528,0.07632,0.02964
1766365.0,-0.05247,99.36126,0.27642,-0.04856,0.12168,0.00275,-0.09733,14.96846,0.22877,-0.0359,0.07559,0.00947
1766370.0,-0.47148,-83.80202,0.29593,-0.05279,0.12221,0.2223,-0.17807,-16.14766,0.2237,-0.03733,0.07503,0.03171
1766375.0,0.64518,223.33255,0.33085,-0.04581,0.12576,0.41626,0.70722,177.05725,0.27205,-0.02988,0.07971,0.50016
1766380.0,0.46367,-36.30272,0.34414,-0.04072,0.12705,0.21499,0.36312,-68.81833,0.28116,-0.02595,0.08043,0.13186
1766385.0,-0.01265,-95.26232,0.31099,-0.04044,0.12579,0.00016,0.19819,-32.98714,0.27286,-0.02371,0.08012,0.03928
1766390.0,0.42643,87.81539,0.32253,-0.03577,0.12667,0.18184,0.23198,6.75854,0.26877,-0.02115,0.07996,0.05382
1766395.0,-0.04668,-94.62234,0.29495,-0.03588,0.1254,0.00218,0.11394,-23.60879,0.25329,-0.0198,0.07934,0.01298
1766400.0,0.7106,151.45648,0.33651,-0.02841,0.12961,0.50496,0.4128,59.77284,0.26924,-0.01548,0.08038,0.17041
1766405.0,0.44151,-53.81889,0.34701,-0.02371,0.13048,0.19493,0.07614,-67.33188,0.24993,-0.01456,0.07966,0.0058
1766410.0,0.0437,-79.56096,0.31668,-0.02304,0.12922,0.00191,0.03008,-9.2129,0.22795,-0.01411,0.07888,0.0009
1766415.0,0.23998,39.25598,0.30901,-0.02041,0.1286,0.05759,-0.05283,-16.58187,0.21043,-0.0145,0.07811,0.00279
1766420.0,-0.29412,-106.82099,0.30752,-0.02315,0.12805,0.08651,-0.16334,-22.10082,0.20572,-0.01599,0.07754,0.02668
1766425.0,0.33314,125.45219,0.31008,-0.01958,0.12801,0.11098,0.02101,36.86993,0.18725,-0.01562,0.07678,0.00044
1766430.0,-0.05392,-77.41261,0.28447,-0.01993,0.12675,0.00291,-0.38559,-81.32021,0.20709,-0.01932,0.07735,0.14868
1766435.0,-0.24131,-37.47786,0.28015,-0.02214,0.12596,0.05823,-0.26918,23.28041,0.2133,-0.02182,0.07719,0.07246
1766440.0,-0.01357,45.54848,0.25349,-0.02206,0.1247,0.00018,-0.28559,-3.28129,0.22053,-0.02445,0.0771,0.08156
1766445.0,-0.52115,-101.51591,0.28026,-0.02705,0.12589,0.2716,-0.40341,-23.56419,0.23881,-0.02824,0.07774,0.16274
1766450.0,0.21175,146.58093,0.27341,-0.02466,0.12519,0.04484,-0.13523,53.63658,0.22846,-0.02931,0.07707,0.01829
1766455.0,-0.24144,-90.63824,0.27021,-0.02683,0.1244,0.05829,-0.54704,-82.36275,0.26031,-0.03449,0.07893,0.29926
1766460.0,0.06638,61.56243,0.24983,-0.02589,0.12324,0.00441,-0.07478,94.4522,0.24176,-0.03489,0.07816,0.00559
1766465.0,0.10347,7.4189,0.23519,-0.0246,0.12218,0.01071,-0.22318,-29.6788,0.2399,-0.03678,0.07772,0.04981
1766470.0,-0.41771,-104.23521,0.25344,-0.02853,0.12247,0.17448,-0.34676,-24.71741,0.25059,-0.03988,0.07789,0.12024
1766475.0,0.06832,97.20614,0.23493,-0.02756,0.12134,0.00467,-0.21786,25.78104,0.24732,-0.04166,0.07742,0.04746
1766480.0,-0.60769,-135.20222,0.27221,-0.03336,0.12342,0.36928,-0.45399,-47.22706,0.26798,-0.04578,0.07831,0.20611
1766485.0,0.21709,164.95496,0.2667,-0.03086,0.1228,0.04713,0.21382,133.56163,0.26257,-0.04318,0.07819,0.04572
1766490.0,0.07992,-27.43313,0.24802,-0.02975,0.12169,0.00639,-0.14483,-71.72906,0.25079,-0.0442,0.07751,0.02098
1766495.0,-0.35995,-87.97364,0.25921,-0.03305,0.12154,0.12956,-0.2536,-21.75484,0.25107,-0.04629,0.07716,0.06432
1766500.0,0.12152,96.29351,0.24544,-0.03151,0.12056,0.01477,-0.13372,23.97634,0.23934,-0.04717,0.07647,0.01788
1766505.0,-0.48194,-120.69318,0.26909,-0.03601,0.12135,0.23227,-0.32253,-37.76212,0.24766,-0.04992,0.07644,0.10403
1766510.0,0.41098,178.58582,0.28328,-0.03154,0.12209,0.16891,0.38956,142.41788,0.26185,-0.04553,0.07757,0.15175
1766515.0,0.17319,-47.55865,0.27227,-0.0295,0.12128,0.03,0.02229,-73.45267,0.23789,-0.04485,0.07684,0.0005
1766520.0,-0.27775,-90.1877,0.27282,-0.03198,0.12067,0.07714,-0.07101,-18.66093,0.2212,-0.04511,0.07608,0.00504
1766525.0,0.11635,78.82014,0.25717,-0.03049,0.11968,0.01354,-0.02705,8.79164,0.20179,-0.04493,0.07532,0.00073
1766530.0,-0.24904,-73.07964,0.25636,-0.03268,0.11895,0.06202,-0.05852,-6.29249,0.18746,-0.04507,0.07457,0.00342
1766535.0,0.62053,173.91504,0.29278,-0.02615,0.12195,0.38506,0.28956,69.61559,0.19767,-0.04172,0.07492,0.08385
1766540.0,0.35912,-52.28161,0.29941,-0.0223,0.12218,0.12897,-0.03412,-64.73694,0.18132,-0.04164,0.07417,0.00116
1766545.0,0.12564,-46.69742,0.28203,-0.02082,0.12117,0.01578,0.01435,9.69432,0.16462,-0.04108,0.07346,0.00021
1766550.0,0.31628,38.12913,0.28546,-0.01745,0.12108,0.10003,-0.09797,-22.4631,0.15795,-0.04165,0.07276,0.0096
1766555.0,-0.23256,-109.76854,0.28017,-0.0196,0.12032,0.05408,-0.26891,-34.18962,0.16905,-0.04393,0.07254,0.07232
1766560.0,0.63614,173.74097,0.31577,-0.01304,0.12333,0.40468,0.06919,67.62084,0.15906,-0.04279,0.07194,0.00479
1766565.0,0.29143,-68.94328,0.31333,-0.00999,0.123,0.08493,-0.32144,-78.12688,0.1753,-0.04558,0.07198,0.10333
1766570.0,-0.0163,-61.54521,0.28363,-0.01006,0.12177,0.00027,-0.29777,4.73509,0.18755,-0.0481,0.07188,0.08867
1766575.0,0.18927,41.11353,0.27419,-0.00806,0.12095,0.03582,-0.34175,-8.79626,0.20297,-0.05104,0.07201,0.11679
1766580.0,-0.42799,-123.45076,0.28957,-0.01226,0.12147,0.18317,-0.47462,-26.57473,0.23014,-0.05528,0.07305,0.22527
1766585.0,0.30321,146.2382,0.29094,-0.00911,0.12123,0.09193,-0.19178,56.56834,0.2263,-0.05664,0.0725,0.03678
1766590.0,-0.08652,-77.94601,0.27049,-0.00988,0.12007,0.00749,-0.57637,-76.91776,0.26131,-0.06184,0.07442,0.3322
1766595.0,-0.19355,-21.40602,0.2628,-0.01172,0.1192,0.03746,-0.37559,40.15586,0.27274,-0.06498,0.07464,0.14107
1766600.0,0.03198,45.10645,0.23972,-0.01128,0.11803,0.00102,-0.37546,0.02725,0.28301,-0.06808,0.07484,0.14097
1766605.0,-0.56932,-120.26055,0.27268,-0.01686,0.1199,0.32413,-0.53702,-32.31213,0.30841,-0.07277,0.07625,0.28839
1766610.0,0.17943,149.75192,0.26335,-0.0149,0.11908,0.0322,-0.2787,51.66347,0.30544,-0.07483,0.0759,0.07767
1766615.0,-0.27744,-91.37467,0.26476,-0.01753,0.11856,0.07697,-0.67573,-79.40652,0.34247,-0.08084,0.07868,0.45661
1766620.0,-0.28284,-1.08116,0.26657,-0.02018,0.11807,0.08,-0.40459,54.22905,0.34868,-0.08408,0.07892,0.16369
1766625.0,-0.12659,31.25049,0.25257,-0.02124,0.117,0.01603,-0.49013,-17.10895,0.36282,-0.08814,0.07975,0.24023
1766630.0,-0.55022,-84.72469,0.28234,-0.02653,0.11857,0.30274,-0.55727,-13.42834,0.38227,-0.09283,0.08111,0.31055
1766635.0,0.11876,133.79584,0.26598,-0.02508,0.11759,0.0141,-0.35092,41.27107,0.37913,-0.09541,0.08095,0.12314
1766640.0,-0.3315,-90.05292,0.27253,-0.02814,0.11734,0.10989,-0.43238,-16.29254,0.38446,-0.09878,0.08125,0.18695
1766645.0,-0.16883,32.53458,0.26216,-0.02955,0.11636,0.0285,-0.17282,51.91286,0.36329,-0.09952,0.0805,0.02987
1766650.0,0.05702,45.17001,0.24165,-0.02868,0.11527,0.00325,-0.25875,-17.18735,0.35284,-0.10111,0.07994,0.06695
1766655.0,-0.4674,-104.8841,0.26422,-0.03307,0.116,0.21846,-0.40673,-29.59453,0.35823,-0.10417,0.08006,0.16543
1766660.0,0.27559,148.5979,0.26536,-0.02999,0.11577,0.07595,-0.12341,56.6633,0.33475,-0.10436,0.07926,0.01523
1766665.0,-0.19216,-93.54978,0.25804,-0.03161,0.11487,0.03692,-0.19435,-14.18801,0.32071,-0.10526,0.07855,0.03777
1766670.0,0.1985,78.13136,0.25209,-0.02931,0.11425,0.0394,0.17875,74.62003,0.30651,-0.10242,0.07855,0.03195
1766675.0,0.22351,5.00222,0.24923,-0.02678,0.11373,0.04996,0.0089,-33.97112,0.27675,-0.10131,0.07789,8e-05
1766680.0,-0.32032,-108.76587,0.25634,-0.02971,0.11344,0.1026,-0.13386,-28.55109,0.26246,-0.10163,0.07712,0.01792
1766685.0,0.16559,97.18192,0.24726,-0.02776,0.11268,0.02742,-0.05138,16.49512,0.24135,-0.10113,0.07637,0.00264
1766690.0,-0.21046,-75.21066,0.24358,-0.02959,0.11188,0.04429,-0.07277,-4.27778,0.2245,-0.10085,0.07562,0.0053
1766695.0,0.50692,143.47641,0.26992,-0.02422,0.11358,0.25697,0.55197,124.9492,0.25724,-0.09432,0.07904,0.30467
1766700.0,0.41719,-17.94581,0.28464,-0.01981,0.11435,0.17405,0.28348,-53.69909,0.25987,-0.09054,0.07964,0.08036
1766705.0,-0.14953,-113.34368,0.27113,-0.02111,0.11337,0.02236,0.07572,-41.5517,0.24145,-0.08888,0.07912,0.00573
1766710.0,0.31824,93.55299,0.27584,-0.01771,0.11337,0.10127,0.13483,11.82177,0.23079,-0.08664,0.07882,0.01818
1766715.0,-0.23843,-111.33327,0.2721,-0.01992,0.11271,0.05685,-0.02289,-31.54293,0.21,-0.086,0.07807,0.00052
1766720.0,0.80755,209.19633,0.32565,-0.01164,0.1183,0.65214,0.82721,170.01849,0.27172,-0.07687,0.08546,0.68427
1766725.0,0.60273,-40.96366,0.35335,-0.0055,0.12081,0.36329,0.46942,-71.55627,0.29149,-0.07141,0.08753,0.22036
1766730.0,0.17573,-85.4005,0.33559,-0.00369,0.11993,0.03088,0.35479,-22.92751,0.29782,-0.06715,0.08844,0.12587
1766735.0,0.52636,70.12556,0.35467,0.00161,0.12148,0.27705,0.35872,0.78747,0.30391,-0.06289,0.08933,0.12868
1766740.0,-0.05608,-116.48858,0.32481,0.00104,0.1203,0.00315,0.20873,-29.99933,0.29439,-0.06017,0.08916,0.04357
1766745.0,0.72647,156.51175,0.36498,0.00829,0.12425,0.52777,0.48212,54.6792,0.31317,-0.05475,0.09115,0.23244
1766750.0,0.36536,-72.22385,0.36501,0.01186,0.12426,0.13348,0.07819,-80.78585,0.28967,-0.05342,0.09041,0.00611
1766755.0,0.04293,-64.48518,0.33281,0.01217,0.12303,0.00184,0.09658,3.67649,0.27036,-0.05192,0.08973,0.00933
1766760.0,0.32579,56.57286,0.33211,0.01531,0.12276,0.10614,0.10407,1.49934,0.25373,-0.05036,0.08907,0.01083
1766765.0,-0.2376,-112.67858,0.32265,0.01278,0.12216,0.05645,-0.05399,-31.61256,0.23376,-0.05039,0.08818,0.00291
1766770.0,0.64696,176.9117,0.35509,0.01912,0.12488,0.41856,0.3058,71.95869,0.24096,-0.04683,0.08854,0.09352
1766775.0,0.29262,-70.8682,0.34884,0.02186,0.12437,0.08563,-0.0459,-70.34126,0.22146,-0.04682,0.08766,0.00211
1766780.0,0.13963,-30.59869,0.32792,0.02303,0.12326,0.0195,0.10143,29.46636,0.20945,-0.04534,0.087,0.01029
1766785.0,0.32984,38.043,0.32811,0.0261,0.12295,0.10879,0.05009,-10.26783,0.19352,-0.04439,0.08621,0.00251
1766790.0,-0.23649,-113.26609,0.31895,0.02347,0.12239,0.05593,-0.10284,-30.5857,0.18445,-0.04497,0.08539,0.01058
1766795.0,0.40357,128.013,0.32741,0.02728,0.12259,0.16287,0.12341,45.25026,0.17834,-0.04329,0.08481,0.01523
1766800.0,-0.08964,-98.64214,0.30363,0.02611,0.12149,0.00803,-0.29088,-82.85896,0.1896,-0.04576,0.08456,0.08461
1766805.0,-0.03826,10.27557,0.2771,0.02546,0.12032,0.00146,-0.03498,51.18081,0.17414,-0.04566,0.08372,0.00122
1766810.0,0.0076,9.17189,0.25015,0.02528,0.11912,6e-05,-0.22214,-37.43203,0.17894,-0.04742,0.08319,0.04935
1766815.0,-0.60707,-122.93436,0.28584,0.01896,0.12185,0.36853,-0.36883,-29.33923,0.19793,-0.05063,0.08337,0.13604
1766820.0,0.07508,136.4308,0.26476,0.01952,0.12066,0.00564,-0.11237,51.29195,0.18937,-0.05125,0.08257,0.01263
1766825.0,-0.46497,-108.01022,0.28478,0.01468,0.12175,0.21619,-0.24717,-26.95926,0.19515,-0.05321,0.08212,0.06109
1766830.0,-0.12551,67.89184,0.26886,0.01328,0.12073,0.01575,0.14544,78.52265,0.19018,-0.05122,0.08169,0.02115
1766835.0,-0.06896,11.31016,0.24887,0.01245,0.11959,0.00476,-0.02627,-34.34257,0.17379,-0.05097,0.08088,0.00069
1766840.0,-0.59351,-104.91102,0.28333,0.00639,0.12199,0.35226,-0.17051,-28.84809,0.17346,-0.05217,0.08021,0.02907
1766845.0,-0.07449,103.80392,0.26245,0.00558,0.12084,0.00555,-0.08594,16.91415,0.16471,-0.05251,0.07942,0.00739
1766850.0,-0.51608,-88.31715,0.28781,0.00037,0.12229,0.26634,-0.16528,-15.8673,0.16477,-0.05364,0.07875,0.02732
1766855.0,0.2424,151.69595,0.28327,0.00279,0.12165,0.05876,0.4766,128.37621,0.19595,-0.04833,0.08072,0.22715
1766860.0,0.17782,-12.91202,0.27272,0.00454,0.12073,0.03162,0.21015,-53.26958,0.19737,-0.04575,0.08056,0.04416
1766865.0,-0.29174,-93.91073,0.27463,0.00158,0.12038,0.08511,0.0632,-29.38976,0.18395,-0.04466,0.07987,0.00399
1766870.0,0.19612,97.57195,0.26677,0.00352,0.11955,0.03846,0.12207,11.77367,0.17776,-0.04299,0.07935,0.0149
1766875.0,-0.35822,-110.86736,0.27592,-0.0001,0.11964,0.12832,-0.03924,-32.26253,0.16391,-0.04295,0.07855,0.00154
1766880.0,0.4674,165.12265,0.29507,0.00458,0.12058,0.21846,0.64817,137.48282,0.21234,-0.03604,0.08245,0.42013
1766885.0,0.29558,-34.36413,0.29512,0.00749,0.12021,0.08737,0.26815,-76.00372,0.21792,-0.033,0.08253,0.07191
1766890.0,-0.27076,-113.26762,0.29268,0.00471,0.11976,0.07331,0.05498,-42.63463,0.20163,-0.03212,0.08178,0.00302
1766895.0,0.13303,80.75803,0.27672,0.00599,0.11873,0.0177,0.05528,0.05943,0.18699,-0.03125,0.08104,0.00306
1766900.0,-0.41606,-109.81794,0.29065,0.00177,0.11928,0.17311,-0.10015,-31.08512,0.17831,-0.03194,0.08028,0.01003
1766905.0,0.58297,199.80525,0.31988,0.00758,0.1214,0.33985,0.32749,85.52773,0.19322,-0.02834,0.08074,0.10725
1766910.0,0.14979,-86.6357,0.30287,0.009,0.12039,0.02244,-0.16013,-97.52489,0.18992,-0.02966,0.0801,0.02564
1766915.0,-0.2367,-77.29789,0.29626,0.00655,0.11977,0.05603,-0.17508,-2.98814,0.18843,-0.03111,0.07951,0.03065
1766920.0,0.0813,63.60098,0.27476,0.00729,0.11863,0.00661,-0.13846,7.32259,0.18343,-0.03219,0.07883,0.01917
1766925.0,-0.38082,-92.42432,0.28537,0.00341,0.11892,0.14502,-0.21423,-15.15287,0.18651,-0.03401,0.07836,0.04589
1766930.0,0.53368,182.89941,0.3102,0.00872,0.12049,0.28481,0.16841,76.52782,0.1847,-0.03198,0.07798,0.02836
1766935.0,0.35358,-36.0193,0.31454,0.01216,0.12045,0.12502,-0.09106,-51.89539,0.17534,-0.03257,0.07724,0.00829
1766940.0,-0.05631,-81.97823,0.28871,0.01148,0.11929,0.00317,-0.11313,-4.41279,0.16912,-0.03338,0.07653,0.0128
1766945.0,0.32533,76.32762,0.29237,0.01462,0.11906,0.10584,-0.05903,10.81929,0.15811,-0.03364,0.07577,0.00348
1766950.0,-0.33132,-131.32895,0.29627,0.01116,0.11905,0.10977,-0.26113,-40.42049,0.16841,-0.03591,0.07552,0.06819
1766955.0,0.49606,165.47592,0.31625,0.01601,0.12016,0.24608,0.06891,66.00954,0.15846,-0.03486,0.07487,0.00475
1766960.0,0.15267,-68.67879,0.29989,0.01737,0.11914,0.02331,-0.26269,-66.32071,0.16889,-0.03714,0.07463,0.06901
1766965.0,-0.15375,-61.28314,0.28528,0.01566,0.11824,0.02364,-0.20658,11.22174,0.17266,-0.03884,0.07416,0.04268
1766970.0,0.15569,61.88796,0.27232,0.01706,0.11725,0.02424,-0.20054,1.20867,0.17544,-0.04045,0.07368,0.04022
1766975.0,-0.40115,-111.36777,0.2852,0.01288,0.11779,0.16092,-0.29269,-18.43042,0.18717,-0.04298,0.07357,0.08567
1766980.0,0.43554,167.33804,0.30024,0.01711,0.11836,0.1897,0.07764,74.06659,0.17622,-0.04177,0.07297,0.00603
1766985.0,-0.0689,-100.88824,0.2771,0.01625,0.11725,0.00475,-0.40828,-97.18517,0.19942,-0.04543,0.07356,0.1667
1766990.0,-0.35195,-56.61106,0.28459,0.01257,0.11741,0.12387,-0.33527,14.60341,0.21301,-0.04833,0.07365,0.1124
1766995.0,-0.10347,49.69725,0.26647,0.01141,0.11636,0.01071,-0.33803,-0.55348,0.22551,-0.05123,0.07373,0.11427
1767000.0,-0.63303,-105.91313,0.30313,0.00496,0.11927,0.40073,-0.41424,-15.24212,0.24438,-0.05486,0.07429,0.1716
1767005.0,0.0645,139.50706,0.27927,0.00556,0.11811,0.00416,-0.1822,46.40829,0.23816,-0.05613,0.0737,0.0332
1767010.0,-0.39971,-92.84216,0.29131,0.0015,0.11854,0.15977,-0.25091,-13.74047,0.23944,-0.05808,0.07334,0.06295
1767015.0,-0.22814,34.31242,0.28499,-0.00079,0.11787,0.05205,0.03237,56.65604,0.21873,-0.05718,0.07269,0.00105
1767020.0,-0.32584,-19.53963,0.28908,-0.00404,0.11773,0.10617,-0.24651,-55.77609,0.22151,-0.05907,0.07231,0.06077
1767025.0,-0.8311,-101.05062,0.34328,-0.01231,0.12326,0.69072,-0.36724,-24.14755,0.23608,-0.06215,0.07252,0.13487
1767030.0,-0.10876,144.46712,0.31983,-0.01328,0.12212,0.01183,-0.13882,45.68488,0.22636,-0.06292,0.07185,0.01927
1767035.0,-0.55341,-88.93003,0.34319,-0.01868,0.12375,0.30626,-0.21148,-14.5321,0.22487,-0.0644,0.07135,0.04472
1767040.0,-0.19517,71.64828,0.32839,-0.02044,0.12282,0.03809,0.18796,79.8885,0.22118,-0.06188,0.07126,0.03533
1767045.0,-0.46244,-53.45467,0.34179,-0.02486,0.12351,0.21385,-0.26209,-90.01048,0.22527,-0.06388,0.07094,0.06869
1767050.0,-1.0,-107.51154,0.40761,-0.03462,0.13159,1.0,-0.59466,-66.51347,0.26221,-0.06919,0.07299,0.35362
1767055.0,-0.43264,113.47198,0.41011,-0.0386,0.13183,0.18718,-0.36409,46.11241,0.2724,-0.07214,0.07311,0.13256
1767060.0,-0.83314,-80.09967,0.45242,-0.04654,0.1367,0.69412,-0.47083,-21.34631,0.29224,-0.07613,0.07394,0.22168
1767065.0,-0.28217,110.19442,0.43539,-0.0489,0.13588,0.07962,0.10245,114.65503,0.27326,-0.07434,0.07351,0.0105
1767070.0,-0.27933,0.56756,0.41979,-0.0512,0.13504,0.07802,-0.15896,-52.28266,0.26183,-0.07519,0.07285,0.02527
1767075.0,-0.62588,-69.30966,0.44039,-0.05695,0.13692,0.39172,-0.22802,-13.8109,0.25845,-0.07671,0.07235,0.05199
1767080.0,-0.16543,92.09009,0.4129,-0.05803,0.13567,0.02737,-0.09539,26.52609,0.24214,-0.0769,0.07163,0.0091
1767085.0,-0.6638,-99.67498,0.43799,-0.06409,0.13791,0.44063,-0.29051,-39.02372,0.24698,-0.07904,0.07136,0.08439
1767090.0,0.22183,177.12663,0.41637,-0.06123,0.13733,0.04921,0.52823,163.74667,0.2751,-0.07296,0.07426,0.27902
1767095.0,0.03139,-38.0885,0.37787,-0.06031,0.13604,0.00099,0.13632,-78.38217,0.26123,-0.07087,0.07395,0.01858
1767100.0,-0.34863,-76.00303,0.37495,-0.06319,0.1355,0.12154,0.03494,-20.27492,0.2386,-0.06981,0.07332,0.00122
1767105.0,0.08364,86.4529,0.34582,-0.06172,0.13435,0.007,0.13899,20.80919,0.22864,-0.06773,0.07301,0.01932
1767110.0,-0.44239,-105.20522,0.35548,-0.06553,0.13443,0.19571,-0.08264,-44.32494,0.21404,-0.06787,0.07228,0.00683
1767115.0,0.35155,158.78804,0.35508,-0.06136,0.13479,0.12359,0.29793,76.11359,0.22243,-0.06422,0.07287,0.08876
1767120.0,0.21712,-26.88663,0.34129,-0.05857,0.1342,0.04714,0.02527,-54.53198,0.20271,-0.06332,0.07222,0.00064
1767125.0,-0.11364,-66.1527,0.31852,-0.05912,0.13289,0.01291,-0.00473,-6.00097,0.18291,-0.06274,0.07153,2e-05
1767130.0,0.22375,67.47809,0.30904,-0.05629,0.13235,0.05006,0.04353,9.65308,0.16897,-0.06167,0.07093,0.00189
1767135.0,-0.24873,-94.49597,0.30301,-0.05822,0.13138,0.06187,-0.07276,-23.25789,0.15935,-0.06178,0.07022,0.00529
1767140.0,0.52562,154.87057,0.32527,-0.05238,0.13341,0.27628,0.34315,83.18214,0.17773,-0.05773,0.07113,0.11775
1767145.0,0.37145,-30.83491,0.32989,-0.04814,0.13384,0.13797,0.06464,-55.70192,0.16642,-0.05651,0.07056,0.00418
1767150.0,0.0928,-55.72966,0.30618,-0.04673,0.13269,0.00861,0.09002,5.07517,0.15878,-0.05505,0.07007,0.0081
1767155.0,0.33719,48.87957,0.30928,-0.04289,0.13281,0.1137,0.10336,2.66824,0.15324,-0.05346,0.06961,0.01068
1767160.0,-0.1498,-97.39944,0.29334,-0.04396,0.1316,0.02244,-0.02023,-24.71754,0.13994,-0.05313,0.06893,0.00041
1767165.0,0.544,138.76053,0.3184,-0.03808,0.13367,0.29594,0.29436,62.91721,0.15538,-0.04965,0.06942,0.08665
1767170.0,0.24531,-59.73701,0.31109,-0.03525,0.13312,0.06018,-0.10042,-78.9556,0.14989,-0.05016,0.06875,0.01008
1767175.0,0.04926,-39.21119,0.28491,-0.0344,0.13186,0.00243,0.00283,20.64989,0.13518,-0.04963,0.06809,1e-05
1767180.0,0.15678,21.50368,0.2721,-0.03249,0.1309,0.02458,-0.05921,-12.40716,0.12758,-0.04973,0.06741,0.00351
1767185.0,-0.52454,-136.26331,0.29734,-0.03741,0.13196,0.27514,-0.3824,-64.63849,0.15306,-0.05305,0.06782,0.14623
1767190.0,0.14049,133.00563,0.28166,-0.03563,0.13095,0.01974,-0.08781,58.9183,0.14654,-0.0534,0.06716,0.00771
1767195.0,-0.18577,-65.25256,0.27207,-0.03713,0.12986,0.03451,-0.46576,-75.59075,0.17846,-0.05753,0.06815,0.21693
1767200.0,-0.12285,12.58482,0.25715,-0.03799,0.12864,0.01509,-0.14045,65.06298,0.17466,-0.05835,0.06754,0.01973
1767205.0,0.00417,25.40412,0.23185,-0.03757,0.12737,2e-05,-0.22196,-16.30368,0.17939,-0.05999,0.06712,0.04927
1767210.0,-0.4491,-90.65319,0.25357,-0.04169,0.12775,0.20169,-0.34565,-24.73763,0.19602,-0.06285,0.06725,0.11948
1767215.0,0.13902,117.62392,0.24212,-0.03988,0.1268,0.01933,-0.07758,53.61449,0.18417,-0.063,0.06658,0.00602
1767220.0,-0.11635,-51.07558,0.22954,-0.04064,0.12559,0.01354,0.00095,15.70646,0.16585,-0.06236,0.06596,0.0
1767225.0,-0.20216,-17.16163,0.2268,-0.04226,0.12459,0.04087,0.08381,16.57133,0.15765,-0.06089,0.06551,0.00702
1767230.0,-0.13658,13.11633,0.21778,-0.0432,0.12343,0.01865,-0.11842,-40.44493,0.15372,-0.06147,0.06488,0.01402
1767235.0,-0.57493,-87.67003,0.2535,-0.04852,0.12496,0.33054,-0.25325,-26.96735,0.16368,-0.06339,0.06459,0.06414
1767240.0,-0.04194,106.59888,0.23234,-0.04845,0.12371,0.00176,-0.0549,39.67045,0.1528,-0.0633,0.06395,0.00301
1767245.0,-0.4904,-89.69207,0.25815,-0.05287,0.12439,0.24049,-0.19647,-28.31344,0.15717,-0.06463,0.06348,0.0386
1767250.0,0.10553,119.18465,0.24288,-0.05129,0.12339,0.01114,0.45483,130.25899,0.18693,-0.05944,0.06549,0.20687
1767255.0,0.06782,-7.54155,0.22538,-0.0501,0.1223,0.0046,0.18749,-53.468,0.18699,-0.05697,0.06544,0.03515
1767260.0,-0.32175,-77.91312,0.23501,-0.05281,0.1218,0.10352,0.07969,-21.5598,0.17626,-0.0556,0.06496,0.00635
1767265.0,0.0432,72.98969,0.21583,-0.05185,0.12067,0.00187,0.12028,8.11898,0.17066,-0.05384,0.06462,0.01447
1767270.0,-0.48628,-105.89719,0.24288,-0.0562,0.12131,0.23647,-0.10214,-44.48439,0.16381,-0.05433,0.064,0.01043
1767275.0,0.39626,176.50951,0.25822,-0.05167,0.12211,0.15703,0.74686,169.80054,0.22211,-0.04632,0.06965,0.55781
1767280.0,0.32723,-13.80693,0.26512,-0.04788,0.12229,0.10708,0.44624,-60.12381,0.24453,-0.04139,0.07133,0.19913
1767285.0,-0.09141,-83.72829,0.24775,-0.04832,0.12109,0.00836,0.27253,-34.74201,0.24733,-0.03825,0.07158,0.07428
1767290.0,0.17778,53.83853,0.24075,-0.04606,0.12038,0.03161,0.2299,-8.52757,0.24558,-0.03557,0.07157,0.05285
1767295.0,-0.22511,-80.57783,0.23919,-0.04785,0.11949,0.05067,0.11539,-22.90198,0.23256,-0.03406,0.07108,0.01331
1767300.0,0.70204,185.39172,0.28547,-0.04035,0.12381,0.49285,0.63844,104.59032,0.27315,-0.02733,0.0748,0.40761
1767305.0,0.45586,-49.23521,0.30251,-0.03539,0.12498,0.20781,0.22527,-82.63432,0.26836,-0.02481,0.07468,0.05075
1767310.0,0.09281,-72.61089,0.28154,-0.03411,0.12389,0.00861,0.17121,-10.81154,0.25865,-0.02285,0.07431,0.02931
1767315.0,0.12674,6.78797,0.26606,-0.0325,0.12291,0.01606,-0.0087,-35.9832,0.23365,-0.02271,0.07356,8e-05
1767320.0,-0.34432,-94.21276,0.27389,-0.03562,0.12263,0.11856,-0.12336,-22.93202,0.22263,-0.02371,0.07293,0.01522
1767325.0,0.38208,145.27957,0.28471,-0.03144,0.12312,0.14598,0.20614,65.89965,0.22098,-0.02141,0.07272,0.04249
1767330.0,-0.04552,-85.52025,0.26079,-0.03158,0.12189,0.00207,-0.30851,-102.92994,0.22973,-0.02429,0.0728,0.09518
1767335.0,-0.14001,-18.89819,0.24871,-0.03266,0.12078,0.0196,-0.12099,37.50414,0.21886,-0.02525,0.07216,0.01464
1767340.0,0.06283,40.5681,0.23012,-0.03171,0.11966,0.00395,-0.14674,-5.14993,0.21165,-0.02647,0.07158,0.02153
1767345.0,-0.40235,-93.0363,0.24734,-0.03542,0.11981,0.16189,-0.24621,-19.89343,0.2151,-0.02867,0.07134,0.06062
1767350.0,0.40403,161.27736,0.26301,-0.03102,0.12051,0.16324,0.15934,81.11045,0.20953,-0.02679,0.07097,0.02539
1767355.0,0.18877,-43.05339,0.25559,-0.02882,0.11978,0.03563,-0.13022,-57.9128,0.2016,-0.02782,0.07037,0.01696
1767360.0,0.06848,-24.05683,0.23688,-0.02785,0.11867,0.00469,0.03882,33.8086,0.18532,-0.02715,0.06971,0.00151
1767365.0,0.03306,-7.08379,0.2165,-0.02724,0.11752,0.00109,-0.18824,-45.41258,0.18561,-0.02876,0.06927,0.03543
1767370.0,-0.43033,-92.6778,0.23788,-0.03127,0.11794,0.18518,-0.31974,-26.29973,0.19902,-0.03167,0.0694,0.10223
1767375.0,0.16475,119.01495,0.23057,-0.02931,0.11714,0.02714,-0.05256,53.43597,0.18438,-0.03188,0.06871,0.00276
1767380.0,-0.31313,-95.57568,0.23882,-0.03215,0.11675,0.09805,-0.12525,-14.53861,0.17846,-0.03282,0.06811,0.01569
1767385.0,-0.01836,58.9546,0.21678,-0.03201,0.11559,0.00034,0.27854,80.75935,0.18847,-0.0297,0.06838,0.07759
1767390.0,-0.11596,-19.52086,0.20669,-0.03285,0.1145,0.01345,-0.07294,-70.29578,0.17692,-0.03014,0.06772,0.00532
1767395.0,-0.63575,-103.95829,0.2496,-0.03888,0.11692,0.40418,-0.27862,-41.13749,0.18709,-0.03262,0.06764,0.07763
1767400.0,-0.08826,109.49802,0.23347,-0.03937,0.11577,0.00779,-0.07668,40.38767,0.17605,-0.03306,0.06699,0.00588
1767405.0,-0.53865,-90.07818,0.26399,-0.04437,0.11706,0.29015,-0.22017,-28.69765,0.18046,-0.03493,0.06666,0.04848
1767410.0,-0.21735,64.26125,0.25932,-0.0461,0.11618,0.04724,0.15851,75.73645,0.17827,-0.033,0.06636,0.02513
1767415.0,-0.14743,13.98352,0.24813,-0.04711,0.11512,0.02174,-0.05684,-43.07024,0.16612,-0.03324,0.0657,0.00323
1767420.0,-0.59119,-88.75136,0.28244,-0.05255,0.11687,0.3495,-0.2026,-29.15128,0.16977,-0.03493,0.06533,0.04105
1767425.0,-0.04575,109.08656,0.25877,-0.05248,0.1157,0.00209,-0.04491,31.53836,0.15728,-0.03503,0.06467,0.00202
1767430.0,-0.42798,-76.44448,0.27569,-0.05624,0.11593,0.18316,-0.13006,-17.03092,0.15456,-0.03598,0.06412,0.01692
1767435.0,0.31799,149.19266,0.27992,-0.0525,0.11614,0.10112,0.61097,148.20714,0.2002,-0.02951,0.06758,0.37329
1767440.0,0.1134,-40.91691,0.26327,-0.05084,0.11525,0.01286,0.19713,-82.76863,0.1999,-0.02724,0.0674,0.03886
1767445.0,-0.28668,-80.01685,0.26561,-0.0532,0.11464,0.08219,0.08488,-22.45008,0.18839,-0.02612,0.06685,0.0072
1767450.0,0.15469,88.27465,0.25452,-0.05112,0.11392,0.02393,0.14907,12.83794,0.18446,-0.02437,0.06649,0.02222
1767455.0,-0.39528,-109.9948,0.26859,-0.05456,0.11394,0.15625,-0.08219,-46.25233,0.17424,-0.02495,0.06585,0.00676
1767460.0,0.42159,163.3744,0.28389,-0.0498,0.11502,0.17774,0.2731,71.05916,0.18412,-0.02197,0.06607,0.07459
1767465.0,0.20532,-43.25334,0.27604,-0.04725,0.11451,0.04216,-0.06859,-68.33997,0.17257,-0.02243,0.06543,0.00471
1767470.0,-0.13313,-67.68999,0.26175,-0.0481,0.11344,0.01772,-0.09053,-4.38747,0.16437,-0.02312,0.06482,0.0082
1767475.0,0.14691,56.00658,0.25026,-0.04615,0.11268,0.02158,-0.05745,6.61571,0.15367,-0.02346,0.06418,0.0033
1767480.0,-0.62208,-153.79716,0.28744,-0.05191,0.1148,0.38698,-0.41611,-71.73055,0.17992,-0.02739,0.06505,0.17314
1767485.0,0.22133,168.68199,0.28083,-0.04918,0.11438,0.04899,0.01369,85.96014,0.1633,-0.02697,0.06442,0.00019
1767490.0,-0.04627,-53.52075,0.25738,-0.04915,0.11324,0.00214,-0.36218,-75.17552,0.18318,-0.03033,0.06487,0.13118
1767495.0,-0.21204,-33.15245,0.25284,-0.05078,0.11237,0.04496,-0.227,27.03683,0.18757,-0.03229,0.0646,0.05153
1767500.0,0.00484,43.37467,0.22804,-0.05022,0.11127,2e-05,-0.24024,-2.64726,0.19283,-0.03437,0.06438,0.05771
1767505.0,-0.4582,-92.60672,0.25106,-0.0543,0.11179,0.20994,-0.36678,-25.30906,0.21023,-0.0377,0.06482,0.13453
1767510.0,0.2239,136.41992,0.24834,-0.05152,0.11143,0.05013,-0.06478,60.40028,0.19568,-0.03797,0.06418,0.0042
1767515.0,-0.26314,-97.40865,0.24982,-0.05364,0.11076,0.06924,-0.58164,-103.37117,0.23428,-0.0434,0.06644,0.3383
1767520.0,-0.33204,-13.77919,0.25804,-0.05642,0.11041,0.11025,-0.35855,44.61693,0.24671,-0.04656,0.06674,0.12856
1767525.0,-0.247,17.00783,0.25694,-0.05833,0.10966,0.06101,-0.48076,-24.44242,0.27011,-0.0509,0.06792,0.23113
1767530.0,-0.7559,-101.77985,0.30683,-0.0653,0.11333,0.57138,-0.64215,-32.27667,0.30731,-0.05681,0.07067,0.41235
1767535.0,-0.11168,128.84319,0.28732,-0.06577,0.11222,0.01247,-0.33269,61.89194,0.30985,-0.05957,0.07071,0.11068
1767540.0,-0.41535,-60.73358,0.30012,-0.06926,0.1123,0.17251,-0.28468,9.6008,0.30733,-0.06182,0.0705,0.08104
1767545.0,-0.17317,48.43573,0.28743,-0.0703,0.11128,0.02999,0.08419,73.77501,0.28502,-0.06036,0.07,0.00709
1767550.0,-0.03028,28.5785,0.26171,-0.0699,0.11018,0.00092,-0.05957,-28.75154,0.26248,-0.06035,0.0693,0.00355
1767555.0,-0.41594,-77.13268,0.27713,-0.07336,0.11026,0.17301,-0.14081,-16.24992,0.25031,-0.06116,0.06867,0.01983
1767560.0,0.12059,107.3054,0.26148,-0.07142,0.10952,0.01454,0.05295,38.75352,0.23057,-0.06002,0.06812,0.0028
1767565.0,-0.28155,-80.42672,0.26349,-0.07352,0.10886,0.07927,-0.04051,-18.6921,0.21157,-0.05982,0.06744,0.00164
1767570.0,0.24104,104.51827,0.26124,-0.07038,0.10874,0.0581,0.55349,118.79923,0.24576,-0.05369,0.07045,0.30635
1767575.0,0.19275,-9.65936,0.25439,-0.06775,0.10833,0.03715,0.27006,-56.685,0.24819,-0.05045,0.07077,0.07293
1767580.0,-0.21795,-82.14026,0.25075,-0.06925,0.10747,0.0475,0.15211,-23.58983,0.23858,-0.04842,0.07047,0.02314
1767585.0,0.22473,88.53766,0.24815,-0.06631,0.10724,0.05051,0.25078,19.73382,0.2398,-0.04543,0.07064,0.06289
1767590.0,-0.55765,-156.47667,0.2791,-0.07122,0.10854,0.31097,-0.17954,-86.0641,0.23378,-0.04677,0.07011,0.03223
1767595.0,0.29066,169.66252,0.28025,-0.0676,0.10873,0.08449,0.64383,164.67415,0.27478,-0.03987,0.07408,0.41452
1767600.0,0.16336,-25.46121,0.26856,-0.06529,0.10817,0.02669,0.28605,-71.55733,0.27591,-0.03661,0.07438,0.08182
1767605.0,-0.24503,-81.67801,0.26621,-0.06709,0.1074,0.06004,0.1275,-31.71014,0.26107,-0.03497,0.0739,0.01626
1767610.0,0.05435,59.8757,0.24502,-0.06588,0.10647,0.00295,0.06465,-12.57015,0.24142,-0.03397,0.07326,0.00418
1767615.0,-0.56365,-123.5994,0.27689,-0.07086,0.10784,0.3177,-0.22152,-57.23316,0.23943,-0.03585,0.07287,0.04907
1767620.0,0.28758,170.24678,0.27796,-0.06727,0.10802,0.0827,0.23205,90.71459,0.2387,-0.03317,0.07285,0.05385
1767625.0,0.16067,-25.38189,0.26623,-0.06499,0.10745,0.02582,-0.04469,-55.34763,0.2193,-0.03328,0.07212,0.002
1767630.0,-0.17424,-66.98297,0.25703,-0.06608,0.10649,0.03036,-0.06718,-4.49815,0.20408,-0.03362,0.07141,0.00451
1767635.0,0.11837,58.52231,0.24316,-0.06424,0.10576,0.01401,-0.03378,6.67866,0.18705,-0.03362,0.0707,0.00114
1767640.0,-0.21221,-66.11679,0.24007,-0.06572,0.10492,0.04503,-0.01976,2.80455,0.17032,-0.03348,0.06999,0.00039
1767645.0,0.38076,118.59496,0.25414,-0.06125,0.10582,0.14498,0.18585,41.12205,0.17188,-0.03129,0.06976,0.03454
1767650.0,0.09521,-57.10949,0.23825,-0.05969,0.105,0.00907,-0.21287,-79.74362,0.17598,-0.03311,0.06939,0.04531
1767655.0,-0.15955,-50.95375,0.23038,-0.06069,0.10405,0.02546,-0.15382,11.81034,0.17376,-0.03431,0.06884,0.02366
1767660.0,0.05785,43.48021,0.21312,-0.0595,0.10315,0.00335,-0.17395,-4.02713,0.17378,-0.03571,0.06834,0.03026
1767665.0,-0.48947,-109.46421,0.24076,-0.0638,0.10393,0.23959,-0.33412,-32.033,0.18981,-0.03869,0.06853,0.11163
1767670.0,0.28345,154.58401,0.24503,-0.06033,0.10407,0.08034,0.03341,73.5061,0.17417,-0.03797,0.0679,0.00112
1767675.0,-0.2887,-114.42928,0.24939,-0.06261,0.10354,0.08335,-0.56444,-119.56983,0.2132,-0.04324,0.06993,0.31859
1767680.0,-0.42758,-27.77625,0.26721,-0.06626,0.10381,0.18283,-0.40257,32.37294,0.23214,-0.04683,0.0705,0.16206
1767685.0,-0.17972,49.57232,0.25846,-0.0674,0.1029,0.0323,-0.39435,1.6432,0.24836,-0.05031,0.07098,0.15552
1767690.0,-0.6272,-89.49629,0.29534,-0.073,0.10494,0.39338,-0.50376,-21.88117,0.2739,-0.05484,0.07228,0.25377
1767695.0,0.08937,143.31516,0.27474,-0.07137,0.10415,0.00799,-0.14078,72.59617,0.26059,-0.0557,0.07163,0.01982
1767700.0,-0.31287,-80.44907,0.27855,-0.07379,0.10368,0.09789,-0.59222,-90.28772,0.29375,-0.06107,0.07374,0.35072
1767705.0,-0.44809,-27.04453,0.29551,-0.07753,0.10402,0.20079,-0.42505,33.43421,0.30688,-0.06471,0.0743,0.18067
1767710.0,-0.41937,5.74446,0.30789,-0.08095,0.10412,0.17587,-0.64097,-43.18393,0.34029,-0.07047,0.07681,0.41084
1767715.0,-0.84029,-84.18268,0.36113,-0.08854,0.10873,0.70608,-0.68377,-8.56125,0.37464,-0.0766,0.07973,0.46755
1767720.0,-0.3206,103.93797,0.35708,-0.09086,0.10817,0.10278,-0.48884,38.98656,0.38606,-0.08072,0.0806,0.23897
1767725.0,-0.67697,-71.27563,0.38907,-0.09672,0.11046,0.45829,-0.90083,-82.39697,0.43753,-0.08892,0.08638,0.81149
1767730.0,-0.54659,26.07752,0.40482,-0.10122,0.11134,0.29876,-0.54368,71.42946,0.44815,-0.09347,0.08755,0.29559
1767735.0,-0.35514,38.26612,0.39985,-0.10376,0.11086,0.12613,-0.5787,-7.00086,0.4612,-0.09832,0.08898,0.3349
1767740.0,-0.9308,-115.13218,0.45295,-0.11203,0.11645,0.86639,-0.79084,-42.42812,0.49417,-0.10525,0.09279,0.62543
1767745.0,-0.17325,151.51115,0.42498,-0.11264,0.11532,0.03001,-0.38935,80.29869,0.48369,-0.10809,0.09265,0.15159
1767750.0,-0.54391,-74.1337,0.43687,-0.11696,0.11599,0.29584,-0.39167,-0.46393,0.47448,-0.11093,0.09251,0.15341
1767755.0,-0.35049,38.68495,0.42823,-0.11929,0.11537,0.12284,-0.06066,66.20175,0.4331,-0.11042,0.09161,0.00368
1767760.0,-0.40212,-10.32525,0.42562,-0.12212,0.115,0.1617,-0.33776,-55.4198,0.42357,-0.1127,0.0912,0.11408
1767765.0,-0.89695,-98.9669,0.47275,-0.12987,0.11973,0.80452,-0.51087,-34.62092,0.4323,-0.11668,0.09185,0.26098
1767770.0,-0.28885,121.6192,0.45436,-0.13146,0.11878,0.08344,-0.26515,49.14212,0.41558,-0.11816,0.09114,0.07031
1767775.0,-0.42065,-26.35956,0.45099,-0.13435,0.11841,0.17695,-0.08759,35.51205,0.38278,-0.11786,0.09024,0.00767
1767780.0,-0.01299,81.53329,0.40719,-0.13314,0.11737,0.00017,0.44254,106.02776,0.38876,-0.11225,0.09242,0.19585
1767785.0,0.05057,12.712,0.37153,-0.1313,0.11653,0.00256,0.20077,-48.3549,0.36996,-0.10912,0.09245,0.04031
1767790.0,-0.34308,-78.73068,0.36869,-0.13342,0.11581,0.1177,0.09703,-20.74882,0.34267,-0.10706,0.09195,0.00941
1767795.0,0.20719,110.05321,0.35254,-0.13001,0.11578,0.04293,0.27684,35.96354,0.33609,-0.10322,0.09247,0.07664
1767800.0,-0.20372,-82.18124,0.33765,-0.13075,0.11468,0.0415,0.20262,-14.84519,0.32274,-0.10016,0.09246,0.04105
1767805.0,0.55741,152.22679,0.35963,-0.12387,0.11817,0.31071,0.98388,156.25314,0.38885,-0.08932,0.10306,0.96803
1767810.0,0.48374,-14.73435,0.37204,-0.11779,0.12061,0.23401,0.61691,-73.39488,0.41166,-0.08226,0.10691,0.38058
1767815.0,0.04139,-88.4697,0.33898,-0.1162,0.11965,0.00171,0.4656,-30.26171,0.41705,-0.07678,0.10879,0.21678
1767820.0,0.39957,71.63596,0.34504,-0.11104,0.12106,0.15966,0.47483,1.8458,0.42283,-0.07127,0.11068,0.22546
1767825.0,0.11616,-56.68374,0.32215,-0.10877,0.12036,0.01349,0.4665,-1.66645,0.4272,-0.06589,0.11241,0.21762
1767830.0,0.76746,130.26155,0.36668,-0.10001,0.12668,0.589,1.0,106.70054,0.48448,-0.05523,0.12242,1.0
1767835.0,0.66915,-19.66336,0.39693,-0.09232,0.13121,0.44776,0.69589,-60.82286,0.50562,-0.04772,0.12672,0.48426
1767840.0,0.12827,-108.17476,0.37006,-0.09011,0.13038,0.01645,0.48833,-41.51074,0.50389,-0.04236,0.12827,0.23847
1767845.0,0.77769,129.88416,0.41082,-0.08143,0.13645,0.60481,0.6743,37.19336,0.52093,-0.03519,0.13202,0.45468
1767850.0,0.22366,-110.80682,0.39211,-0.07838,0.136,0.05002,0.4678,-41.30046,0.51562,-0.03016,0.13318,0.21883
1767855.0,1.0,155.26813,0.4529,-0.0676,0.14604,1.0,1.0,106.44069,0.56406,-0.01986,0.14225,1.0
1767860.0,0.79925,-40.15042,0.48753,-0.05893,0.15194,0.6388,0.69547,-60.90597,0.5772,-0.01271,0.14585,0.48368
1767865.0,0.39561,-80.727,0.47834,-0.05438,0.15245,0.15651,0.59878,-19.33754,0.57936,-0.00659,0.14805,0.35854
1767870.0,0.78171,77.21938,0.50868,-0.04602,0.15778,0.61107,0.59371,-1.01471,0.58079,-0.00059,0.1501,0.35249
1767875.0,0.22912,-110.51889,0.48072,-0.04327,0.15694,0.05249,0.43749,-31.24471,0.56646,0.00379,0.15048,0.19139
1767880.0,1.0,154.17693,0.53265,-0.03284,0.16604,1.0,1.0,112.50294,0.60981,0.01375,0.15871,1.0
1767885.0,0.80856,-38.28798,0.56024,-0.02442,0.17132,0.65377,0.69171,-61.65835,0.618,0.02053,0.16162,0.47846
1767890.0,0.57233,-47.24512,0.56145,-0.01846,0.17309,0.32757,0.68117,-2.10764,0.62432,0.02714,0.16428,0.46399
1767895.0,0.8791,61.35234,0.59321,-0.00948,0.17926,0.77281,0.65626,-4.9816,0.62751,0.03343,0.16652,0.43068
1767900.0,0.37449,-100.92173,0.57134,-0.00564,0.17891,0.14024,0.5015,-30.95241,0.61491,0.03811,0.167,0.2515
1767905.0,1.0,125.10249,0.61421,0.00442,0.18703,1.0,1.0,99.7,0.65342,0.04773,0.1744,1.0
1767910.0,0.81184,-37.63156,0.63397,0.01249,0.19155,0.65909,0.67005,-65.99011,0.65508,0.05395,0.17645,0.44897
1767915.0,0.40533,-81.30247,0.61111,0.01642,0.19115,0.16429,0.5313,-27.75017,0.64271,0.05873,0.17692,0.28228
1767920.0,0.6375,46.43415,0.61375,0.02263,0.19302,0.40641,0.50088,-6.08299,0.62852,0.06315,0.17707,0.25088
1767925.0,0.18901,-89.69801,0.57127,0.02429,0.19136,0.03572,0.36255,-27.66593,0.60193,0.06614,0.17618,0.13145
1767930.0,0.80154,122.50622,0.5943,0.03207,0.19537,0.64247,0.79889,87.26703,0.62162,0.07347,0.17968,0.63822
1767935.0,0.51268,-57.77302,0.58614,0.03687,0.19568,0.26284,0.42875,-74.02869,0.60234,0.07702,0.17912,0.18382
1767940.0,0.13529,-75.47669,0.54105,0.03786,0.19382,0.0183,0.3134,-23.07001,0.57344,0.07939,0.17787,0.09822
1767945.0,0.45485,63.91156,0.53243,0.04203,0.19358,0.20689,0.32118,1.55615,0.54821,0.0818,0.17667,0.10315
1767950.0,-0.03655,-98.28003,0.48284,0.04124,0.19171,0.00134,0.13319,-37.59703,0.50671,0.08232,0.17493,0.01774
1767955.0,0.83906,175.1225,0.51847,0.04922,0.19603,0.70403,0.78585,130.53146,0.53463,0.08935,0.17803,0.61756
1767960.0,0.66321,-35.17012,0.53294,0.05536,0.19776,0.43985,0.49812,-57.54539,0.53098,0.09344,0.17789,0.24813
1767965.0,0.20684,-91.2738,0.50033,0.05687,0.19601,0.04278,0.30619,-38.38631,0.5085,0.09557,0.17655,0.09375
1767970.0,0.45753,50.13731,0.49605,0.06088,0.19562,0.20933,0.27092,-7.05342,0.48474,0.09732,0.17509,0.0734
1767975.0,0.14212,-63.08207,0.46066,0.06169,0.19373,0.0202,0.23672,-6.841,0.45994,0.09872,0.17353,0.05604
1767980.0,0.75873,123.32113,0.49046,0.06866,0.19656,0.57566,0.46006,44.66917,0.45995,0.10233,0.17307,0.21166
1767985.0,0.52925,-45.89495,0.49434,0.07327,0.19667,0.28011,0.18847,-54.31867,0.4328,0.10319,0.17141,0.03552
1767990.0,0.14429,-76.99165,0.45934,0.07398,0.19475,0.02082,0.09533,-18.62738,0.39906,0.10311,0.1697,0.00909
1767995.0,0.40041,51.22445,0.45345,0.07724,0.19385,0.16033,0.13175,7.28347,0.37232,0.1034,0.16801,0.01736
1768000.0,-0.09141,-98.36509,0.41724,0.07556,0.19219,0.00836,-0.01451,-29.25293,0.33654,0.10222,0.16647,0.00021
1768005.0,0.67042,152.36636,0.44256,0.0815,0.19374,0.44946,0.31993,66.88829,0.33488,0.1044,0.16527,0.10235
1768010.0,0.44851,-44.38291,0.44315,0.08517,0.19312,0.20116,0.06226,-51.5328,0.30762,0.10398,0.16363,0.00388
1768015.0,0.19008,-51.68559,0.41785,0.08622,0.1913,0.03613,0.09129,5.80536,0.28599,0.10385,0.162,0.00833
1768020.0,0.38018,38.02032,0.41408,0.08916,0.19023,0.14454,0.08557,-1.14427,0.26595,0.10367,0.16038,0.00732
1768025.0,-0.05203,-86.44264,0.37788,0.08775,0.18852,0.00271,-0.01444,-20.00084,0.24079,0.10248,0.15891,0.00021
1768030.0,0.52525,115.45741,0.39261,0.09213,0.18851,0.27589,0.19386,41.6586,0.2361,0.1034,0.15741,0.03758
1768035.0,0.31723,-41.60497,0.38508,0.09438,0.18713,0.10063,-0.0511,-48.99158,0.2176,0.10185,0.15607,0.00261
1768040.0,0.19162,-25.12123,0.36573,0.09535,0.18535,0.03672,0.07438,25.09661,0.20328,0.10158,0.15451,0.00553
1768045.0,0.38072,37.8189,0.36723,0.0982,0.18429,0.14495,0.07022,-0.83336,0.18997,0.10127,0.15298,0.00493
1768050.0,-0.0539,-86.92314,0.3359,0.09668,0.18268,0.00291,-0.05379,-24.80128,0.17635,0.09971,0.15168,0.00289
1768055.0,0.58398,127.57576,0.3607,0.10156,0.18318,0.34103,0.2013,51.01886,0.17885,0.10073,0.15027,0.04052
1768060.0,0.30743,-55.31018,0.35538,0.10361,0.18176,0.09451,-0.06234,-52.72834,0.1672,0.0991,0.14902,0.00389
1768065.0,0.06049,-49.38866,0.32589,0.10318,0.17996,0.00366,-0.04535,3.39847,0.15501,0.09766,0.14774,0.00206
1768070.0,0.26306,40.51559,0.31961,0.10478,0.17841,0.0692,-0.06184,-3.29817,0.1457,0.09606,0.14651,0.00382
1768075.0,-0.10048,-72.70966,0.29769,0.10273,0.17704,0.0101,-0.10421,-8.47484,0.14155,0.09406,0.14544,0.01086
1768080.0,0.3615,92.39695,0.30407,0.10532,0.17593,0.13068,0.05524,31.88993,0.13292,0.09367,0.144,0.00305
1768085.0,0.10767,-50.76551,0.28443,0.10534,0.17417,0.01159,-0.19293,-49.63464,0.13892,0.0908,0.14336,0.03722
1768090.0,-0.30041,-81.6174,0.28603,0.10128,0.17404,0.09025,-0.28857,-19.12803,0.15388,0.08701,0.14334,0.08327
1768095.0,0.00209,60.50121,0.25764,0.10029,0.17239,0.0,-0.21043,15.62918,0.15954,0.08404,0.14277,0.04428
1768100.0,-0.39463,-79.34467,0.27134,0.09534,0.17307,0.15573,-0.27849,-13.61199,0.17143,0.08041,0.14264,0.07756
1768105.0,-0.02061,74.80416,0.24626,0.09418,0.17147,0.00042,-0.20906,13.88527,0.1752,0.07752,0.14203,0.04371
1768110.0,-0.23289,-42.45578,0.24493,0.09091,0.17081,0.05424,-0.45329,-48.8461,0.20301,0.07221,0.14337,0.20547
1768115.0,-0.30063,-13.54845,0.2505,0.087,0.1706,0.09038,-0.30702,29.25529,0.21341,0.06842,0.14335,0.09426
1768120.0,-0.11791,36.54473,0.23724,0.08495,0.16931,0.0139,-0.28499,4.40577,0.22056,0.06488,0.14314,0.08122
1768125.0,-0.56227,-88.87337,0.26974,0.07847,0.17172,0.31615,-0.38619,-20.24088,0.23713,0.06037,0.1437,0.14914
1768130.0,0.01433,115.32181,0.2442,0.07783,0.17004,0.00021,-0.17564,42.11063,0.23098,0.05801,0.14281,0.03085
1768135.0,-0.32269,-67.40417,0.25205,0.07383,0.16991,0.10413,-0.48234,-61.34093,0.25611,0.05261,0.14424,0.23265
1768140.0,-0.37962,-11.38737,0.26481,0.06929,0.17023,0.14411,-0.33103,30.26245,0.26361,0.04877,0.14424,0.10958
1768145.0,-0.24745,26.43526,0.26307,0.06613,0.16951,0.06123,-0.3728,-8.35391,0.27453,0.04455,0.14454,0.13898
1768150.0,-0.6774,-85.99027,0.3045,0.05869,0.17323,0.45887,-0.48848,-23.13515,0.29592,0.03922,0.14588,0.23861
1768155.0,-0.14632,106.21653,0.28868,0.05664,0.17191,0.02141,-0.28178,41.339,0.29451,0.03601,0.14543,0.0794
1768160.0,-0.46496,-63.72927,0.30631,0.05142,0.17286,0.21619,-0.27044,2.26877,0.2921,0.03295,0.1449,0.07314
1768165.0,-0.50477,-7.95773,0.32616,0.04586,0.17416,0.25479,-0.19105,15.87016,0.282,0.03071,0.14394,0.0365
1768170.0,-0.29571,41.81048,0.32311,0.04245,0.17357,0.08745,-0.22935,-7.6587,0.27673,0.02811,0.14317,0.0526
1768175.0,-0.65843,-72.54267,0.35665,0.03544,0.17664,0.43353,-0.31676,-17.48328,0.28073,0.02466,0.1429,0.10034
1768180.0,-0.12619,106.4481,0.3336,0.03382,0.17513,0.01592,-0.12704,37.94544,0.26536,0.02314,0.1417,0.01614
1768185.0,-0.50692,-76.14564,0.35093,0.02841,0.17625,0.25696,-0.22523,-19.63776,0.26135,0.02066,0.14088,0.05073
1768190.0,-0.60144,-18.9047,0.37598,0.02212,0.17837,0.36173,-0.19235,6.57434,0.25445,0.01853,0.13992,0.037
1768195.0,-0.44049,32.19027,0.38243,0.01749,0.17869,0.19403,-0.24687,-10.90336,0.25369,0.01588,0.13921,0.06095
1768200.0,-0.78614,-69.13013,0.4228,0.00945,0.18323,0.61801,-0.306,-11.82634,0.25892,0.01266,0.13883,0.09364
1768205.0,-0.23642,109.94453,0.40416,0.007,0.18199,0.05589,-0.14152,32.89578,0.24718,0.01112,0.13768,0.02003
1768210.0,-0.54232,-61.18192,0.41798,0.0015,0.18313,0.29412,-0.1944,-10.57445,0.24191,0.00906,0.13672,0.03779
1768215.0,-0.3243,43.60578,0.40861,-0.00176,0.18234,0.10517,0.07646,54.17213,0.22536,0.00973,0.13539,0.00585
1768220.0,-0.31351,2.15816,0.3991,-0.00487,0.18147,0.09829,-0.09251,-33.79414,0.21208,0.00871,0.13414,0.00856
1768225.0,-0.73307,-83.9136,0.4325,-0.01216,0.18485,0.5374,-0.23654,-28.80588,0.21452,0.00626,0.13339,0.05595
1768230.0,-0.24718,97.17839,0.41397,-0.01451,0.18354,0.0611,-0.12167,22.97288,0.20524,0.00498,0.13222,0.0148
1768235.0,-0.612,-72.96458,0.43377,-0.02048,0.18521,0.37455,-0.19367,-14.40001,0.20408,0.00299,0.13128,0.03751
1768240.0,-0.26088,70.22416,0.41648,-0.02288,0.18392,0.06806,0.16438,71.60945,0.20011,0.00461,0.13022,0.02702
1768245.0,-0.25487,1.20338,0.40032,-0.0252,0.18261,0.06496,-0.03972,-40.81998,0.18407,0.00416,0.12894,0.00158
1768250.0,-0.61831,-72.68926,0.42212,-0.03114,0.18423,0.38231,-0.14636,-21.32754,0.1803,0.00266,0.12787,0.02142
1768255.0,-0.14186,95.29004,0.39409,-0.03224,0.18251,0.02013,-0.01503,26.26659,0.16377,0.00248,0.1266,0.00023
1768260.0,-0.45564,-62.7545,0.40025,-0.03648,0.18244,0.2076,-0.05547,-8.08768,0.15294,0.0019,0.12536,0.00308
1768265.0,0.06576,104.27998,0.3668,-0.03545,0.18072,0.00433,0.36651,84.3945,0.1743,0.00555,0.12541,0.13433
1768270.0,0.09931,6.70876,0.34005,-0.03411,0.17909,0.00986,0.18306,-36.69004,0.17517,0.00732,0.12447,0.03351
1768275.0,-0.24085,-68.03127,0.33013,-0.03617,0.17772,0.05801,0.09481,-17.64938,0.16714,0.0082,0.1233,0.00899
1768280.0,0.13463,75.09577,0.31058,-0.03447,0.17623,0.01813,0.15647,12.33212,0.16607,0.00968,0.12228,0.02448
1768285.0,-0.27131,-81.18782,0.30665,-0.03683,0.17501,0.07361,0.02756,-25.78173,0.15222,0.00986,0.12106,0.00076
1768290.0,0.29323,112.90802,0.30531,-0.03353,0.17433,0.08599,0.48398,91.28419,0.1854,0.0146,0.12205,0.23424
1768295.0,0.24038,-10.56955,0.29882,-0.03079,0.17332,0.05778,0.269,-42.99712,0.19376,0.01714,0.12147,0.07236
1768300.0,-0.17788,-83.65354,0.28672,-0.03227,0.1718,0.03164,0.12692,-28.41514,0.18707,0.01824,0.12037,0.01611
1768305.0,0.19142,73.86027,0.27719,-0.03003,0.17057,0.03664,0.18421,11.4584,0.18679,0.0199,0.11944,0.03393
1768310.0,-0.16006,-70.29546,0.26548,-0.03133,0.16903,0.02562,0.09426,-17.99107,0.17753,0.02065,0.1183,0.00888
1768315.0,0.26954,85.9193,0.26589,-0.02832,0.16823,0.07265,0.48256,77.6599,0.20804,0.02526,0.11921,0.23286
1768320.0,0.21885,-10.1383,0.26118,-0.02585,0.16715,0.04789,0.29202,-38.10697,0.21643,0.02793,0.11871,0.08528
1768325.0,-0.19841,-83.4504,0.2549,-0.02757,0.16577,0.03937,0.14598,-29.20786,0.20939,0.02911,0.11766,0.02131
1768330.0,0.17368,74.41671,0.24678,-0.02556,0.16451,0.03016,0.1743,5.66331,0.20588,0.03056,0.11669,0.03038
1768335.0,-0.17701,-70.13696,0.2398,-0.02708,0.16309,0.03133,0.10995,-12.87,0.19629,0.03136,0.11559,0.01209
1768340.0,0.5655,148.50148,0.27237,-0.02115,0.1649,0.31979,0.71367,120.74492,0.24803,0.03818,0.11899,0.50933
1768345.0,0.41995,-29.11053,0.28713,-0.01674,0.16516,0.17636,0.42686,-57.36339,0.26591,0.04207,0.11928,0.18221
1768350.0,-0.02091,-88.17045,0.26051,-0.01678,0.1635,0.00044,0.23838,-37.69514,0.26316,0.04403,0.11847,0.05683
1768355.0,0.26967,58.11433,0.26142,-0.01392,0.16267,0.07272,0.23753,-0.16936,0.26059,0.04597,0.11765,0.05642
1768360.0,-0.15552,-85.03678,0.25083,-0.01533,0.16124,0.02419,0.12092,-23.32348,0.24663,0.04672,0.11653,0.01462
1768365.0,0.39872,110.84829,0.26562,-0.01119,0.16131,0.15898,0.54057,83.93024,0.27602,0.05165,0.11775,0.29221
1768370.0,0.27015,-25.71482,0.26608,-0.00838,0.16047,0.07298,0.24446,-59.22086,0.27286,0.05358,0.11694,0.05976
1768375.0,-0.09391,-72.81237,0.24886,-0.00923,0.15894,0.00882,0.14367,-20.15955,0.25994,0.05448,0.11585,0.02064
1768380.0,0.32924,84.63117,0.2569,-0.00585,0.15847,0.1084,0.26517,24.30157,0.26047,0.05659,0.11513,0.07032
1768385.0,-0.29119,-124.08605,0.26033,-0.0087,0.15769,0.08479,-0.01301,-55.6367,0.23572,0.05589,0.11402,0.00017
1768390.0,0.46564,151.36617,0.28086,-0.00396,0.15832,0.21682,0.57818,118.23766,0.26997,0.06112,0.11556,0.33429
1768395.0,0.14169,-64.7907,0.26694,-0.0025,0.15694,0.02008,0.17111,-81.41365,0.26008,0.06222,0.11452,0.02928
1768400.0,-0.14737,-57.81292,0.25498,-0.00395,0.15558,0.02172,0.12067,-10.08747,0.24614,0.0628,0.11341,0.01456
1768405.0,0.15718,60.91135,0.2452,-0.00234,0.15428,0.02471,0.13032,1.92941,0.23456,0.06348,0.11232,0.01698
1768410.0,-0.25885,-83.20696,0.24657,-0.00491,0.15338,0.067,-0.00352,-26.76786,0.21145,0.06281,0.11124,1e-05
1768415.0,0.43339,138.44887,0.26525,-0.00052,0.15373,0.18783,0.25617,51.93768,0.21593,0.06474,0.11049,0.06562
1768420.0,0.23706,-39.26699,0.26243,0.00185,0.15274,0.0562,0.02239,-46.75636,0.19657,0.06432,0.10941,0.0005
1768425.0,0.06172,-35.06674,0.24236,0.00245,0.15125,0.00381,0.07517,10.55657,0.18443,0.06443,0.10831,0.00565
1768430.0,0.34367,56.38984,0.25249,0.00586,0.15088,0.11811,0.08933,2.83171,0.17492,0.06467,0.10724,0.00798
1768435.0,-0.09442,-87.61913,0.23669,0.00486,0.14947,0.00892,-0.01464,-20.79368,0.15889,0.06388,0.10623,0.00021
1768440.0,0.51796,122.47694,0.26481,0.00999,0.15055,0.26829,0.22874,48.6754,0.16588,0.06553,0.10543,0.05232
1768445.0,0.49917,-3.75897,0.28825,0.01488,0.15139,0.24917,0.10261,-25.22524,0.15955,0.0659,0.10439,0.01053
1768450.0,0.10542,-78.7494,0.26997,0.01579,0.14996,0.01111,0.0145,-17.62243,0.14505,0.06539,0.10337,0.00021
1768455.0,0.38198,55.31118,0.28117,0.01945,0.14978,0.14591,0.06108,9.31701,0.13665,0.06534,0.10234,0.00373
1768460.0,-0.06269,-88.93336,0.25932,0.01863,0.14834,0.00393,-0.04044,-20.30486,0.12703,0.06429,0.10142,0.00164
1768465.0,0.60916,134.37041,0.2943,0.02454,0.15028,0.37108,0.24999,58.08533,0.13932,0.06614,0.10075,0.06249
1768470.0,0.39039,-43.7534,0.30391,0.02819,0.15009,0.15241,-0.0112,-52.23752,0.12651,0.06537,0.0998,0.00013
1768475.0,0.00618,-76.84292,0.27414,0.02797,0.14859,4e-05,-0.08742,-15.24396,0.1226,0.06384,0.09903,0.00764
1768480.0,0.16702,32.16844,0.26343,0.02936,0.14729,0.0279,-0.11799,-6.11365,0.12214,0.06202,0.09836,0.01392
1768485.0,-0.19346,-72.09614,0.25643,0.02714,0.14631,0.03743,-0.1562,-7.64165,0.12555,0.05984,0.09785,0.0244
1768490.0,0.49327,137.34633,0.28011,0.0318,0.14697,0.24332,0.12133,55.50522,0.12513,0.06046,0.0969,0.01472
1768495.0,0.28584,-41.48664,0.28069,0.03434,0.14614,0.0817,-0.12623,-49.51151,0.12524,0.05859,0.09628,0.01593
1768500.0,0.03749,-49.66926,0.25637,0.03437,0.14468,0.00141,-0.04879,15.48814,0.11759,0.05752,0.09543,0.00238
1768505.0,0.25765,44.03096,0.2565,0.0366,0.14372,0.06638,-0.03913,1.93135,0.10975,0.05655,0.09456,0.00153
1768510.0,-0.24067,-99.6636,0.25491,0.03383,0.14303,0.05792,-0.20056,-32.28563,0.11883,0.05398,0.09427,0.04022
1768515.0,0.38886,125.90547,0.26831,0.03738,0.14284,0.15121,0.06486,53.08371,0.11343,0.05409,0.09333,0.00421
1768520.0,0.12845,-52.08157,0.25432,0.03829,0.14149,0.0165,-0.19468,-51.90805,0.12156,0.0516,0.093,0.0379
1768525.0,-0.10393,-46.47535,0.23928,0.03687,0.14028,0.0108,-0.16202,6.53242,0.1256,0.04946,0.09252,0.02625
1768530.0,0.13171,47.12735,0.22853,0.03782,0.13896,0.01735,-0.13953,4.49768,0.12699,0.04757,0.09194,0.01947
1768535.0,-0.29113,-84.56821,0.23479,0.03453,0.13863,0.08476,-0.24552,-21.19675,0.13885,0.04464,0.09186,0.06028
1768540.0,0.34513,127.25217,0.24582,0.03763,0.13819,0.11911,0.0525,59.60376,0.13021,0.04472,0.09095,0.00276
1768545.0,0.08871,-51.28318,0.23011,0.03814,0.13683,0.00787,-0.20564,-51.62828,0.13775,0.04222,0.09065,0.04229
1768550.0,-0.14007,-45.75585,0.22111,0.03636,0.13578,0.01962,-0.17105,6.91703,0.14108,0.04008,0.09019,0.02926
1768555.0,0.09992,47.99756,0.20899,0.037,0.13446,0.00998,-0.14686,4.83801,0.14166,0.03821,0.08963,0.02157
1768560.0,-0.38404,-96.79217,0.22649,0.03279,0.13485,0.14749,-0.26958,-24.54324,0.15445,0.03514,0.08966,0.07267
1768565.0,0.26381,129.57004,0.23022,0.0351,0.13403,0.0696,0.00597,55.10942,0.13961,0.03485,0.08877,4e-05
1768570.0,0.01575,-49.61319,0.20878,0.0349,0.13269,0.00025,-0.24697,-50.58715,0.15034,0.03203,0.08866,0.06099
1768575.0,-0.20552,-44.25238,0.20845,0.0325,0.13193,0.04224,-0.20703,7.98711,0.15601,0.02964,0.08834,0.04286
1768580.0,-0.02122,36.85886,0.18973,0.03196,0.13064,0.00045,-0.22258,-3.11001,0.16267,0.02711,0.08808,0.04954
1768585.0,-0.6201,-119.77484,0.23276,0.02544,0.1335,0.38452,-0.42557,-40.59834,0.18896,0.02259,0.08921,0.18111
1768590.0,0.05547,135.11253,0.21503,0.02574,0.13217,0.00308,-0.13138,58.83856,0.1832,0.02105,0.08855,0.01726
1768595.0,-0.23342,-57.77782,0.21687,0.02315,0.13151,0.05449,-0.4134,-56.40285,0.20622,0.0167,0.08951,0.1709
1768600.0,-0.29976,-13.2667,0.22516,0.01992,0.13122,0.08985,-0.23813,35.05284,0.20941,0.01415,0.08925,0.05671
1768605.0,-0.1037,39.21023,0.21302,0.01869,0.13005,0.01075,-0.22236,3.15423,0.21071,0.01179,0.08891,0.04944
1768610.0,-0.50263,-79.78509,0.24198,0.01347,0.13142,0.25264,-0.31716,-18.95926,0.22135,0.0085,0.08908,0.10059
1768615.0,0.09899,120.32449,0.22768,0.01433,0.13018,0.0098,-0.07747,47.93744,0.20696,0.00764,0.08826,0.006
1768620.0,-0.19429,-58.65575,0.22434,0.01224,0.1293,0.03775,-0.36481,-57.46741,0.22275,0.00392,0.08874,0.13308
1768625.0,-0.26409,-13.96155,0.22832,0.00948,0.12876,0.06975,-0.21993,28.97512,0.22247,0.00168,0.08834,0.04837
1768630.0,-0.13443,25.93303,0.21893,0.00804,0.12767,0.01807,-0.27638,-11.28989,0.22786,-0.0011,0.08822,0.07639
1768635.0,-0.59397,-91.90858,0.25643,0.00202,0.12995,0.3528,-0.38243,-21.21055,0.24331,-0.00492,0.08876,0.14625
1768640.0,0.02002,122.79939,0.23279,0.0022,0.12865,0.0004,-0.10712,55.06252,0.22969,-0.00594,0.08797,0.01147
1768645.0,-0.32821,-69.64692,0.24233,-0.00111,0.12843,0.10772,-0.14156,-6.88794,0.22088,-0.00729,0.08727,0.02004
1768650.0,-0.06231,53.18078,0.22433,-0.00172,0.12719,0.00388,0.17793,63.89795,0.21659,-0.00544,0.08674,0.03166
1768655.0,-0.0813,-3.79866,0.21003,-0.00251,0.12598,0.00661,-0.0109,-37.76605,0.19602,-0.0055,0.08587,0.00012
1768660.0,-0.48267,-80.27366,0.23729,-0.00731,0.12698,0.23297,-0.10077,-17.97342,0.18649,-0.00645,0.0851,0.01015
1768665.0,0.05744,108.02135,0.21931,-0.00667,0.12575,0.0033,0.07306,34.76595,0.17515,-0.00565,0.08431,0.00534
1768670.0,-0.29483,-70.45315,0.22686,-0.00955,0.1253,0.08692,0.01895,-10.82291,0.15953,-0.00541,0.08347,0.00036
1768675.0,0.09726,78.41634,0.2139,-0.00848,0.12416,0.00946,0.41151,78.51317,0.18473,-0.00124,0.08434,0.16934
1768680.0,0.1258,5.70797,0.20509,-0.00714,0.1231,0.01582,0.26829,-28.64394,0.19308,0.00146,0.08421,0.07198
1768685.0,-0.23434,-72.02659,0.20801,-0.00941,0.12237,0.05491,0.16539,-20.58073,0.19032,0.0031,0.08363,0.02735
1768690.0,0.02318,51.50264,0.18953,-0.00908,0.12116,0.00054,0.12973,-7.13156,0.18426,0.00436,0.08295,0.01683
1768695.0,-0.26164,-56.96384,0.19674,-0.01161,0.12057,0.06846,0.11339,-3.26828,0.17717,0.00545,0.08224,0.01286
1768700.0,0.51403,155.13544,0.22847,-0.00635,0.12207,0.26423,0.73911,125.14298,0.23336,0.01279,0.08669,0.54628
1768705.0,0.36851,-29.10371,0.24247,-0.0026,0.12223,0.1358,0.44162,-59.49707,0.25419,0.01708,0.08763,0.19503
1768710.0,-0.01924,-77.55154,0.22015,-0.00277,0.12101,0.00037,0.31812,-24.70019,0.26058,0.02009,0.08764,0.1012
1768715.0,0.27931,59.71144,0.22607,5e-05,0.12058,0.07802,0.30923,-1.77777,0.26545,0.02298,0.08758,0.09562
1768720.0,-0.16384,-88.63086,0.21984,-0.00159,0.11964,0.02684,0.18116,-25.61376,0.25702,0.02456,0.08695,0.03282
1768725.0,0.66661,166.09062,0.26452,0.00509,0.12282,0.44437,0.79044,121.85484,0.31036,0.03222,0.09183,0.62479
1768730.0,0.50317,-32.68794,0.28839,0.01007,0.12402,0.25318,0.45785,-66.51719,0.32511,0.03648,0.09269,0.20963
1768735.0,0.03409,-93.81612,0.26296,0.01031,0.12279,0.00116,0.28512,-34.54705,0.32111,0.03896,0.09237,0.08129
1768740.0,0.32628,58.43782,0.26929,0.01347,0.12254,0.10646,0.30482,3.94073,0.31948,0.04162,0.09214,0.09291
1768745.0,-0.12437,-90.13055,0.2548,0.0121,0.1215,0.01547,0.14798,-31.3668,0.30233,0.04268,0.09133,0.0219
1768750.0,0.5731,139.49353,0.28663,0.01771,0.12337,0.32844,0.37291,44.9842,0.30939,0.04599,0.09148,0.13906
1768755.0,0.41827,-30.96594,0.29979,0.02171,0.12371,0.17495,0.13747,-47.08669,0.2922,0.0469,0.09065,0.0189
1768760.0,0.0856,-66.53434,0.27837,0.02235,0.12251,0.00733,0.11565,-4.36378,0.27454,0.04759,0.08979,0.01338
1768765.0,0.37165,57.21183,0.2877,0.02584,0.12248,0.13813,0.12576,2.02084,0.25966,0.04837,0.08895,0.01581
1768770.0,-0.08629,-91.5887,0.26756,0.02472,0.12138,0.00745,-0.01285,-27.72067,0.23498,0.04776,0.0881,0.00017
1768775.0,0.60739,138.73622,0.30154,0.03055,0.12349,0.36893,0.25646,53.8603,0.23713,0.04985,0.08765,0.06577
1768780.0,0.38235,-45.0081,0.30962,0.03407,0.12347,0.14619,0.0142,-48.45018,0.21484,0.04949,0.08678,0.0002
1768785.0,0.0515,-66.1709,0.28381,0.03424,0.12224,0.00265,-0.02184,-7.20851,0.19554,0.04878,0.08596,0.00048
1768790.0,0.34067,57.83419,0.2895,0.0373,0.12194,0.11605,0.02999,10.36482,0.17898,0.04859,0.08511,0.0009
1768795.0,-0.11626,-91.38478,0.27217,0.03577,0.12095,0.01352,-0.07168,-20.33252,0.16825,0.04739,0.0844,0.00514
1768800.0,0.58112,139.47556,0.30307,0.04122,0.12265,0.3377,0.2316,60.6554,0.17459,0.04923,0.08389,0.05364
1768805.0,0.29227,-57.7704,0.30199,0.04373,0.12205,0.08542,-0.05421,-57.16298,0.16255,0.04819,0.08315,0.00294
1768810.0,0.09942,-38.56972,0.28173,0.04429,0.12086,0.00988,0.00809,12.46126,0.1471,0.04779,0.08234,7e-05
1768815.0,0.25275,30.66655,0.27883,0.04637,0.12007,0.06388,-0.03452,-8.52341,0.13585,0.04697,0.08158,0.00119
1768820.0,-0.19679,-89.90896,0.27063,0.04394,0.11945,0.03873,-0.10232,-13.55931,0.13249,0.04548,0.08098,0.01047
1768825.0,0.51001,141.36067,0.29457,0.0486,0.12039,0.26011,0.20497,61.4585,0.13974,0.04707,0.08042,0.04201
1768830.0,0.16217,-69.56806,0.28133,0.04974,0.11931,0.0263,-0.12428,-65.85023,0.13819,0.04536,0.07991,0.01545
1768835.0,0.04743,-22.94839,0.25794,0.04972,0.11812,0.00225,-0.0085,23.15553,0.12523,0.04482,0.07914,7e-05
1768840.0,0.14079,18.67254,0.24622,0.05063,0.11702,0.01982,-0.06781,-11.86206,0.11948,0.04369,0.07847,0.0046
1768845.0,-0.29832,-87.82265,0.25143,0.04714,0.11704,0.08899,-0.18659,-23.75513,0.12619,0.04139,0.0782,0.03482
1768850.0,0.1594,91.54424,0.24223,0.04826,0.11599,0.02541,-0.07947,21.424,0.12152,0.04018,0.07756,0.00632
1768855.0,-0.21667,-75.214,0.23967,0.04561,0.11552,0.04695,-0.12378,-8.86331,0.12175,0.03854,0.07705,0.01532
1768860.0,-0.09422,24.48888,0.22513,0.04421,0.11456,0.00888,0.13003,50.76293,0.12258,0.03946,0.07636,0.01691
1768865.0,0.01507,21.85943,0.20412,0.04392,0.11342,0.00023,0.00124,-25.7584,0.11044,0.03907,0.07561,0.0
1768870.0,-0.54191,-111.39573,0.2379,0.03806,0.11565,0.29366,-0.21676,-43.59928,0.12107,0.03652,0.0755,0.04698
1768875.0,-0.056,97.18176,0.21971,0.03712,0.11458,0.00314,-0.07852,27.64812,0.11682,0.03537,0.07487,0.00617
1768880.0,-0.40869,-70.53799,0.23861,0.03266,0.11538,0.16703,-0.12278,-8.85263,0.11741,0.03378,0.07437,0.01508
1768885.0,-0.13297,55.14243,0.22805,0.03101,0.1145,0.01768,0.16889,58.33426,0.12256,0.03514,0.07381,0.02852
1768890.0,0.04748,36.09113,0.20999,0.03117,0.11335,0.00225,0.08177,-17.42446,0.11848,0.0356,0.07309,0.00669
1768895.0,-0.38209,-85.91499,0.2272,0.02704,0.11389,0.146,-0.05345,-27.04293,0.11198,0.03471,0.07244,0.00286
1768900.0,0.08847,94.11283,0.21333,0.02765,0.11279,0.00783,0.06736,24.16077,0.10752,0.03504,0.07172,0.00454
1768905.0,-0.34568,-86.83084,0.22656,0.02392,0.11303,0.1195,-0.06643,-26.75738,0.10341,0.03402,0.07111,0.00441
1768910.0,0.38444,146.02556,0.24235,0.02753,0.11317,0.1478,0.51432,116.14928,0.1445,0.03883,0.07266,0.26452
1768915.0,0.31214,-14.46151,0.24933,0.03037,0.11284,0.09743,0.27831,-47.20231,0.15788,0.04122,0.07249,0.07745
1768920.0,-0.01574,-65.57542,0.22597,0.02991,0.11173,0.00025,0.21283,-13.09564,0.16337,0.04294,0.07205,0.0453
1768925.0,0.21829,46.80581,0.2252,0.03179,0.11096,0.04765,0.19322,-3.92092,0.16636,0.04444,0.07156,0.03733
1768930.0,-0.16574,-76.80506,0.21926,0.02982,0.11023,0.02747,0.09043,-20.55872,0.15877,0.0449,0.07086,0.00818
1768935.0,0.54586,142.31865,0.25192,0.03498,0.11174,0.29796,0.62679,107.27182,0.20557,0.05072,0.07347,0.39286
1768940.0,0.38915,-31.34138,0.26564,0.03852,0.11185,0.15144,0.33056,-59.24578,0.21807,0.05352,0.0735,0.10927
1768945.0,0.0512,-67.58916,0.2442,0.03865,0.11073,0.00262,0.25786,-14.53944,0.22205,0.05556,0.07318,0.06649
1768950.0,0.47542,84.84302,0.26732,0.04302,0.1115,0.22602,0.34294,17.01666,0.23414,0.05843,0.07326,0.11761
1768955.0,-0.00472,-96.02832,0.24106,0.04254,0.1104,2e-05,0.17581,-33.42604,0.2283,0.05961,0.07266,0.03091
1768960.0,0.68967,138.87822,0.28592,0.04901,0.11341,0.47564,0.45439,55.71536,0.25091,0.06356,0.07346,0.20647
1768965.0,0.31729,-74.47462,0.28906,0.05169,0.11298,0.10068,0.06351,-78.17677,0.23217,0.06356,0.07272,0.00403
1768970.0,-0.14733,-92.9242,0.27488,0.0497,0.11223,0.02171,-0.07417,-27.53634,0.21637,0.06218,0.07218,0.0055
1768975.0,0.09978,49.42079,0.25737,0.0502,0.11114,0.00996,-0.06507,1.81983,0.20124,0.06091,0.07162,0.00423
1768980.0,-0.34161,-88.2785,0.2658,0.04629,0.11153,0.1167,-0.16116,-19.2174,0.19723,0.05868,0.07139,0.02597
1768985.0,0.32426,133.1754,0.27164,0.04907,0.11117,0.10515,0.08051,48.33472,0.18556,0.0589,0.07068,0.00648
1768990.0,-0.00944,-66.74131,0.24542,0.04848,0.11009,9e-05,-0.27049,-70.19994,0.19406,0.05561,0.07103,0.07316
1768995.0,-0.10826,-19.76357,0.23171,0.04691,0.10923,0.01172,-0.13969,26.15911,0.18862,0.05366,0.0707,0.01951
1769000.0,0.20151,61.95512,0.22869,0.04846,0.10838,0.04061,-0.04881,18.1771,0.17464,0.05263,0.07009,0.00238
1769005.0,0.01327,-37.64903,0.20715,0.04811,0.1073,0.00018,0.03945,17.65203,0.16112,0.0525,0.06939,0.00156
1769010.0,0.57541,112.42745,0.24397,0.05338,0.10896,0.33109,0.21377,34.86358,0.16638,0.05411,0.06896,0.0457
1769015.0,0.27942,-59.19751,0.24752,0.05564,0.10837,0.07807,-0.07811,-58.37688,0.15756,0.05279,0.06844,0.0061
1769020.0,0.41377,26.86991,0.26414,0.05922,0.10854,0.1712,0.21818,59.25794,0.16362,0.05444,0.06802,0.0476
1769025.0,0.5332,23.88671,0.29105,0.06396,0.10966,0.2843,0.14921,-13.79357,0.16218,0.05539,0.06743,0.02226
1769030.0,-0.02579,-111.79728,0.26452,0.06306,0.10864,0.00066,-0.045,-38.84195,0.15046,0.05439,0.06685,0.00203
1769035.0,0.47369,99.89501,0.28544,0.06717,0.10921,0.22438,0.11966,32.93152,0.14738,0.05504,0.06623,0.01432
1769040.0,0.05335,-84.06838,0.26223,0.06703,0.10812,0.00285,0.07723,-8.48446,0.14037,0.05526,0.06557,0.00597
1769045.0,0.078,4.93027,0.24381,0.06714,0.10704,0.00608,0.23577,31.70633,0.14991,0.05707,0.06523,0.05559
1769050.0,0.23318,31.03583,0.24274,0.0688,0.10624,0.05437,0.13641,-19.87043,0.14856,0.05786,0.06464,0.01861
1769055.0,-0.22864,-92.36424,0.24133,0.06583,0.10604,0.05228,-0.01069,-29.42012,0.13477,0.05718,0.06404,0.00011
1769060.0,0.22678,91.08537,0.23988,0.06744,0.10523,0.05143,0.10337,22.81132,0.13163,0.05764,0.06342,0.01069
1769065.0,-0.16804,-78.96573,0.2327,0.06508,0.10473,0.02824,0.00637,-19.39973,0.1191,0.05712,0.06281,4e-05
1769070.0,0.01411,36.43048,0.21084,0.06457,0.1037,0.0002,0.23819,46.3629,0.13101,0.05894,0.06251,0.05673
1769075.0,0.04295,5.76895,0.19405,0.06436,0.10267,0.00184,0.04434,-38.76887,0.12234,0.05879,0.06188,0.00197
1769080.0,-0.53287,-115.16393,0.22793,0.05838,0.10514,0.28395,-0.18709,-46.28685,0.12882,0.05633,0.06186,0.035
1769085.0,0.02394,111.3624,0.20753,0.05804,0.1041,0.00057,-0.0349,30.43847,0.11943,0.05542,0.06132,0.00122
1769090.0,-0.21537,-47.86324,0.20832,0.05531,0.10379,0.04638,-0.02346,2.2877,0.10983,0.05463,0.06077,0.00055
1769095.0,0.10686,64.44677,0.19817,0.05582,0.10278,0.01142,0.30589,65.87036,0.12944,0.05714,0.06078,0.09357
1769100.0,0.12629,3.88536,0.19098,0.05653,0.1018,0.01595,0.13213,-34.75165,0.12971,0.05789,0.06023,0.01746
1769105.0,-0.25851,-76.96024,0.19773,0.05338,0.10176,0.06683,0.03118,-20.19008,0.11985,0.05762,0.05963,0.00097
1769110.0,0.20295,92.29211,0.19826,0.05487,0.10096,0.04119,0.11265,16.29389,0.11913,0.05817,0.05907,0.01269
1769115.0,-0.25756,-92.10168,0.20419,0.05175,0.1009,0.06634,-0.00538,-23.60676,0.10776,0.05754,0.05851,3e-05
1769120.0,0.13718,78.94872,0.19749,0.0526,0.09997,0.01882,0.36924,74.92487,0.13391,0.06066,0.05888,0.13634
1769125.0,0.08631,-10.17478,0.18637,0.05294,0.09898,0.00745,0.11256,-51.33548,0.13177,0.06118,0.05832,0.01267
1769130.0,-0.42933,-103.1276,0.21066,0.04812,0.10027,0.18432,-0.10923,-44.35892,0.12952,0.05947,0.05802,0.01193
1769135.0,-0.14959,55.94851,0.20456,0.04614,0.09965,0.02238,-0.12592,-3.33854,0.12916,0.05762,0.05778,0.01586
1769140.0,-0.57231,-84.54426,0.24133,0.03995,0.1024,0.32754,-0.21857,-18.52886,0.1381,0.05486,0.05795,0.04777
1769145.0,0.1948,153.42134,0.23668,0.0415,0.10161,0.03795,0.38758,121.2298,0.16305,0.05818,0.05845,0.15022
1769150.0,0.07115,-24.7302,0.22013,0.0418,0.1006,0.00506,0.08119,-61.27799,0.15486,0.05841,0.05787,0.00659
1769155.0,-0.37589,-89.40732,0.2357,0.03762,0.10131,0.14129,-0.06247,-28.7317,0.14562,0.0572,0.05744,0.0039
1769160.0,0.03421,82.01955,0.21555,0.03759,0.1003,0.00117,0.01,14.4936,0.13206,0.05673,0.05688,0.0001
1769165.0,-0.40892,-88.62506,0.23489,0.03312,0.10125,0.16721,-0.12601,-27.20228,0.13146,0.0549,0.05664,0.01588
1769170.0,0.47758,177.29887,0.25916,0.03757,0.10217,0.22808,0.53756,132.71404,0.17207,0.05973,0.05836,0.28897
1769175.0,0.39065,-17.38628,0.27231,0.0411,0.10237,0.15261,0.26104,-55.30361,0.18096,0.06174,0.05817,0.06814
1769180.0,0.04272,-69.58514,0.24935,0.04111,0.10135,0.00183,0.21964,-8.2805,0.18483,0.06332,0.05784,0.04824
1769185.0,0.34023,59.50074,0.25844,0.04411,0.10121,0.11575,0.21344,-1.23881,0.18769,0.06482,0.05748,0.04556
1769190.0,-0.27321,-122.68684,0.25991,0.04093,0.10118,0.07464,-0.04075,-50.83913,0.173,0.06377,0.05701,0.00166
1769195.0,0.53208,161.05711,0.28713,0.04584,0.10254,0.28311,0.59488,127.12531,0.21519,0.06908,0.05921,0.35388
1769200.0,0.37047,-32.32154,0.29546,0.04909,0.10254,0.13725,0.31945,-55.08456,0.22561,0.07158,0.05923,0.10205
1769205.0,0.02296,-69.50233,0.26821,0.04883,0.10153,0.00053,0.24211,-15.46814,0.22726,0.07329,0.05892,0.05862
1769210.0,0.32237,59.88258,0.27363,0.05156,0.10124,0.10392,0.20393,-7.63712,0.22493,0.0746,0.0585,0.04159
1769215.0,-0.15606,-95.68579,0.26187,0.04949,0.10065,0.02435,0.04375,-32.03531,0.20681,0.07429,0.05793,0.00191
1769220.0,0.63736,158.68321,0.29942,0.05537,0.10303,0.40622,0.35911,63.07178,0.22204,0.07713,0.05814,0.12896
1769225.0,0.59848,-7.7751,0.32933,0.0608,0.10489,0.35818,0.20256,-31.30984,0.22009,0.07839,0.05771,0.04103
1769230.0,0.02049,-115.5985,0.29844,0.06039,0.10386,0.00042,-0.00579,-41.67018,0.19866,0.07755,0.05721,3e-05
1769235.0,0.3195,59.80257,0.30055,0.06299,0.10348,0.10208,0.01043,3.24455,0.17984,0.07688,0.05668,0.00011
1769240.0,-0.16115,-96.13005,0.28661,0.06074,0.10294,0.02597,-0.10134,-22.35332,0.17199,0.07509,0.05642,0.01027
1769245.0,0.5654,145.30962,0.31449,0.06579,0.10441,0.31968,0.18251,56.76938,0.17304,0.07617,0.05597,0.03331
1769250.0,0.26115,-60.85098,0.30915,0.06774,0.10374,0.0682,-0.17428,-71.35867,0.17317,0.07366,0.05603,0.03037
1769255.0,-0.01046,-54.32199,0.27928,0.06696,0.10276,0.00011,-0.15156,4.54341,0.17101,0.07141,0.05596,0.02297
1769260.0,0.22364,46.81998,0.27372,0.06853,0.10197,0.05001,-0.1385,2.61382,0.16775,0.06931,0.05584,0.01918
1769265.0,-0.24861,-94.44864,0.27121,0.06536,0.10194,0.06181,-0.23399,-19.09877,0.17438,0.06628,0.05618,0.05475
1769270.0,0.4203,133.78114,0.28612,0.06891,0.10215,0.17665,0.01775,50.34741,0.15871,0.06579,0.05564,0.00031
1769275.0,0.19869,-44.32198,0.27737,0.07021,0.1013,0.03948,-0.24514,-52.57734,0.16736,0.06268,0.05603,0.06009
1769280.0,-0.06734,-53.20502,0.25637,0.06883,0.10047,0.00453,-0.1855,11.92838,0.16917,0.0602,0.05607,0.03441
1769285.0,0.10477,34.42194,0.24121,0.06919,0.09948,0.01098,-0.24423,-11.74634,0.17668,0.05716,0.05642,0.05965
1769290.0,-0.42435,-105.82476,0.25952,0.06425,0.10087,0.18007,-0.40393,-31.93953,0.1994,0.05255,0.05794,0.16316
1769295.0,0.12843,110.55659,0.24642,0.0649,0.0999,0.01649,-0.22777,35.23217,0.20224,0.04974,0.05813,0.05188
1769300.0,0.00645,-24.39732,0.22242,0.06431,0.09894,4e-05,-0.38697,-31.84092,0.22071,0.04538,0.05942,0.14975
1769305.0,-0.17071,-35.43191,0.21725,0.06196,0.09849,0.02914,-0.29106,19.18134,0.22775,0.04201,0.05994,0.08472
1769310.0,0.01339,36.82034,0.19686,0.06147,0.09753,0.00018,-0.33698,-9.1826,0.23867,0.03822,0.06074,0.11355
1769315.0,-0.71194,-145.0647,0.24837,0.05374,0.10241,0.50685,-0.62918,-58.44151,0.27772,0.03155,0.0645,0.39587
1769320.0,0.01099,144.58466,0.22463,0.05331,0.10141,0.00012,-0.30189,65.45837,0.28014,0.02821,0.06495,0.09114
1769325.0,-0.44013,-90.22275,0.24618,0.04838,0.10278,0.19371,-0.69141,-77.90272,0.32126,0.02102,0.06937,0.47804
1769330.0,-0.49942,-11.85941,0.27151,0.0429,0.10469,0.24942,-0.54068,30.14552,0.34321,0.0154,0.07177,0.29233
1769335.0,-0.27759,44.36584,0.27211,0.0397,0.10465,0.07706,-0.55719,-3.30157,0.3646,0.00968,0.07427,0.31046
1769340.0,-0.76543,-97.56799,0.32145,0.03164,0.10996,0.58589,-0.65082,-18.72658,0.39323,0.00307,0.0778,0.42357
1769345.0,-0.10174,132.73848,0.29948,0.03031,0.10903,0.01035,-0.3945,51.26294,0.39335,-0.00091,0.07857,0.15563
1769350.0,-0.40233,-60.11738,0.30976,0.02598,0.10978,0.16187,-0.676,-56.29988,0.42162,-0.00766,0.08225,0.45698
1769355.0,-0.39525,1.41633,0.31831,0.02177,0.11042,0.15622,-0.44714,45.7737,0.42417,-0.01205,0.08332,0.19993
1769360.0,-0.31982,15.08448,0.31846,0.01836,0.11046,0.10229,-0.53883,-18.33904,0.43564,-0.01732,0.08521,0.29034
1769365.0,-0.66485,-69.00573,0.3531,0.01152,0.11393,0.44203,-0.56452,-5.13783,0.44852,-0.02279,0.08729,0.31868
1769370.0,-0.07754,117.46272,0.32554,0.01063,0.11287,0.00601,-0.36267,40.37072,0.43994,-0.02619,0.08755,0.13153
1769375.0,-0.37967,-60.42646,0.33096,0.00673,0.11323,0.14415,-0.67458,-62.38297,0.4634,-0.03267,0.0908,0.45506
1769380.0,-0.23556,28.82174,0.32142,0.00431,0.11267,0.05549,-0.34642,65.63138,0.4517,-0.03581,0.09085,0.12001
1769385.0,-0.10681,25.75021,0.29996,0.0032,0.11167,0.01141,-0.39865,-10.44567,0.4464,-0.03944,0.09123,0.15892
1769390.0,-0.54339,-87.31573,0.3243,-0.00227,0.11348,0.29527,-0.48571,-17.41095,0.45033,-0.0439,0.09227,0.23591
1769395.0,-0.0356,101.55728,0.29543,-0.0026,0.11236,0.00127,-0.30929,35.28327,0.43623,-0.04656,0.09204,0.09566
1769400.0,-0.34177,-61.23264,0.30006,-0.00599,0.11236,0.11681,-0.27991,5.87705,0.42059,-0.04889,0.09166,0.07835
1769405.0,-0.20025,28.30278,0.29008,-0.00794,0.11161,0.0401,-0.04979,46.02339,0.38351,-0.0489,0.09074,0.00248
1769410.0,-0.28108,-16.16509,0.28918,-0.01067,0.11122,0.07901,-0.30689,-51.42123,0.37585,-0.05148,0.09048,0.09418
1769415.0,-0.76757,-97.29824,0.33702,-0.01824,0.11572,0.58916,-0.45121,-28.86257,0.38339,-0.05548,0.09114,0.20359
1769420.0,-0.37099,79.31619,0.34042,-0.02177,0.11579,0.13763,-0.37368,15.50537,0.38242,-0.05866,0.09123,0.13964
1769425.0,-0.91628,-109.05812,0.398,-0.03071,0.12247,0.83957,-0.55854,-36.97283,0.40003,-0.06366,0.09276,0.31197
1769430.0,-0.64039,55.17886,0.42224,-0.03681,0.12489,0.41009,-0.27636,56.43624,0.38766,-0.06578,0.09228,0.07638
1769435.0,-0.53221,21.6346,0.43324,-0.04176,0.12605,0.28325,-0.41057,-26.84034,0.38995,-0.06923,0.09252,0.16856
1769440.0,-0.85094,-63.74481,0.47501,-0.04985,0.1312,0.72409,-0.44495,-6.87631,0.39545,-0.07299,0.09298,0.19798
1769445.0,-0.44121,81.94573,0.47163,-0.05377,0.13139,0.19466,-0.3949,10.00835,0.3954,-0.07621,0.09307,0.15595
1769450.0,-0.83825,-79.40796,0.50829,-0.06161,0.13611,0.70266,-0.4788,-16.77815,0.40374,-0.08023,0.09372,0.22925
1769455.0,-0.22013,123.62323,0.47948,-0.0632,0.135,0.04846,0.04027,103.81412,0.36739,-0.07903,0.09293,0.00162
1769460.0,-0.15459,13.10769,0.44699,-0.06411,0.13373,0.0239,-0.09803,-27.66064,0.34045,-0.07922,0.092,0.00961
1769465.0,-0.51274,-71.62981,0.45356,-0.0686,0.13436,0.2629,-0.19416,-19.22578,0.32583,-0.08037,0.09121,0.0377
1769470.0,-0.20625,61.29774,0.42883,-0.06997,0.1332,0.04254,-0.21887,-4.94344,0.31513,-0.08175,0.09049,0.04791
1769475.0,-0.62798,-84.34514,0.44875,-0.07555,0.13492,0.39436,-0.32124,-20.47389,0.31574,-0.08415,0.09014,0.1032
1769480.0,0.17904,161.40392,0.42178,-0.07301,0.13421,0.03206,0.35788,135.82539,0.31996,-0.07973,0.09116,0.12808
1769485.0,0.13308,-9.19284,0.39291,-0.07095,0.13328,0.01771,0.1365,-44.27613,0.30161,-0.07757,0.09071,0.01863
1769490.0,-0.32584,-91.78243,0.3862,-0.0735,0.13259,0.10617,-0.00481,-28.26317,0.27193,-0.07684,0.08985,2e-05
1769495.0,0.03151,71.46847,0.35073,-0.07245,0.13137,0.00099,-0.00135,0.69232,0.24487,-0.07608,0.08901,0.0
1769500.0,-0.41653,-89.60741,0.35731,-0.07589,0.13122,0.1735,-0.09872,-19.47387,0.23026,-0.07631,0.08812,0.00975
1769505.0,0.43952,171.20984,0.36553,-0.07073,0.13251,0.19318,0.57719,135.18262,0.26495,-0.06977,0.09143,0.33315
1769510.0,0.29558,-28.78201,0.35854,-0.06707,0.1325,0.08737,0.28208,-59.01131,0.26666,-0.06626,0.09173,0.07957
1769515.0,-0.18211,-95.53757,0.34089,-0.06822,0.1313,0.03316,0.12388,-31.6387,0.25239,-0.06435,0.09116,0.01535
1769520.0,0.16027,68.476,0.32283,-0.06593,0.1305,0.02569,0.14166,3.55583,0.24131,-0.06229,0.09067,0.02007
1769525.0,-0.30315,-92.68449,0.32086,-0.06831,0.12975,0.0919,-0.00168,-28.6683,0.21735,-0.06169,0.0898,0.0
1769530.0,0.61212,183.05479,0.34999,-0.0615,0.13299,0.37469,0.68401,137.13873,0.26402,-0.05423,0.09435,0.46788
1769535.0,0.44863,-32.69957,0.35985,-0.0564,0.13421,0.20126,0.37549,-61.70427,0.27516,-0.04993,0.09522,0.14099
1769540.0,0.09244,-71.23777,0.33311,-0.05491,0.13308,0.00854,0.33275,-8.54772,0.28092,-0.04611,0.0957,0.11073
1769545.0,0.40481,62.4749,0.34028,-0.05032,0.13383,0.16387,0.32641,-1.26908,0.28547,-0.04238,0.0961,0.10654
1769550.0,-0.15758,-112.47819,0.32201,-0.05139,0.1326,0.02483,0.11191,-42.8998,0.26812,-0.04084,0.09537,0.01252
1769555.0,0.67261,166.03854,0.35707,-0.04415,0.13641,0.45241,0.44346,66.31039,0.28565,-0.036,0.09672,0.19666
1769560.0,0.50084,-34.35418,0.37145,-0.0387,0.13796,0.25084,0.21742,-45.20801,0.27883,-0.03346,0.09638,0.04727
1769565.0,0.06654,-86.85989,0.34096,-0.03765,0.13669,0.00443,0.11198,-21.08747,0.26214,-0.03201,0.09562,0.01254
1769570.0,0.31085,48.86242,0.33795,-0.03416,0.13651,0.09663,0.0793,-6.53718,0.24386,-0.03089,0.09479,0.00629
1769575.0,-0.24403,-110.97698,0.32856,-0.03626,0.13558,0.05955,-0.10978,-37.81649,0.23045,-0.03168,0.0939,0.01205
1769580.0,0.52601,154.00853,0.3483,-0.03064,0.13732,0.27669,0.19673,61.30348,0.22708,-0.0294,0.09348,0.0387
1769585.0,0.29845,-45.51236,0.34332,-0.02735,0.13701,0.08907,-0.08205,-55.75707,0.21258,-0.02993,0.09257,0.00673
1769590.0,-0.04546,-68.78126,0.31353,-0.02753,0.13564,0.00207,-0.10612,-4.81339,0.20193,-0.03069,0.0917,0.01126
1769595.0,0.2108,51.25054,0.30326,-0.02514,0.13484,0.04444,-0.08578,4.06713,0.19032,-0.03124,0.09081,0.00736
1769600.0,-0.47609,-137.37671,0.32054,-0.02965,0.13549,0.22666,-0.32643,-48.12874,0.20393,-0.03419,0.09076,0.10655
1769605.0,0.10918,117.05322,0.2994,-0.02827,0.13432,0.01192,-0.11384,42.51683,0.19492,-0.03499,0.08991,0.01296
1769610.0,-0.07366,-36.56755,0.27683,-0.02872,0.133,0.00543,-0.35885,-49.00068,0.21131,-0.03823,0.09004,0.12877
1769615.0,-0.30717,-46.70213,0.27986,-0.0315,0.13243,0.09435,-0.30257,11.25469,0.22044,-0.04087,0.08983,0.09155
1769620.0,-0.02134,57.16555,0.25401,-0.0314,0.1311,0.00046,-0.23025,14.46436,0.22142,-0.04276,0.08928,0.05302
1769625.0,-0.4016,-76.05195,0.26877,-0.0351,0.13114,0.16128,-0.25678,-5.30541,0.22495,-0.0449,0.08883,0.06594
1769630.0,0.31884,144.08734,0.27378,-0.03156,0.13105,0.10166,0.01938,55.23093,0.2044,-0.04426,0.08799,0.00038
1769635.0,0.04265,-55.23815,0.25066,-0.03082,0.1298,0.00182,-0.25959,-55.79248,0.20992,-0.04641,0.08756,0.06738
1769640.0,-0.13304,-35.13778,0.2389,-0.03184,0.1286,0.0177,-0.16351,19.21568,0.20528,-0.04758,0.08682,0.02673
1769645.0,0.06399,39.40613,0.22141,-0.03089,0.1274,0.00409,-0.18435,-4.16857,0.20318,-0.04895,0.08614,0.03399
1769650.0,-0.39714,-92.22575,0.23898,-0.03455,0.12744,0.15772,-0.2647,-16.06926,0.20933,-0.05111,0.08573,0.07006
1769655.0,0.25382,130.19196,0.24047,-0.03167,0.12699,0.06442,-0.00623,51.69328,0.18902,-0.05066,0.08489,4e-05
1769660.0,-0.01575,-53.91377,0.218,-0.03151,0.12572,0.00025,-0.25265,-49.28482,0.19539,-0.05268,0.08444,0.06383
1769665.0,-0.1853,-33.91019,0.21473,-0.03304,0.12469,0.03434,-0.1267,25.19154,0.18852,-0.05342,0.08365,0.01605
1769670.0,-0.12366,12.32898,0.20562,-0.03395,0.12353,0.01529,-0.2501,-24.68159,0.19468,-0.05539,0.0832,0.06255
1769675.0,-0.56509,-88.28593,0.24157,-0.03926,0.12506,0.31932,-0.32266,-14.51173,0.20748,-0.05806,0.08306,0.10411
1769680.0,0.10626,134.26949,0.22804,-0.03781,0.12401,0.01129,-0.05637,53.25849,0.19236,-0.05804,0.08223,0.00318
1769685.0,-0.07611,-36.47371,0.21284,-0.03819,0.12279,0.00579,-0.27688,-44.10181,0.20082,-0.06023,0.08188,0.07666
1769690.0,-0.16765,-18.30817,0.20832,-0.03948,0.12172,0.02811,-0.15658,24.05987,0.19639,-0.0612,0.08115,0.02452
1769695.0,-0.17806,-2.08237,0.2053,-0.04087,0.12069,0.03171,-0.3258,-33.84393,0.20933,-0.06384,0.08103,0.10615
1769700.0,-0.68495,-101.37785,0.25326,-0.04731,0.12355,0.46916,-0.43905,-22.6507,0.23231,-0.06759,0.0816,0.19277
1769705.0,0.07308,151.60666,0.23524,-0.04611,0.12246,0.00534,-0.10847,66.11771,0.21992,-0.068,0.0808,0.01176
1769710.0,-0.0339,-21.39585,0.21511,-0.04598,0.12124,0.00115,-0.27273,-32.85242,0.2252,-0.07005,0.0804,0.07438
1769715.0,-0.27171,-47.56333,0.22077,-0.04824,0.12052,0.07383,-0.19163,16.2192,0.22184,-0.07127,0.07974,0.03672
1769720.0,-0.05605,43.13321,0.2043,-0.04832,0.11932,0.00314,-0.20647,-2.96755,0.22031,-0.07262,0.07912,0.04263
1769725.0,-0.57652,-104.09539,0.24152,-0.0536,0.12086,0.33238,-0.36159,-31.0242,0.23444,-0.07551,0.07915,0.13075
1769730.0,0.10099,135.50323,0.22747,-0.05206,0.11989,0.0102,-0.1173,48.85861,0.22272,-0.07592,0.07838,0.01376
1769735.0,-0.2225,-64.69928,0.22697,-0.05376,0.11897,0.04951,-0.42982,-62.50507,0.24343,-0.07946,0.07882,0.18475
1769740.0,-0.22524,-0.54669,0.2268,-0.05548,0.11807,0.05073,-0.18023,49.91899,0.23711,-0.08047,0.07813,0.03248
1769745.0,-0.15603,13.84134,0.21972,-0.05648,0.11699,0.02435,-0.29515,-22.98436,0.24292,-0.08262,0.0778,0.08711
1769750.0,-0.38002,-44.79877,0.23575,-0.05972,0.11685,0.14442,-0.2395,11.1307,0.24257,-0.08419,0.07726,0.05736
1769755.0,0.20708,117.42134,0.23288,-0.05705,0.11637,0.04288,-0.0269,42.51971,0.22101,-0.08361,0.07652,0.00072
1769760.0,-0.19947,-81.31116,0.22954,-0.05847,0.11541,0.03979,-0.07041,-8.70172,0.20595,-0.08348,0.07576,0.00496
1769765.0,0.0107,42.03504,0.20766,-0.05778,0.1143,0.00011,0.20222,54.5248,0.20557,-0.08062,0.0758,0.04089
1769770.0,0.05493,8.84486,0.19239,-0.05665,0.11328,0.00302,0.01598,-37.24862,0.18661,-0.07966,0.07514,0.00026
1769775.0,-0.4072,-92.4254,0.21387,-0.06016,0.11336,0.16581,-0.1125,-25.69526,0.1792,-0.07999,0.07439,0.01266
1769780.0,0.18456,118.35149,0.21094,-0.05771,0.11281,0.03406,0.08677,39.85418,0.16996,-0.07832,0.07392,0.00753
1769785.0,-0.50703,-138.31754,0.24055,-0.06221,0.11366,0.25708,-0.20017,-57.38863,0.17298,-0.07954,0.07333,0.04007
1769790.0,0.09643,120.69316,0.22613,-0.06062,0.11277,0.0093,0.30851,101.73751,0.18653,-0.07566,0.07407,0.09518
1769795.0,0.27562,35.83773,0.23108,-0.05726,0.11275,0.07597,0.24075,-13.55269,0.19196,-0.07249,0.07431,0.05796
1769800.0,-0.28307,-111.73895,0.23628,-0.05951,0.11212,0.08013,0.03693,-40.76353,0.17645,-0.0714,0.07369,0.00136
1769805.0,0.22495,101.60497,0.23515,-0.05667,0.11179,0.0506,0.13964,20.54103,0.17277,-0.06929,0.07339,0.0195
1769810.0,-0.25681,-96.3537,0.23732,-0.05867,0.11107,0.06595,-0.03322,-34.5718,0.15882,-0.06893,0.07267,0.0011
1769815.0,0.46467,144.29646,0.26005,-0.05344,0.11264,0.21592,0.58866,124.37637,0.2018,-0.06235,0.07618,0.34652
1769820.0,0.31606,-29.72237,0.26565,-0.04974,0.11285,0.09989,0.28781,-60.16996,0.2104,-0.05885,0.07662,0.08284
1769825.0,-0.32082,-127.37577,0.27117,-0.05245,0.11245,0.10293,0.02699,-52.16466,0.19206,-0.05799,0.07592,0.00073
1769830.0,0.04798,73.76163,0.24885,-0.05145,0.11142,0.0023,0.02912,0.42703,0.17577,-0.05712,0.07524,0.00085
1769835.0,-0.34389,-78.37556,0.25835,-0.05437,0.11114,0.11826,-0.02237,-10.29829,0.16043,-0.05677,0.0745,0.0005
1769840.0,0.3165,132.07851,0.26417,-0.05066,0.11138,0.10017,0.51835,108.14402,0.19622,-0.05102,0.07699,0.26869
1769845.0,0.25586,-12.12848,0.26334,-0.0476,0.11119,0.06546,0.27423,-48.82429,0.20402,-0.04777,0.07726,0.0752
1769850.0,-0.23158,-97.48769,0.26016,-0.04944,0.11041,0.05363,0.08445,-37.95663,0.19206,-0.04645,0.07666,0.00713
1769855.0,0.20055,86.42609,0.2542,-0.04694,0.10992,0.04022,0.16021,15.15243,0.18888,-0.04438,0.07631,0.02567
1769860.0,-0.35357,-110.82449,0.26414,-0.05001,0.10974,0.12501,-0.03804,-39.64913,0.17379,-0.04432,0.07555,0.00145
1769865.0,0.45383,161.48018,0.28311,-0.04497,0.11113,0.20596,0.60599,128.80563,0.21701,-0.03781,0.07894,0.36723
1769870.0,0.30556,-29.65401,0.28535,-0.04146,0.11122,0.09337,0.26994,-67.20984,0.22231,-0.03474,0.07908,0.07287
1769875.0,-0.11644,-84.39877,0.26846,-0.04221,0.11016,0.01356,0.12982,-28.02476,0.21306,-0.03309,0.07855,0.01685
1769880.0,0.30372,84.03193,0.27199,-0.03875,0.11024,0.09225,0.19974,13.98461,0.21173,-0.03076,0.0783,0.0399
1769885.0,-0.4084,-142.42551,0.28563,-0.04245,0.11047,0.16679,-0.10589,-61.12576,0.20114,-0.03151,0.07757,0.01121
1769890.0,0.47881,177.44241,0.30495,-0.03724,0.11203,0.22926,0.5665,134.47791,0.23768,-0.02553,0.0803,0.32093
1769895.0,0.10948,-73.86578,0.2854,-0.03577,0.11112,0.01199,0.11093,-91.11514,0.225,-0.02417,0.07968,0.0123
1769900.0,-0.29257,-80.41039,0.28612,-0.03834,0.11066,0.0856,0.01717,-18.7508,0.20422,-0.02376,0.0789,0.00029
1769905.0,0.22012,102.53783,0.27952,-0.03575,0.11021,0.04845,0.14958,26.48129,0.19876,-0.02202,0.0784,0.02237
1769910.0,-0.26688,-97.40006,0.27825,-0.03806,0.10963,0.07123,0.00052,-29.81112,0.17893,-0.0218,0.07763,0.0
1769915.0,0.82479,218.33516,0.33291,-0.02944,0.11583,0.68028,0.81482,162.85988,0.24252,-0.01343,0.08371,0.66394
1769920.0,0.41651,-81.65561,0.34127,-0.02498,0.11662,0.17348,0.33021,-96.922,0.25129,-0.00999,0.08403,0.10904
1769925.0,0.05198,-72.90681,0.31234,-0.02421,0.11551,0.0027,0.26207,-13.62898,0.25237,-0.00727,0.08392,0.06868
1769930.0,0.38169,65.94249,0.31927,-0.02015,0.11597,0.14569,0.23437,-5.53983,0.25057,-0.00486,0.08365,0.05493
1769935.0,0.09299,-57.74093,0.29665,-0.01902,0.11494,0.00865,0.22709,-1.45627,0.24822,-0.00254,0.08334,0.05157
1769940.0,0.85514,152.42972,0.35249,-0.01027,0.12128,0.73126,0.5088,56.34237,0.27428,0.00258,0.08507,0.25888
1769945.0,0.65959,-39.10939,0.3832,-0.00358,0.12446,0.43506,0.23839,-54.08109,0.27069,0.00493,0.08476,0.05683
1769950.0,0.19291,-93.33494,0.36418,-0.00161,0.12359,0.03722,0.1276,-22.15831,0.25638,0.00616,0.08406,0.01628
1769955.0,0.50598,62.61309,0.37836,0.00346,0.12488,0.25602,0.14362,3.20257,0.2451,0.00753,0.08341,0.02063
1769960.0,-0.0181,-104.81608,0.34233,0.00325,0.12364,0.00033,0.02211,-24.30026,0.22281,0.00768,0.08258,0.00049
1769965.0,0.75584,154.78792,0.38368,0.01077,0.12795,0.57129,0.32579,60.73589,0.2331,0.01086,0.08274,0.10614
1769970.0,0.49566,-52.03662,0.39488,0.01562,0.12898,0.24567,-0.00782,-66.72218,0.21058,0.01067,0.08192,6e-05
1769975.0,0.11694,-75.74236,0.36709,0.01664,0.12779,0.01368,-0.04151,-6.73882,0.19367,0.01015,0.08112,0.00172
1769980.0,0.21784,20.18,0.35216,0.01865,0.12691,0.04746,-0.13063,-17.82338,0.18737,0.00875,0.08051,0.01706
1769985.0,-0.2777,-99.10897,0.34471,0.01569,0.1265,0.07712,-0.25334,-24.54172,0.19396,0.00612,0.08038,0.06418
1769990.0,0.45184,145.90775,0.35543,0.02005,0.1271,0.20416,0.02985,56.63674,0.17755,0.00636,0.07958,0.00089
1769995.0,0.14996,-60.37492,0.33488,0.02135,0.12599,0.02249,-0.26211,-58.39238,0.18601,0.00368,0.07949,0.0687
1770000.0,-0.19269,-68.53169,0.32066,0.01921,0.12518,0.03713,-0.23703,5.01629,0.19111,0.00127,0.07926,0.05618
1770005.0,0.01506,41.55186,0.2901,0.01916,0.12393,0.00023,-0.28357,-9.30818,0.20036,-0.00158,0.07926,0.08041
1770010.0,-0.4598,-94.97271,0.30707,0.01437,0.12494,0.21142,-0.38901,-21.0881,0.21922,-0.00545,0.07994,0.15133
1770015.0,0.21791,135.54086,0.29816,0.01641,0.1241,0.04748,-0.14072,49.65892,0.21137,-0.00681,0.07932,0.0198
1770020.0,0.01448,-40.68414,0.26979,0.01639,0.12286,0.00021,-0.36215,-44.28667,0.22645,-0.01036,0.07977,0.13116
1770025.0,-0.16696,-36.28862,0.25951,0.01456,0.12196,0.02788,-0.25258,21.91468,0.22906,-0.01278,0.07954,0.0638
1770030.0,0.03885,41.16242,0.23744,0.0148,0.12074,0.00151,-0.29619,-8.72126,0.23578,-0.01562,0.07954,0.08773
1770035.0,-0.29235,-66.24139,0.24293,0.01173,0.12046,0.08547,-0.29616,0.00616,0.24181,-0.01842,0.07951,0.08771
1770040.0,0.29536,117.5433,0.24817,0.01456,0.12004,0.08724,-0.07688,43.85448,0.22532,-0.01901,0.07875,0.00591
1770045.0,0.08319,-42.43382,0.23168,0.01525,0.11889,0.00692,-0.30455,-45.53406,0.23324,-0.02186,0.07876,0.09275
1770050.0,-0.03247,-23.13313,0.21176,0.01477,0.11772,0.00105,-0.14825,31.26023,0.22474,-0.02313,0.07813,0.02198
1770055.0,0.01176,8.8459,0.19176,0.01474,0.11655,0.00014,-0.27468,-25.28494,0.22974,-0.02564,0.07797,0.07545
1770060.0,-0.46483,-95.31715,0.21906,0.00995,0.11764,0.21607,-0.34844,-14.7525,0.24161,-0.02887,0.07821,0.12141
1770065.0,0.21686,136.33855,0.21884,0.01202,0.11688,0.04703,-0.10101,49.48629,0.22755,-0.02959,0.07748,0.0102
1770070.0,-0.356,-114.57353,0.23256,0.00834,0.11704,0.12674,-0.58387,-96.57264,0.26318,-0.03513,0.07972,0.34091
1770075.0,-0.34981,1.23949,0.24428,0.00476,0.11712,0.12236,-0.3746,41.85337,0.27432,-0.03853,0.08005,0.14033
1770080.0,-0.12235,45.49057,0.23209,0.00348,0.11611,0.01497,-0.37166,0.58794,0.28406,-0.04186,0.08034,0.13813
1770085.0,-0.65839,-107.20846,0.27472,-0.00313,0.11924,0.43348,-0.51599,-28.86539,0.30725,-0.0466,0.08174,0.26625
1770090.0,-0.02678,126.3231,0.24993,-0.00337,0.11806,0.00072,-0.26881,49.4362,0.30341,-0.04882,0.0814,0.07226
1770095.0,-0.42511,-79.66589,0.26745,-0.00759,0.11862,0.18072,-0.32008,-10.25366,0.30507,-0.05153,0.08131,0.10245
1770100.0,-0.26188,32.64533,0.26689,-0.01013,0.11807,0.06858,-0.03356,57.30445,0.27792,-0.05136,0.0805,0.00113
1770105.0,-0.1901,14.35567,0.25921,-0.01193,0.1172,0.03614,-0.16995,-27.27811,0.26712,-0.05254,0.07983,0.02888
1770110.0,-0.64451,-90.88215,0.29774,-0.01826,0.11995,0.4154,-0.31437,-28.88422,0.27185,-0.05516,0.07971,0.09883
1770115.0,-0.08558,111.78785,0.27652,-0.01893,0.1188,0.00732,-0.1394,34.99352,0.2586,-0.056,0.07898,0.01943
1770120.0,-0.55108,-93.10012,0.30398,-0.02425,0.12039,0.30368,-0.22491,-17.10217,0.25524,-0.05769,0.07847,0.05059
1770125.0,-0.22375,65.46555,0.29596,-0.02625,0.11957,0.05006,0.12574,70.13123,0.24229,-0.05586,0.07801,0.01581
1770130.0,-0.1543,13.88922,0.28179,-0.02753,0.11854,0.02381,-0.05856,-36.86113,0.22391,-0.05588,0.07723,0.00343
1770135.0,-0.61213,-91.56472,0.31482,-0.03337,0.1207,0.3747,-0.21487,-31.26144,0.22301,-0.05747,0.07671,0.04617
1770140.0,-0.05385,111.65538,0.28873,-0.03358,0.1195,0.0029,-0.04984,33.0064,0.20569,-0.0574,0.07594,0.00248
1770145.0,-0.44804,-78.83804,0.30466,-0.03772,0.11999,0.20074,-0.12387,-14.80743,0.19751,-0.05806,0.07523,0.01534
1770150.0,0.09342,108.29194,0.28353,-0.03641,0.11896,0.00873,0.34218,93.21063,0.21198,-0.05406,0.07604,0.11709
1770155.0,-0.09354,-37.39135,0.26453,-0.03698,0.1178,0.00875,0.00877,-66.68227,0.19166,-0.05343,0.07532,8e-05
1770160.0,-0.48357,-78.00665,0.28644,-0.04145,0.11857,0.23384,-0.07198,-16.15004,0.17969,-0.05362,0.07457,0.00518
1770165.0,0.13747,124.20712,0.27154,-0.03966,0.1177,0.0189,0.09886,34.16846,0.17161,-0.05209,0.07405,0.00977
1770170.0,-0.57583,-142.65971,0.30197,-0.04502,0.11934,0.33158,-0.20057,-59.88683,0.1745,-0.05358,0.07353,0.04023
1770175.0,0.27994,171.15414,0.29977,-0.04177,0.11919,0.07837,0.48366,136.84769,0.20542,-0.0482,0.07562,0.23393
1770180.0,0.14764,-26.46028,0.28455,-0.03988,0.11834,0.0218,0.18609,-59.5155,0.20349,-0.04586,0.07541,0.03463
1770185.0,-0.26908,-83.34386,0.28301,-0.04217,0.11768,0.07241,0.08539,-20.13888,0.19168,-0.04455,0.07482,0.00729
1770190.0,0.18101,90.01824,0.27281,-0.03994,0.11699,0.03276,0.1343,9.78094,0.18594,-0.04276,0.07439,0.01804
1770195.0,-0.38909,-114.01913,0.28443,-0.04343,0.11701,0.15139,-0.06574,-40.00654,0.17392,-0.04299,0.07365,0.00432
1770200.0,0.44845,167.50661,0.30084,-0.03851,0.11821,0.2011,0.6047,134.08652,0.217,-0.03651,0.07702,0.36566
1770205.0,0.44706,-0.27632,0.31546,-0.03365,0.11934,0.19987,0.39719,-41.50188,0.23502,-0.03218,0.0781,0.15776
1770210.0,-0.00358,-90.12911,0.28427,-0.03335,0.11816,1e-05,0.24097,-31.24308,0.23561,-0.02944,0.07805,0.05807
1770215.0,0.26832,54.3803,0.28268,-0.03034,0.11787,0.072,0.19821,-8.55185,0.23187,-0.02717,0.07777,0.03929
1770220.0,-0.2385,-101.3632,0.27826,-0.03242,0.11711,0.05688,0.07314,-25.01551,0.216,-0.02617,0.07709,0.00535
1770225.0,0.50881,149.46152,0.30131,-0.02701,0.11881,0.25889,0.33194,51.76063,0.22759,-0.02258,0.07758,0.11018
1770230.0,0.20008,-61.74556,0.29119,-0.02473,0.11813,0.04003,-0.05762,-77.91199,0.21059,-0.02293,0.07682,0.00332
1770235.0,-0.07546,-55.10825,0.26962,-0.02524,0.11698,0.00569,-0.02913,5.69766,0.19245,-0.023,0.07605,0.00085
1770240.0,0.20426,55.94341,0.26308,-0.02295,0.11632,0.04172,-0.01179,3.46768,0.17438,-0.02288,0.07529,0.00014
1770245.0,-0.14721,-70.29427,0.25149,-0.02419,0.11531,0.02167,-0.04081,-5.80315,0.16103,-0.02306,0.07454,0.00167
1770250.0,0.66643,162.72853,0.29299,-0.01728,0.11883,0.44413,0.28345,64.85293,0.17327,-0.02,0.07471,0.08035
1770255.0,0.33911,-65.46474,0.2976,-0.01372,0.11889,0.11499,-0.0391,-64.51097,0.15985,-0.02019,0.07397,0.00153
1770260.0,0.19726,-28.36874,0.28757,-0.01161,0.11814,0.03891,0.12402,32.62363,0.15627,-0.01875,0.07344,0.01538
1770265.0,0.37155,34.85683,0.29596,-0.00778,0.11839,0.13805,0.07175,-10.45344,0.14782,-0.01784,0.07278,0.00515
1770270.0,0.07494,-59.32074,0.27386,-0.00695,0.11728,0.00562,0.08591,2.83271,0.14163,-0.0168,0.07216,0.00738
1770275.0,0.71418,127.84641,0.31789,0.00026,0.1212,0.51005,0.32264,47.34596,0.15973,-0.01341,0.07257,0.1041
1770280.0,0.30398,-82.03986,0.3165,0.0033,0.12089,0.0924,-0.05824,-76.1759,0.14958,-0.01386,0.07186,0.00339
1770285.0,0.23942,-12.91193,0.30879,0.00566,0.12023,0.05732,0.12813,37.27377,0.14743,-0.01244,0.07134,0.01642
1770290.0,0.33248,18.61209,0.31116,0.00893,0.12007,0.11054,-0.00955,-27.53682,0.13365,-0.01241,0.07063,9e-05
1770295.0,-0.1886,-104.21615,0.29891,0.00695,0.11926,0.03557,-0.11404,-20.89703,0.13168,-0.01343,0.07002,0.013
1770300.0,0.47946,133.61194,0.31696,0.01168,0.12025,0.22988,0.17628,58.06227,0.13614,-0.01153,0.06967,0.03107
1770305.0,0.01719,-92.45316,0.28698,0.01173,0.11905,0.0003,0.10436,-14.38208,0.13297,-0.01037,0.06911,0.01089
1770310.0,0.05839,8.23936,0.26412,0.0122,0.11788,0.00341,0.29463,38.05227,0.14913,-0.00732,0.06933,0.0868
1770315.0,0.09508,7.33761,0.24722,0.01303,0.11677,0.00904,0.11672,-35.58178,0.14589,-0.00608,0.06879,0.01362
1770320.0,-0.40191,-99.39719,0.26269,0.00888,0.11729,0.16153,-0.03391,-30.12459,0.13469,-0.00636,0.06811,0.00115
1770325.0,0.13928,108.23827,0.25035,0.01018,0.11628,0.0194,0.11011,28.80217,0.13223,-0.00519,0.06756,0.01212
1770330.0,-0.36273,-100.40205,0.26159,0.00645,0.11648,0.13157,-0.04001,-30.02335,0.12301,-0.00554,0.06689,0.0016
1770335.0,-0.05239,62.06794,0.24067,0.00586,0.11535,0.00274,0.29355,66.71182,0.14006,-0.00255,0.0671,0.08617
1770340.0,-0.00298,9.88084,0.2169,0.00578,0.1142,1e-05,0.11494,-35.72097,0.13755,-0.00138,0.06657,0.01321
1770345.0,-0.33816,-67.03598,0.22902,0.00234,0.11422,0.11436,0.06997,-8.99548,0.13079,-0.00066,0.06595,0.0049
1770350.0,0.12208,92.04966,0.21833,0.00353,0.11321,0.0149,0.11767,9.54103,0.12948,0.00052,0.06543,0.01385
1770355.0,-0.37864,-100.14538,0.23436,-0.00029,0.11351,0.14337,-0.03417,-30.36841,0.11995,0.00017,0.06479,0.00117
1770360.0,0.31457,138.64241,0.24238,0.00286,0.11335,0.09895,0.56502,119.83826,0.16446,0.00582,0.06727,0.31925
1770365.0,0.24853,-13.20743,0.243,0.00532,0.11281,0.06177,0.27079,-58.84635,0.17509,0.00847,0.06728,0.07333
1770370.0,-0.34287,-118.28125,0.25299,0.00184,0.11287,0.11756,0.01631,-50.8963,0.15921,0.00855,0.06661,0.00027
1770375.0,0.11898,92.37183,0.23959,0.00301,0.11187,0.01416,0.06904,10.54756,0.1502,0.00916,0.06598,0.00477
1770380.0,-0.4587,-115.53639,0.2615,-0.00161,0.11285,0.2104,-0.13206,-40.22154,0.14838,0.00774,0.06551,0.01744
1770385.0,0.32111,155.96214,0.26746,0.00162,0.11274,0.10311,0.49999,126.41116,0.18354,0.01267,0.06723,0.24999
1770390.0,0.17821,-28.58066,0.25853,0.00338,0.11192,0.03176,0.15815,-68.36777,0.181,0.01412,0.06677,0.02501
1770395.0,-0.25433,-86.50851,0.25811,0.00081,0.11145,0.06469,0.05332,-20.96588,0.16824,0.01451,0.06612,0.00284
